SMA_5,SMA_10,SMA_20,SMA_50,EMA_5,EMA_10,EMA_20,EMA_50,RSI,STOCH_K,STOCH_D,MACD,MACD_Signal,MACD_Hist,ADX,CCI,WILLR,ULTOSC,ROC,ATR,NATR,TRANGE,BB_Upper,BB_Middle,BB_Lower,MOM,PPO,APO,AROON_Up,AROON_Down,AROONOSC,BOP,Price_Change,High_Low_Ratio,Close_Open_Ratio,ROE,ROA,Debt_to_Equity,Profit_Margin,Operating_Margin,Asset_Turnover,Financial_Leverage,EPS_Calc,Free_Cash_Flow,Operating_Cash_Flow,Investing_Cash_Flow,Financing_Cash_Flow,Beginning_Cash_Position,End_Cash_Position,Changes_In_Cash,Cash_And_Cash_Equivalents,Net_Income,Pretax_Income,Total_Revenue,Operating_Revenue,Normalized_Income,Net_Income_Common_Stockholders,Net_Income_From_Continuing_Operations,Net_Income_From_Continuing_And_Discontinued_Operation,Net_Income_Including_Noncontrolling_Interests,Net_Income_Continuous_Operations,Diluted_NI_Availto_Com_Stockholders,Net_Income_From_Continuing_Operation_Net_Minority_Interest,Basic_EPS,Diluted_EPS,Diluted_Average_Shares,Basic_Average_Shares,Share_Issued,Ordinary_Shares_Number,Capital_Stock,Common_Stock,Total_Assets,Total_Liabilities_Net_Minority_Interest,Total_Equity_Gross_Minority_Interest,Common_Stock_Equity,Stockholders_Equity,Total_Capitalization,Invested_Capital,Net_Tangible_Assets,Tangible_Book_Value,Total_Debt,Long_Term_Debt_And_Capital_Lease_Obligation,Tax_Rate_For_Calcs,Tax_Effect_Of_Unusual_Items,Close,Date,Sector_basic-materials,Sector_communication-services,Sector_consumer-cyclical,Sector_consumer-defensive,Sector_energy,Sector_financial-services,Sector_healthcare,Sector_industrials,Sector_real-estate,Sector_technology,Sector_utilities,Target_3M_Return,Target_Direction
40.99988708496094,41.751183319091794,41.46010322570801,41.09370590209961,40.99988708496094,41.751183319091794,41.46010322570801,41.09370590209961,53.14349552983837,78.76168307413384,79.13286841335379,0.46067544908304825,0.10270871300828885,0.3579667360747594,7.846167407587677,-3.0809354878871353,-54.019988475012596,56.21152351101648,6.956140572388558,1.2681818667296747,3.1292232377059195,1.6352857893163488,42.09491784740714,40.99988708496094,39.90485632251474,2.78466796875,-1.0919401993764062,-0.45260925782032047,7.142857142857143,64.28571428571429,57.142857142857146,0.4181815659700745,0.32118140296007924,1.0129077500394812,1.0053977831246605,0.09381601690032648,0.02689977973568282,1.1792778951411562,0.061874604179860675,0.9026599113362888,0.4347466960352423,3.4876128288841945,1.6042692939244663,45239040.05061895,58003893.42768481,-31574901.504131608,8967871.550619658,276355328.5919367,311752192.06610954,35396863.47417285,311752192.06610954,24405600.29235489,33098690.2634291,394436467.3656947,356041986.660117,24405600.29235489,24405600.29235489,24405600.29235489,24405600.29235489,24405600.29235489,24405600.29235489,24405600.29235489,24405600.29235489,0.04121723693181737,0.040218031188015736,15212907.449379865,14788245.008264171,22185156.145746347,14791245.348331228,22182367.512396257,22182367.512396257,907278815.3718829,647135599.9731277,260143215.3987552,260143215.3987552,260143215.3987552,507371696.5588743,516639329.83263445,228543333.75102857,228543333.75102857,306781143.49069643,289494884.1229282,0.0065608348740887135,0.0,40.031795501708984,2021-12-31,0,0,0,0,0,0,0,1,0,0,0,5.812325884223461,1
40.99988708496094,41.751183319091794,41.46010322570801,41.09370590209961,40.99988708496094,41.751183319091794,41.46010322570801,41.09370590209961,53.14349552983837,78.76168307413384,79.13286841335379,0.46067544908304825,0.10270871300828885,0.3579667360747594,7.846167407587677,-3.0809354878871353,-54.019988475012596,56.21152351101648,6.956140572388558,1.2681818667296747,3.1292232377059195,1.6352857893163488,42.09491784740714,40.99988708496094,39.90485632251474,2.78466796875,-1.0919401993764062,-0.45260925782032047,7.142857142857143,64.28571428571429,57.142857142857146,0.47428676060267916,0.0270775135921677,1.0411667859114815,1.019226357800769,0.09381601690032648,0.02689977973568282,1.1792778951411562,0.061874604179860675,0.9026599113362888,0.4347466960352423,3.4876128288841945,1.6042692939244663,44046373.76627688,56474698.99795412,-30742471.805949185,8731445.710708668,269069593.0294429,303533265.9321565,34463672.902713604,303533265.9321565,23762179.55254142,32226087.929495785,384037681.81640637,346655419.81819123,23762179.55254142,23762179.55254142,23762179.55254142,23762179.55254142,23762179.55254142,23762179.55254142,23762179.55254142,23762179.55254142,0.04013060006314569,0.03915773703131186,14811839.659670137,14398372.871140758,21600274.42150353,14401294.11128802,21597559.306711137,21597559.306711137,883359632.9051222,630074742.5671833,253284890.33793893,253284890.33793893,253284890.33793893,493995525.98942554,503018830.60968435,222518096.9561939,222518096.9561939,298693272.3487832,281862741.8980578,0.006387867310172552,0.0,41.11575698852539,2022-01-03,0,0,0,0,0,0,0,1,0,0,0,3.5681769831073678,1
40.99988708496094,41.751183319091794,41.46010322570801,41.09370590209961,40.99988708496094,41.751183319091794,41.46010322570801,41.09370590209961,53.14349552983837,78.76168307413384,79.13286841335379,0.46067544908304825,0.10270871300828885,0.3579667360747594,7.846167407587677,-3.0809354878871353,-54.019988475012596,56.21152351101648,6.956140572388558,1.2681818667296747,3.1292232377059195,1.439057416184916,42.09491784740714,40.99988708496094,39.90485632251474,2.78466796875,-1.0919401993764062,-0.45260925782032047,7.142857142857143,64.28571428571429,57.142857142857146,-0.04716903045636068,0.015000117366002597,1.0238309663714023,0.9988816989916264,0.09381601690032648,0.02689977973568282,1.1792778951411562,0.061874604179860675,0.9026599113362888,0.4347466960352423,3.4876128288841945,1.6042692939244663,43395437.11638216,55640091.10118132,-30288146.060246855,8602408.572490998,265093164.4497713,299047518.0631968,33954353.61342547,299047518.0631968,23411011.630428147,31749836.65334421,378362204.3443812,341532393.8265019,23411011.630428147,23411011.630428147,23411011.630428147,23411011.630428147,23411011.630428147,23411011.630428147,23411011.630428147,23411011.630428147,0.039537532436239954,0.038579046801422025,14592943.790103111,14185587.395305488,21281056.082592163,14188465.464083297,21278381.092958234,21278381.092958234,870304956.4146881,620763221.3898379,249541735.02485025,249541735.02485025,249541735.02485025,486695043.2196787,495584997.48261505,219229626.82373297,219229626.82373297,294279052.02997756,277697250.5476272,0.006293464602496324,0.0,41.73249816894531,2022-01-04,0,0,0,0,0,0,0,1,0,0,0,2.5526228518589344,1
40.99988708496094,41.751183319091794,41.46010322570801,41.09370590209961,40.99988708496094,41.751183319091794,41.46010322570801,41.09370590209961,53.14349552983837,78.76168307413384,79.13286841335379,0.46067544908304825,0.10270871300828885,0.3579667360747594,7.846167407587677,-3.0809354878871353,-54.019988475012596,56.21152351101648,6.956140572388558,1.2681818667296747,3.1292232377059195,1.3082300804837743,42.09491784740714,40.99988708496094,39.90485632251474,2.78466796875,-1.0919401993764062,-0.45260925782032047,7.142857142857143,64.28571428571429,57.142857142857146,-0.6857128843984471,-0.015002298004995307,1.0319635057138157,0.9786429573263955,0.09381601690032648,0.02689977973568282,1.1792778951411562,0.061874604179860675,0.9026599113362888,0.4347466960352423,3.4876128288841945,1.6042692939244663,44056384.119972534,56487533.91859537,-30749458.601681545,8733430.093357338,269130744.0746859,303602249.48495704,34471505.41027116,303602249.48495704,23767579.9476605,32233411.90445257,384124961.4877782,346734203.6786132,23767579.9476605,23767579.9476605,23767579.9476605,23767579.9476605,23767579.9476605,23767579.9476605,23767579.9476605,23767579.9476605,0.04013972048478999,0.039166636351825386,14815205.924386125,14401645.167876167,21605183.483666733,14404567.071929323,21602467.75181425,21602467.75181425,883560392.7318622,630217938.714527,253342454.01733515,253342454.01733515,253342454.01733515,494107795.61610276,503133150.94934946,222568668.31232947,222568668.31232947,298761155.9234581,281926800.42317045,0.00638931907125225,0.0,41.106414794921875,2022-01-05,0,0,0,0,0,0,0,1,0,0,0,4.3646225802260625,1
40.99988708496094,41.751183319091794,41.46010322570801,41.09370590209961,40.99988708496094,41.751183319091794,41.46010322570801,41.09370590209961,53.14349552983837,78.76168307413384,79.13286841335379,0.46067544908304825,0.10270871300828885,0.3579667360747594,7.846167407587677,-3.0809354878871353,-54.019988475012596,56.21152351101648,6.956140572388558,1.2681818667296747,3.1292232377059195,1.5044636045434956,42.09491784740714,40.99988708496094,39.90485632251474,2.78466796875,-1.0919401993764062,-0.45260925782032047,7.142857142857143,64.28571428571429,57.142857142857146,-0.3664595831793221,-0.0022732418938733456,1.037381022097965,0.9867356079437984,0.09381601690032648,0.02689977973568282,1.1792778951411562,0.061874604179860675,0.9026599113362888,0.4347466960352423,3.4876128288841945,1.6042692939244663,44156763.1238034,56616236.31886885,-30819518.82301905,8753328.526474556,269743937.2935599,304293983.3158843,34550046.02232436,304293983.3158843,23821732.507982288,32306853.19659829,385000159.980594,347524210.27254,23821732.507982288,23821732.507982288,23821732.507982288,23821732.507982288,23821732.507982288,23821732.507982288,23821732.507982288,23821732.507982288,0.040231175678782774,0.03925587445020623,14848961.205078008,14434458.182932973,21654409.193833232,14437386.74431455,21651687.27439946,21651687.27439946,885573515.5475094,631653840.6876041,253919674.85990536,253919674.85990536,253919674.85990536,495233581.3404588,504279500.2355063,223075773.5061719,223075773.5061719,299441859.7037159,282569148.4493416,0.00640387663189507,0.0,41.012969970703125,2022-01-06,0,0,0,0,0,0,0,1,0,0,0,4.6479850258164035,1
41.468980407714845,41.751183319091794,41.46010322570801,41.09370590209961,41.45901209513346,41.751183319091794,41.46010322570801,41.09370590209961,53.14349552983837,78.76168307413384,79.13286841335379,0.46067544908304825,0.10270871300828885,0.3579667360747594,7.846167407587677,-3.0809354878871353,-54.019988475012596,56.21152351101648,6.956140572388558,1.2681818667296747,3.1292232377059195,1.6726620359270399,42.51150940865359,41.468980407714845,40.4264514067761,2.78466796875,-1.0919401993764062,-0.45260925782032047,7.142857142857143,64.28571428571429,57.142857142857146,0.7388535496129408,0.03326489512341935,1.0355928286805731,1.0262502802322104,0.09381601690032648,0.02689977973568282,1.1792778951411562,0.061874604179860675,0.9026599113362888,0.4347466960352423,3.4876128288841945,1.6042692939244663,42735181.78368874,54793535.11967159,-29827316.275307875,8471524.163635703,261059810.0899771,294497553.0979765,33437743.007999416,294497553.0979765,23054816.45646819,31266767.456315614,372605477.8379046,336336027.58857846,23054816.45646819,23054816.45646819,23054816.45646819,23054816.45646819,23054816.45646819,23054816.45646819,23054816.45646819,23054816.45646819,0.038935974568242084,0.037992072154466525,14370914.249732988,13969755.723878372,20957267.875869043,13972590.003253777,20954633.585817557,20954633.585817557,857063391.7082137,611318398.2817451,245744993.42646852,245744993.42646852,245744993.42646852,479290048.15488786,488044743.04265624,215894079.59081626,215894079.59081626,289801638.5894431,273472126.8311258,0.006197710443971053,0.0,42.37726211547851,2022-01-07,0,0,0,0,0,0,0,1,0,0,0,-0.3087061822702169,0
41.70072250366211,41.751183319091794,41.46010322570801,41.09370590209961,41.73083055284288,41.751183319091794,41.46010322570801,41.09370590209961,53.14349552983837,78.76168307413384,79.13286841335379,0.46067544908304825,0.10270871300828885,0.3579667360747594,7.846167407587677,-3.0809354878871353,-54.019988475012596,56.21152351101648,6.956140572388558,1.2681818667296747,3.1292232377059195,1.326915653644697,42.837068937783386,41.70072250366211,40.56437606954083,2.78466796875,-1.0919401993764062,-0.45260925782032047,7.142857142857143,64.28571428571429,57.142857142857146,-0.2676040446588772,-0.0024257028907783695,1.0320613714064633,0.9916703800457045,0.09381601690032648,0.02689977973568282,1.1792778951411562,0.061874604179860675,0.9026599113362888,0.4347466960352423,3.4876128288841945,1.6042692939244663,42839096.704402946,54926771.14722454,-29899844.41433756,8492123.532236695,261694603.4460573,295213653.711181,33519050.265123673,295213653.711181,23110876.576588444,31342795.766611762,373511505.7772073,337153862.6879377,23110876.576588444,23110876.576588444,23110876.576588444,23110876.576588444,23110876.576588444,23110876.576588444,23110876.576588444,23110876.576588444,0.039030651332007095,0.038084453723958446,14405858.582540803,14003724.599120123,21008227.594274607,14006565.77033275,21005586.898680184,21005586.898680184,859147428.1081805,612804880.8527126,246342547.25546783,246342547.25546783,246342547.25546783,480455490.42690676,489231473.2415581,216419047.90092906,216419047.90092906,290506320.6111389,274137101.9918971,0.006212780804327883,0.0,42.27446746826172,2022-01-10,0,0,0,0,0,0,0,1,0,0,0,-3.337728449328344,0
41.9193832397461,41.751183319091794,41.46010322570801,41.09370590209961,42.095820985017,41.751183319091794,41.46010322570801,41.09370590209961,53.14349552983837,78.76168307413384,79.13286841335379,0.46067544908304825,0.10270871300828885,0.3579667360747594,7.846167407587677,-3.0809354878871353,-54.019988475012596,56.21152351101648,6.956140572388558,1.2681818667296747,3.1292232377059195,0.9438012726967884,43.37261007038793,41.9193832397461,40.466156409104265,2.78466796875,-1.0919401993764062,-0.45260925782032047,7.142857142857143,64.28571428571429,57.142857142857146,0.5000039736467765,0.01304178181587834,1.0211967115271912,1.0105844183701023,0.09381601690032648,0.02689977973568282,1.1792778951411562,0.061874604179860675,0.9026599113362888,0.4347466960352423,3.4876128288841945,1.6042692939244663,42287591.16688536,54219650.29790602,-29514917.30256383,8382796.923750328,258325577.6252086,291413107.5443011,33087529.91909252,291413107.5443011,22813349.84541524,30939292.267323636,368702962.1894643,332813383.1593689,22813349.84541524,22813349.84541524,22813349.84541524,22813349.84541524,22813349.84541524,22813349.84541524,22813349.84541524,22813349.84541524,0.03852817527628981,0.037594158905955515,14220399.238339692,13823442.280947616,20737770.12100857,13826246.875253228,20735163.421421424,20735163.421421424,848086864.2635429,604915702.2470083,243171162.0165346,243171162.0165346,243171162.0165346,474270162.4464984,482933164.281349,213632894.3047124,213632894.3047124,286766376.10188794,270607892.8951046,0.00613279818843352,0.0,42.825801849365234,2022-01-11,0,0,0,0,0,0,0,1,0,0,0,-7.505998961210354,0
42.14738845825195,41.751183319091794,41.46010322570801,41.09370590209961,42.14602761916172,41.751183319091794,41.46010322570801,41.09370590209961,53.14349552983837,78.76168307413384,79.13286841335379,0.46067544908304825,0.10270871300828885,0.3579667360747594,7.846167407587677,-3.0809354878871353,-54.019988475012596,56.21152351101648,6.956140572388558,1.2681818667296747,3.1292232377059195,1.1306825001374747,43.35600829622796,42.14738845825195,40.938768620275944,2.78466796875,-1.0919401993764062,-0.45260925782032047,7.142857142857143,64.28571428571429,57.142857142857146,-0.27272899235167875,-0.01352831556900902,1.0270572238694953,0.9927535831264737,0.09381601690032648,0.02689977973568282,1.1792778951411562,0.061874604179860675,0.9026599113362888,0.4347466960352423,3.4876128288841945,1.6042692939244663,42867516.45717775,54963209.94675137,-29919680.177732013,8497757.26566914,261868213.4543111,295409500.4889996,33541287.0346885,295409500.4889996,23126208.4918071,31363588.793904204,373759295.8911301,337377532.8902012,23126208.4918071,23126208.4918071,23126208.4918071,23126208.4918071,23126208.4918071,23126208.4918071,23126208.4918071,23126208.4918071,0.03905654453580523,0.038109719213725114,14415415.528669933,14013014.766785879,21022164.597628947,14015857.822851121,21019522.15017882,21019522.15017882,859717392.4487553,613211419.8451942,246505972.60356104,246505972.60356104,246505972.60356104,480774227.9192365,489556032.78152966,216562621.79277703,216562621.79277703,290699044.511651,274318966.4396648,0.006216902406044217,0.0,42.24644088745117,2022-01-12,0,0,0,0,0,0,0,1,0,0,0,-8.781233828497168,0
42.502479553222656,41.751183319091794,41.46010322570801,41.09370590209961,42.36016022796003,41.751183319091794,41.46010322570801,41.09370590209961,53.14349552983837,74.89210702187823,79.94896881549737,0.46067544908304825,0.10270871300828885,0.3579667360747594,7.846167407587677,-3.0809354878871353,-54.019988475012596,56.21152351101648,6.956140572388558,1.2681818667296747,3.1292232377059195,1.1960996456356554,43.00806996175436,42.502479553222656,41.996889144690954,2.78466796875,-1.0919401993764062,-0.45260925782032047,7.142857142857143,64.28571428571429,57.142857142857146,0.376000976562505,0.01282911759476657,1.027630414536323,1.0103707242689326,0.09381601690032648,0.02689977973568282,1.1792778951411562,0.061874604179860675,0.9026599113362888,0.4347466960352423,3.4876128288841945,1.6042692939244663,42324530.08359211,54267012.067421794,-29540699.075461306,8390119.436780544,258551229.32897818,291667661.7577192,33116432.428741034,291667661.7577192,22833277.687282987,30966318.25552708,369025030.38096046,333104101.204549,22833277.687282987,22833277.687282987,22833277.687282987,22833277.687282987,22833277.687282987,22833277.687282987,22833277.687282987,22833277.687282987,0.03856183028046768,0.037626998031244224,14232820.994427163,13835517.288507193,20755884.909343533,13838324.332672743,20753275.93276079,20753275.93276079,848827682.2949008,605444106.2095733,243383576.08532754,243383576.08532754,243383576.08532754,474684445.3494419,483355014.4609895,213819506.20363566,213819506.20363566,287016871.31783247,270844273.4062666,0.006138155290013693,0.0,42.78842544555664,2022-01-13,0,0,0,0,0,0,0,1,0,0,0,-6.922918437273469,0
42.59031982421875,42.029650115966795,41.46010322570801,41.09370590209961,42.512261308793015,41.94487061934037,41.46010322570801,41.09370590209961,53.14349552983837,69.1432124919704,74.26566752932752,0.46067544908304825,0.10270871300828885,0.3579667360747594,7.846167407587677,-3.0809354878871353,-54.019988475012596,56.21152351101648,6.956140572388558,1.2681818667296747,3.1292232377059195,0.8783809936889426,43.12984109647637,42.59031982421875,42.05079855196114,2.78466796875,-1.0919401993764062,-0.45260925782032047,7.142857142857143,64.28571428571429,57.142857142857146,0.2765943631678289,0.0006552712470810906,1.0209027929996193,1.005706723303253,0.09381601690032648,0.02689977973568282,1.1792778951411562,0.061874604179860675,0.9026599113362888,0.4347466960352423,3.4876128288841945,1.6042692939244663,42296814.19740542,54231475.740682155,-29521354.580629732,8384625.232947844,258381919.08663508,291476665.47963536,33094746.393000264,291476665.47963536,22818325.494679786,30946040.205169618,368783377.2374553,332885970.5994585,22818325.494679786,22818325.494679786,22818325.494679786,22818325.494679786,22818325.494679786,22818325.494679786,22818325.494679786,22818325.494679786,0.038536578368701786,0.03760235828703629,14223500.743357206,13826457.208649369,20742293.08108897,13829262.414644089,20739685.812974054,20739685.812974054,848271834.1522721,605047635.8906597,243224198.2616124,243224198.2616124,243224198.2616124,474373601.9676982,483038493.2251457,213679488.178941,213679488.178941,286828920.5733495,270666913.1605364,0.006134135767219742,0.0,42.816463470458984,2022-01-14,0,0,0,0,0,0,0,1,0,0,0,-6.547361257881382,0
42.625830841064456,42.16327667236328,41.46010322570801,41.09370590209961,42.492181723358755,42.03708006173125,41.46010322570801,41.09370590209961,53.14349552983837,60.082353323131635,68.03922427899344,0.46067544908304825,0.10270871300828885,0.3579667360747594,7.846167407587677,-3.0809354878871353,-54.019988475012596,56.21152351101648,3.2500084197349732,1.2681818667296747,3.1292232377059195,0.9718279116002435,43.0965003786719,42.625830841064456,42.155161303457014,1.3362655639648438,-1.0919401993764062,-0.45260925782032047,7.142857142857143,64.28571428571429,57.142857142857146,-0.0673073396177972,-0.008511700603675343,1.0230292497573368,0.9984615451686984,0.09381601690032648,0.02689977973568282,1.1792778951411562,0.061874604179860675,0.9026599113362888,0.4347466960352423,3.4876128288841945,1.6042692939244663,42659922.6870939,54697040.57395474,-29774788.66730353,8456605.325602822,260600068.84998333,293978926.08223736,33378857.232254032,293978926.08223736,23014215.607559767,31211704.892545234,371949298.3043692,335743720.62901676,23014215.607559767,23014215.607559767,23014215.607559767,23014215.607559767,23014215.607559767,23014215.607559767,23014215.607559767,23014215.607559767,0.038867406092603494,0.03792516594490402,14345606.248724563,13945154.185952285,20920360.929844636,13947983.473999785,20917731.27892843,20917731.27892843,855554054.1111267,610241831.6575674,245312222.45355928,245312222.45355928,245312222.45355928,478445990.9981028,487185268.36801547,215513877.78256327,215513877.78256327,289291281.34743243,272990526.7922315,0.006186795921802162,0.0,42.452022552490234,2022-01-18,0,0,0,0,0,0,0,1,0,0,0,1.3647339099107583,1
42.36418533325195,42.141784286499025,41.46010322570801,41.09370590209961,42.167312585673415,41.94262447056243,41.46010322570801,41.09370590209961,53.14349552983837,37.03138253847002,55.41898278452405,0.46067544908304825,0.10270871300828885,0.3579667360747594,7.846167407587677,-3.0809354878871353,-54.019988475012596,56.21152351101648,-0.5150035777213846,1.2681818667296747,3.1292232377059195,1.20543664474269,43.311967815497134,42.36418533325195,41.41640285100677,-0.21492385864257812,-1.0919401993764062,-0.45260925782032047,7.142857142857143,64.28571428571429,57.142857142857146,-0.7364363550337877,-0.022011866243406675,1.0290539877589462,0.9790656513755144,0.09381601690032648,0.02689977973568282,1.1792778951411562,0.061874604179860675,0.9026599113362888,0.4347466960352423,3.4876128288841945,1.6042692939244663,43620082.09980114,55928122.935250275,-30444938.583185334,8646940.626078747,266465471.15963557,300595596.13777924,34130124.978143685,300595596.13777924,23532203.31943993,31914195.904051084,380320870.4339371,343300403.1852378,23532203.31943993,23532203.31943993,23532203.31943993,23532203.31943993,23532203.31943993,23532203.31943993,23532203.31943993,23532203.31943993,0.03974220622013908,0.038778758796620565,14668487.023069516,14259021.868074145,21391221.639353145,14261914.835738929,21388532.802111216,21388532.802111216,874810260.5548191,623976723.8417716,250833536.71304753,250833536.71304753,250833536.71304753,489214515.47711813,498150490.33025247,220364511.94427425,220364511.94427425,295802445.2057746,279134804.77890414,0.006326043955193799,0.0,41.517574310302734,2022-01-19,0,0,0,0,0,0,0,1,0,0,0,5.2442104773767975,1
42.20159225463867,42.17449035644531,41.46010322570801,41.09370590209961,41.92270022191053,41.85005192943922,41.46010322570801,41.09370590209961,53.14349552983837,15.045283522571088,37.38633979472427,0.46067544908304825,0.10270871300828885,0.3579667360747594,7.846167407587677,-3.0809354878871353,-54.019988475012596,56.21152351101648,0.7956439429091189,1.2681818667296747,3.1292232377059195,1.3923308033128876,43.41585385599044,42.20159225463867,40.9873306532869,0.3270606994628906,-1.0919401993764062,-0.45260925782032047,7.142857142857143,64.28571428571429,57.142857142857146,-0.2818776482033832,-0.0020256196879281374,1.03366474773999,0.9906166625403277,0.09381601690032648,0.02689977973568282,1.1792778951411562,0.061874604179860675,0.9026599113362888,0.4347466960352423,3.4876128288841945,1.6042692939244663,43708619.13926178,56041641.988606215,-30506733.623427328,8664491.59083102,267006324.42719662,301205724.38320655,34199399.95600991,301205724.38320655,23579967.365576345,31978973.141646527,381092819.55214995,343997210.70783997,23579967.365576345,23579967.365576345,23579967.365576345,23579967.365576345,23579967.365576345,23579967.365576345,23579967.365576345,23579967.365576345,0.039822872214125865,0.03885746925135918,14698260.108122818,14287963.848946977,21434640.068279102,14290862.688558351,21431945.773420464,21431945.773420464,876585890.1921524,625243228.8358452,251342661.35630712,251342661.35630712,251342661.35630712,490207489.41885483,499161601.8985158,220811792.65881062,220811792.65881062,296402844.6434423,279701373.38757855,0.006338884123674209,0.0,41.433475494384766,2022-01-20,0,0,0,0,0,0,0,1,0,0,0,4.3301606393275645,1
41.74931716918945,42.125898361206055,41.46010322570801,41.09370590209961,41.4574834873772,41.60950612741582,41.46010322570801,41.09370590209961,53.14349552983837,3.976906415647393,18.684524158896192,0.46067544908304825,0.10270871300828885,0.3579667360747594,7.846167407587677,-138.1958007023474,-78.39206843645603,56.21152351101648,-1.184795816395856,1.2681818667296747,3.1292232377059195,1.1493717823004914,43.36919217383386,41.74931716918945,40.12944216454505,-0.4859199523925781,-1.0919401993764062,-0.45260925782032047,7.142857142857143,64.28571428571429,57.142857142857146,-0.7154482891231466,-0.02187664600323136,1.0284985993184632,0.9801129702120851,0.09381601690032648,0.02689977973568282,1.1792778951411562,0.061874604179860675,0.9026599113362888,0.4347466960352423,3.4876128288841945,1.6042692939244663,44686203.392099135,57295065.86220551,-31189045.327229876,8858281.06999646,272978171.2461583,307942472.8511304,34964301.6049721,307942472.8511304,24107355.446759168,32694212.862800304,389616317.81405044,351691030.89320207,24107355.446759168,24107355.446759168,24107355.446759168,24107355.446759168,24107355.446759168,24107355.446759168,24107355.446759168,24107355.446759168,0.04071354809329849,0.03972655298800641,15027000.47807199,14607527.558322852,21914045.892773885,14610491.233200392,21911291.337484278,21911291.337484278,896191555.6052129,639227379.9424186,256964175.66279423,256964175.66279423,256964175.66279423,501171439.5896883,510325819.1912724,225750455.45793205,225750455.45793205,303032172.2023023,285957156.8807492,0.006480659211103092,0.0,40.52705001831055,2022-01-21,0,0,0,0,0,0,0,1,0,0,0,9.176854915081762,1
41.38487930297852,41.987599563598636,41.46010322570801,41.09370590209961,41.30308037138624,41.49764576595918,41.46010322570801,41.09370590209961,55.95671759490125,18.85335361639289,12.625181184870485,0.46067544908304825,0.10270871300828885,0.3579667360747594,7.846167407587677,-172.58843142285576,-56.833099971244096,56.21152351101648,-3.2635142220975855,1.3157623781933194,3.2096247727645197,1.9343090272206993,42.664631699408325,41.38487930297852,40.10512690654871,-1.3829879760742116,-1.0919401993764062,-0.45260925782032047,100.0,57.142857142857146,-42.85714285714286,0.7198058374091001,0.011528698014848127,1.049426925549918,1.035158042147633,0.09381601690032648,0.02689977973568282,1.1792778951411562,0.061874604179860675,0.9026599113362888,0.4347466960352423,3.4876128288841945,1.6042692939244663,44176901.23848882,56642056.69562178,-30833574.359718315,8757320.565774428,269866956.5993384,304432759.5010163,34565802.90167789,304432759.5010163,23832596.637218986,32321587.04638194,385175742.9904685,347682702.01666546,23832596.637218986,23832596.637218986,23832596.637218986,23832596.637218986,23832596.637218986,23832596.637218986,23832596.637218986,23832596.637218986,0.0402495234917209,0.03927377746767919,14855733.21603517,14441041.15581744,21664284.894517355,14443971.05279748,21661561.73372616,21661561.73372616,885977389.8298807,631941912.4706192,254035477.3592615,254035477.3592615,254035477.3592615,495459437.3577838,504509481.73077077,223177509.34894216,223177509.34894216,299578423.0314087,282698016.815487,0.006406797181159128,0.0,40.9942741394043,2022-01-24,0,0,0,0,0,0,0,1,0,0,0,7.886945985554422,1
41.08959274291992,41.85771179199219,41.46010322570801,41.09370590209961,41.19391683165658,41.40272649072974,41.46010322570801,41.09370590209961,55.812405359303455,34.62562714981796,19.151962393952775,0.46067544908304825,0.10270871300828885,0.3579667360747594,7.846167407587677,-103.74017414728272,-57.266832039281596,56.21152351101648,-3.0724874702197202,1.3072146121159434,3.1902276941501384,1.1960936531100543,41.805112248653295,41.08959274291992,40.37407323718654,-1.2988777160644531,-1.0919401993764062,-0.45260925782032047,92.85714285714286,50.0,-42.85714285714286,0.3515604510883817,-0.00045578041322291707,1.0298507170572029,1.0103685929129256,0.09381601690032648,0.02689977973568282,1.1792778951411562,0.061874604179860675,0.9026599113362888,0.4347466960352423,3.4876128288841945,1.6042692939244663,44197045.38609813,56667884.807575844,-30847634.10713862,8761313.800999021,269990012.7589197,304571577.26035595,34581564.50143625,304571577.26035595,23843464.02110319,32336325.310093883,385351378.60104334,347841241.24133444,23843464.02110319,23843464.02110319,23843464.02110319,23843464.02110319,23843464.02110319,23843464.02110319,23843464.02110319,23843464.02110319,0.040267876801248985,0.03929168584849144,14862507.255733717,14447626.100811757,21674163.55373814,14450557.333790377,21671439.151217636,21671439.151217636,886381385.1038564,632230070.553428,254151314.55042845,254151314.55042845,254151314.55042845,495685361.0364656,504739532.12329185,223279275.6694709,223279275.6694709,299715027.2703872,282826923.7876815,0.0064097186053537186,0.0,40.975589752197266,2022-01-25,0,0,0,0,0,0,0,1,0,0,0,10.330684573530432,1
40.95503158569336,41.65960845947266,41.46010322570801,41.09370590209961,41.07753406249436,41.30127958771887,41.46010322570801,41.09370590209961,54.74776875523643,48.08528730879865,33.85475602500319,0.46067544908304825,0.10270871300828885,0.3579667360747594,7.846167407587677,-54.327377804370954,-60.30366493868505,56.21152351101648,-4.625793889775531,1.3473348658398046,3.298671811648334,1.8688981642499982,41.538947576054994,40.95503158569336,40.37111559533173,-1.9810333251953125,-1.0919401993764062,-0.45260925782032047,85.71428571428572,42.85714285714286,-42.85714285714286,-0.3450012207031232,-0.0031926624807231407,1.0461361031233705,0.9844594050069103,0.09381601690032648,0.02689977973568282,1.1792778951411562,0.061874604179860675,0.9026599113362888,0.4347466960352423,3.4876128288841945,1.6042692939244663,44338603.58220269,56849385.70837915,-30946435.631090112,8789375.309779549,270854760.5907832,305547085.97785175,34692325.387068585,305547085.97785175,23919831.971182786,32439894.94556519,386585615.99281085,348955337.8559552,23919831.971182786,23919831.971182786,23919831.971182786,23919831.971182786,23919831.971182786,23919831.971182786,23919831.971182786,23919831.971182786,0.04039685030957174,0.0394175327263094,14910110.205169208,14493900.232282711,21743583.476901315,14496840.853672912,21740850.348424066,21740850.348424066,889220365.6022096,634255032.799858,254965332.80235162,254965332.80235162,254965332.80235162,497272985.8410374,506356156.4257957,223994414.23167995,223994414.23167995,300674981.0011216,283732786.810683,0.006430248217579722,0.0,40.84476852416992,2022-01-26,0,0,0,0,0,0,0,1,0,0,0,7.183700778848946,1
40.67095947265625,41.43627586364746,41.46010322570801,41.09370590209961,40.722727684729314,41.067067831624385,41.46010322570801,41.09370590209961,48.423945063730905,41.760263608928064,41.49039268918158,0.46067544908304825,0.10270871300828885,0.3579667360747594,7.846167407587677,-118.62436038218392,-79.60934671676998,56.21152351101648,-5.286423924329531,1.393266505243899,3.4820246004571245,1.9903778174971265,41.409071085756345,40.67095947265625,39.932847859556155,-2.233325958251953,-1.0919401993764062,-0.45260925782032047,78.57142857142857,35.714285714285715,-42.85714285714286,-0.2206577394437714,-0.020361324718453755,1.0501767027051458,0.989142961174331,0.09381601690032648,0.02689977973568282,1.1792778951411562,0.061874604179860675,0.9026599113362888,0.4347466960352423,3.4876128288841945,1.6042692939244663,45260160.405018575,58030973.19737887,-31589642.601846203,8972058.302264864,276484348.18372196,311897737.0815195,35413388.897797525,311897737.0815195,24416994.321205493,33114142.759055555,394620614.46451867,356208208.8640142,24416994.321205493,24416994.321205493,24416994.321205493,24416994.321205493,24416994.321205493,24416994.321205493,24416994.321205493,24416994.321205493,0.04123647966222012,0.04023680742798449,15220009.76623761,14795149.066687463,22195513.53528611,14798150.807497008,22192723.600031193,22192723.600031193,907702388.6859605,647437722.5027119,260264666.1832487,260264666.1832487,260264666.1832487,507608568.73900175,516880528.71153736,228650031.7755466,228650031.7755466,306924367.7161972,289630038.0639206,0.006563897873602919,0.0,40.01311492919922,2022-01-27,0,0,0,0,0,0,0,1,0,0,0,8.430635020904363,1
40.58872909545899,41.16902313232422,41.46010322570801,41.09370590209961,40.52045116726095,40.894127886297085,41.46010322570801,41.09370590209961,49.20485313477474,41.03508520869392,43.626878708806906,0.46067544908304825,0.10270871300828885,0.3579667360747594,7.846167407587677,-157.87974596644867,-60.750888187597106,56.21152351101648,-6.245911798350479,1.4492663577249192,3.6126982697593966,2.177264439978181,41.453407036684226,40.58872909545899,39.72405115423375,-2.672527313232422,-1.0919401993764062,-0.45260925782032047,100.0,28.571428571428573,-71.42857142857143,0.060085626110231966,0.0025687378577465836,1.057346737757925,1.0032717781409917,0.09381601690032648,0.02689977973568282,1.1792778951411562,0.061874604179860675,0.9026599113362888,0.4347466960352423,3.4876128288841945,1.6042692939244663,45144196.797646895,57882288.77091998,-31508704.99846807,8949070.486115536,275775952.0554211,311098606.3139885,35322654.258567445,311098606.3139885,24354434.164164007,33029299.147919457,393609534.7514326,355295547.73984605,24354434.164164007,24354434.164164007,24354434.164164007,24354434.164164007,24354434.164164007,24354434.164164007,24354434.164164007,24354434.164164007,0.041130825354012905,0.04013371443633987,15181013.721572036,14757241.581560995,22138645.15934608,14760235.631441263,22135862.37234149,22135862.37234149,905376713.2471205,645778885.8309444,259597827.41617602,259597827.41617602,259597827.41617602,506307996.221428,515556199.9828454,228064194.64476612,228064194.64476612,306137979.49856514,288887960.62282157,0.006547080140987065,0.0,40.11589813232422,2022-01-28,0,0,0,0,0,0,0,1,0,0,0,4.86839184940637,1
40.755062866210935,41.06997108459473,41.549810600280765,41.09370590209961,40.95561510922865,41.063548814818354,41.494945108322874,41.09370590209961,60.04417147998042,54.43950145572344,45.744950091115165,0.46067544908304825,0.10270871300828885,0.3579667360747594,7.846167407587677,-31.07830241828128,-29.522180192760892,56.21152351101648,-2.313410302974528,1.5159507763751505,3.624427013212623,2.3828482188281583,42.070351962066795,40.755062866210935,39.439773770355075,-0.9905204772949219,-1.0919401993764062,-0.45260925782032047,92.85714285714286,21.42857142857143,-71.42857142857143,0.8823518852061732,0.04262761001135207,1.0603122782729708,1.0529287247433337,0.09381601690032648,0.02689977973568282,1.1792778951411562,0.061874604179860675,0.9026599113362888,0.4347466960352423,3.4876128288841945,1.6042692939244663,43298485.82961981,55515783.59822042,-30220478.237790965,8583189.626081452,264500910.39927328,298379405.3857842,33878494.98651092,298379405.3857842,23358708.25816596,31678903.216038786,377516891.91037923,340769364.1797742,23358708.25816596,23358708.25816596,23358708.25816596,23358708.25816596,23358708.25816596,23358708.25816596,23358708.25816596,23358708.25816596,0.039449200231293585,0.03849285598326223,14560341.17627745,14153894.870864123,21233511.3196408,14156766.509646293,21230842.306296185,21230842.306296185,868360577.2124746,619376352.2375101,248984224.97496447,248984224.97496447,248984224.97496447,485607700.54412365,494477793.44461447,218739838.13097274,218739838.13097274,293621592.7518282,277076837.26088566,0.006279404149786308,0.0,41.82594299316406,2022-01-31,0,0,0,0,0,0,0,1,0,0,0,2.636290838913504,1
41.00362701416016,41.04660987854004,41.60494327545166,41.09370590209961,41.37654690346689,41.27352366520472,41.563846573429586,41.09370590209961,62.04596194844403,74.57628753429783,56.683624732905095,0.46067544908304825,0.10270871300828885,0.3579667360747594,7.846167407587677,64.90912718154073,-22.35496885374195,56.21152351101648,-0.5502966560851696,1.4790872093303182,3.5034175661648277,0.999860837747498,42.780436569550815,41.00362701416016,39.2268174587695,-0.233612060546875,-1.0919401993764062,-0.45260925782032047,85.71428571428572,14.285714285714286,-71.42857142857143,0.18556709139531224,0.009383350874920815,1.0216228534887557,1.004000006781684,0.09381601690032648,0.02689977973568282,1.1792778951411562,0.061874604179860675,0.9026599113362888,0.4347466960352423,3.4876128288841945,1.6042692939244663,42895977.818624824,54999702.095442764,-29939544.98218762,8503399.247314364,262042077.6407766,295605634.0013461,33563556.36056951,295605634.0013461,23141562.85411179,31384412.263764713,374007448.7885621,337601530.56259507,23141562.85411179,23141562.85411179,23141562.85411179,23141562.85411179,23141562.85411179,23141562.85411179,23141562.85411179,23141562.85411179,0.039082475649216436,0.03813502169408392,14424986.466892611,14022318.53596129,21036122.00581262,14025163.479638716,21033477.803941935,21033477.803941935,860288191.2603278,613618554.0415764,246669637.2187515,246669637.2187515,246669637.2187515,481093432.0674152,489881067.5012693,216706405.88768557,216706405.88768557,290892050.57456183,274501097.15076923,0.0062210300420978805,0.0,42.21841049194336,2022-02-01,0,0,0,0,0,0,0,1,0,0,0,3.806997965086887,1
41.112023162841794,41.03352737426758,41.5876558303833,41.09370590209961,41.379947691503965,41.29411013836352,41.54698016334849,41.09370590209961,55.67998548072657,81.7948742826439,70.27022109088843,0.46067544908304825,0.10270871300828885,0.3579667360747594,7.846167407587677,-2.041306628765433,-37.542702299269536,56.21152351101648,-0.3151076258618102,1.4808999572958632,3.578198296564408,1.5044656808479502,42.90291417262199,41.112023162841794,39.3211321530616,-0.13082504272460938,-1.0919401993764062,-0.45260925782032047,78.57142857142857,7.142857142857143,-71.42857142857143,-0.2571430128446146,-0.019699017908879846,1.0321322363021548,0.9919372766394442,0.09381601690032648,0.02689977973568282,1.1792778951411562,0.061874604179860675,0.9026599113362888,0.4347466960352423,3.4876128288841945,1.6042692939244663,43757966.79007876,56104913.79710816,-30541176.15828799,8674273.92470363,267307778.35375002,301545789.9172738,34238011.5635238,301545789.9172738,23606589.483107094,32015077.85580031,381523078.7494995,344385588.43677115,23606589.483107094,23606589.483107094,23606589.483107094,23606589.483107094,23606589.483107094,23606589.483107094,23606589.483107094,23606589.483107094,0.03986783280156264,0.03890133988516113,14714854.652213123,14304095.162742477,21458840.080869455,14306997.27518488,21456142.744113714,21456142.744113714,877575568.092579,625949137.3074436,251626430.7851354,251626430.7851354,251626430.7851354,490760940.6257812,499725162.42540526,221061092.30393738,221061092.30393738,296737487.6581763,280017160.20443,0.006346040813738191,0.0,41.386749267578125,2022-02-02,0,0,0,0,0,0,0,1,0,0,0,5.486562804858716,1
41.22789306640625,40.94942626953125,41.56195831298828,41.09370590209961,41.11745327667647,41.16653819448315,41.45607390465069,41.09370590209961,50.365080195672896,70.64096927205352,75.67071036299846,0.46067544908304825,0.10270871300828885,0.3579667360747594,7.846167407587677,-36.01393374230468,-49.55124743848049,56.21152351101648,-2.0297863921100445,1.448542282044616,3.5685004637625646,1.0278925037784035,42.77820298164093,41.22789306640625,39.677583151171575,-0.8410110473632741,-1.0919401993764062,-0.45260925782032047,71.42857142857143,0.0,-71.42857142857143,-0.6181829531346373,-0.01919176631683095,1.0253865319094615,0.9845874813771959,0.09381601690032648,0.02689977973568282,1.1792778951411562,0.061874604179860675,0.9026599113362888,0.4347466960352423,3.4876128288841945,1.6042692939244663,44614191.93613123,57202735.32617158,-31138784.432506837,8844006.021574331,272538269.1272335,307446226.04247254,34907956.91523907,307446226.04247254,24068506.638100617,32641526.402746484,388988454.2636732,351124283.6364873,24068506.638100617,24068506.638100617,24068506.638100617,24068506.638100617,24068506.638100617,24068506.638100617,24068506.638100617,24068506.638100617,0.04064793853926921,0.03966253396862026,15002784.588130271,14583987.645604467,21878731.584752697,14586946.54454387,21875981.4684067,21875981.4684067,894747350.149247,638197270.1807928,256550079.96845427,256550079.96845427,256550079.96845427,500363805.86127084,509503433.2540398,225386660.4216812,225386660.4216812,302543838.30349404,285496339.23126715,0.006470215681109541,0.0,40.59246444702149,2022-02-03,0,0,0,0,0,0,0,1,0,0,0,7.11325016062761,1
41.364323425292966,40.97652626037598,41.551212310791016,41.09370590209961,41.01098549337025,41.099540327624,41.39340495437518,41.09370590209961,51.651492964753345,54.43206336727382,68.95596897399047,0.46067544908304825,0.10270871300828885,0.3579667360747594,7.846167407587677,-51.83894888601477,-45.601389405367726,56.21152351101648,0.6686889579301303,1.4245033172403903,3.4915965831644207,1.1119967747854531,42.58399296045265,41.364323425292966,40.144653890133284,0.2709999084472656,-1.0919401993764062,-0.45260925782032047,64.28571428571429,7.142857142857143,-57.142857142857146,0.4285691388418786,0.005064621784780732,1.0278298056154735,1.011819195909584,0.09381601690032648,0.02689977973568282,1.1792778951411562,0.061874604179860675,0.9026599113362888,0.4347466960352423,3.4876128288841945,1.6042692939244663,44389376.53273073,56914484.98564371,-30981872.963761263,8799440.185118902,271164921.35924906,305896973.56625044,34732052.20700135,305896973.56625044,23947223.01075534,32477042.465968095,387028302.29255563,349354933.03203267,23947223.01075534,23947223.01075534,23947223.01075534,23947223.01075534,23947223.01075534,23947223.01075534,23947223.01075534,23947223.01075534,0.04044310948592253,0.03946267046808199,14927184.046622317,14510497.464040084,21768482.45429307,14513441.45278993,21765746.19606013,21765746.19606013,890238628.199216,634981329.9044298,255257298.2947862,255257298.2947862,255257298.2947862,497842422.28398335,506935994.17445445,224250914.35557893,224250914.35557893,301019289.4524937,284057694.44385225,0.006437611613091919,0.0,40.79804992675781,2022-02-04,0,0,0,0,0,0,0,1,0,0,0,8.222617673140368,1
41.33442001342773,41.04474143981933,41.516170501708984,41.09370590209961,41.23279897352613,41.204428619662885,41.42035933337163,41.09370590209961,56.80284121441761,50.948764475243514,58.67393237152367,0.46067544908304825,0.10270871300828885,0.3579667360747594,7.846167407587677,66.61516602295178,-23.653947316785082,56.21152351101648,1.66401725302876,1.4195350099866235,3.406086242232388,1.3549470156876566,42.514025540352044,41.33442001342773,40.15481448650342,0.6821517944335938,-1.0919401993764062,-0.45260925782032047,57.142857142857146,0.0,-57.142857142857146,0.11016713542171723,0.02152985274190722,1.026860921852458,1.0029232572486966,0.09381601690032648,0.02689977973568282,1.1792778951411562,0.061874604179860675,0.9026599113362888,0.4347466960352423,3.4876128288841945,1.6042692939244663,43453822.14096277,55714950.30994785,-30328896.292753696,8613982.412261533,265449825.7015302,299449862.13098586,34000036.42945568,299449862.13098586,23442509.23894016,31792553.471438803,378871259.8596368,341991897.8327677,23442509.23894016,23442509.23894016,23442509.23894016,23442509.23894016,23442509.23894016,23442509.23894016,23442509.23894016,23442509.23894016,0.03959072696443323,0.038630951765295456,14612577.406872628,14204672.947239073,21309688.009473123,14207554.888223903,21307009.42085861,21307009.42085861,871475880.8170999,621598407.7215801,249877473.09551978,249877473.09551978,249877473.09551978,487349851.7421838,496251766.71418667,219524582.42278764,219524582.42278764,294674980.5152754,278070869.5701919,0.006301931946298588,0.0,41.67642593383789,2022-02-07,0,0,0,0,0,0,0,1,0,0,0,7.780288277815789,1
41.50075225830078,41.25218963623047,41.55495071411133,41.09370590209961,41.83855655445362,41.540000091780286,41.57557003650848,41.09370590209961,63.37482556417689,65.38695667366706,56.92259483872817,0.46067544908304825,0.10270871300828885,0.3579667360747594,7.846167407587677,163.49159129689195,-1.6274884096237296,56.21152351101648,5.062726312560484,1.4222643912657245,3.303744534127989,1.4577463478940373,43.23580868850887,41.50075225830078,39.76569582809269,2.074481964111328,-0.8623495302193243,-0.3584449963691867,50.0,100.0,50.0,0.7588651139133632,0.0329597788603897,1.031508376478483,1.0237777709960938,0.09381601690032648,0.02689977973568282,1.1792778951411562,0.061874604179860675,0.9026599113362888,0.4347466960352423,3.4876128288841945,1.6042692939244663,42067293.45154474,53937192.37685637,-29361158.985506654,8339126.642244374,256979827.41824377,289894987.45183784,32915160.03359409,289894987.45183784,22694503.42471519,30778113.651737593,366782199.6686314,331079587.8326158,22694503.42471519,22694503.42471519,22694503.42471519,22694503.42471519,22694503.42471519,22694503.42471519,22694503.42471519,22694503.42471519,0.03832746228329587,0.0373983116824887,14146317.897289203,13751428.891946156,20629736.457873497,13754218.875683963,20627143.33791923,20627143.33791923,843668745.5329127,601764386.6127653,241904358.9201474,241904358.9201474,241904358.9201474,471799446.32486206,480417318.14734864,212519971.16962057,212519971.16962057,285272463.2128222,269198157.8188581,0.0061008493024299355,0.0,43.050071716308594,2022-02-08,0,0,0,0,0,0,0,1,0,0,0,2.0186670858543816,1
42.0109619140625,41.56149253845215,41.610550498962404,41.09370590209961,42.53830355176465,41.975963265345094,41.80054408506831,41.09370590209961,66.88153893062574,80.94325286390274,65.75965800427115,0.46067544908304825,0.10270871300828885,0.3579667360747594,7.846167407587677,222.73767911531837,-10.126595095014428,56.21152351101648,7.572644267494111,1.4321405297073893,3.2594727311841853,1.5605303294490298,44.60135178589776,42.0109619140625,39.420572042227235,3.093029022216797,-0.531957671858197,-0.22169140057685865,42.85714285714286,100.0,57.142857142857146,0.3805985657878609,0.020620774709228407,1.0288793126836544,1.0109654301147188,0.09381601690032648,0.02689977973568282,1.1792778951411562,0.061874604179860675,0.9026599113362888,0.4347466960352423,3.4876128288841945,1.6042692939244663,41217359.56582853,52847437.27877076,-28767941.740037143,8170641.680912448,251787768.56806242,284037905.78770846,32250137.219646066,284037905.78770846,22235980.28482301,30156268.042364884,359371677.27467287,324390406.34552956,22235980.28482301,22235980.28482301,22235980.28482301,22235980.28482301,22235980.28482301,22235980.28482301,22235980.28482301,22235980.28482301,0.03755308850558646,0.036642710602420726,13860503.575698275,13473592.966852838,20212930.17845031,13476326.581342122,20210389.45027926,20210389.45027926,826623136.074485,589606248.9852866,237016887.0891984,237016887.0891984,237016887.0891984,462267139.77997977,470710894.8318419,208226185.90158212,208226185.90158212,279508775.719459,263759237.9946918,0.0059775868310813565,0.0,43.93779754638672,2022-02-09,0,0,0,0,0,0,0,1,0,0,0,-1.9140773205140116,0
42.5884506225586,41.908171844482425,41.67222385406494,41.09370590209961,42.852171697677086,42.24940776064634,41.96048350453818,41.09370590209961,63.504089716150794,86.19922483856061,77.50981145871017,0.46067544908304825,0.10270871300828885,0.3579667360747594,8.731764514868308,150.88816561251824,-17.01843684866385,56.21152351101648,8.664141910563616,1.4032659184174918,3.22738934672149,1.0278959716488245,44.9320975373435,42.5884506225586,40.24480370777369,3.4667930603027344,-0.19214841652225673,-0.0802062841562119,35.714285714285715,92.85714285714286,57.142857142857146,-0.13636473978617009,-0.010421313366955953,1.023722284109478,0.9967865997236878,0.09381601690032648,0.02689977973568282,1.1792778951411562,0.061874604179860675,0.9026599113362888,0.4347466960352423,3.4876128288841945,1.6042692939244663,41651422.08758258,53403976.85663542,-29070898.68509353,8256687.20565552,254439360.88068807,287029126.2578855,32589765.377197415,287029126.2578855,22470148.746310428,30473845.536193773,363156242.2766035,327806581.45461875,22470148.746310428,22470148.746310428,22470148.746310428,22470148.746310428,22470148.746310428,22470148.746310428,22470148.746310428,22470148.746310428,0.0379485623658262,0.037028597217563755,14006469.382295854,13615484.194284312,20425793.776160497,13618246.596634127,20423226.29142647,20423226.29142647,835328354.6223078,595815428.272178,239512926.35012975,239512926.35012975,239512926.35012975,467135303.1589673,475667979.90910155,210419028.5363297,210419028.5363297,282452299.64527977,266536902.58033934,0.0060405371617486825,0.0,43.47990798950195,2022-02-10,0,0,0,0,0,0,0,1,0,0,0,-5.802703755756384,0
42.93793411254883,42.1511287689209,41.660075950622556,41.09370590209961,42.74993692402105,42.30323678174864,42.016196254268735,41.09370590209961,57.16024818371744,67.74649844801856,78.296325383494,0.46067544908304825,0.10270871300828885,0.3579667360747594,8.43385379544414,71.98603738156866,-31.083000529405435,52.738035778645774,6.056375047046725,1.4558816228082245,3.421942953211579,2.1398857798877486,44.50036054230406,42.93793411254883,41.375507682793604,2.4295692443847656,0.01476282090213178,0.006170443999465647,28.571428571428573,85.71428571428572,57.142857142857146,-0.46288328177655347,-0.021491319922263497,1.0512074471896462,0.9772483071513333,0.09381601690032648,0.02689977973568282,1.1792778951411562,0.061874604179860675,0.9026599113362888,0.4347466960352423,3.4876128288841945,1.6042692939244663,42566226.478720285,54576906.617111266,-29709392.74936634,8438031.643214015,260027699.35620236,293333244.86716133,33305545.51095894,293333244.86716133,22963668.288078252,31143153.00072025,371132366.7029229,335006309.2220874,22963668.288078252,22963668.288078252,22963668.288078252,22963668.288078252,22963668.288078252,22963668.288078252,22963668.288078252,22963668.288078252,0.03878203958580258,0.03784186892917706,14314098.247123497,13914525.718057653,20874412.45236352,13917348.791992567,20871788.57708648,20871788.57708648,853674956.2159694,608901525.7635161,244773430.45245337,244773430.45245337,244773430.45245337,477395155.1680219,486115238.0082236,215040533.43667138,215040533.43667138,288655895.8504494,272390943.4908279,0.006173207539935976,0.0,42.545467376708984,2022-02-11,0,0,0,0,0,0,0,1,0,0,0,-2.06458526684969,0
43.08370819091797,42.20906410217285,41.639517593383786,41.09370590209961,42.63505672457523,42.32179306246408,42.05325340392729,41.09370590209961,56.252462196038266,46.51714733892919,66.82095687516949,0.46067544908304825,0.10270871300828885,0.3579667360747594,8.157222413121698,50.60906918706622,-33.192759722609374,52.888921926995515,1.3851530678321344,1.4493396979703925,3.4178270724465416,1.3642946750785754,44.22826754819686,43.08370819091797,41.939148833639074,0.5793533325195312,0.3631187496557702,0.15196788005339812,21.42857142857143,78.57142857142857,57.142857142857146,-0.19862827580801257,-0.0032946177270607446,1.0325094430958184,0.9936501617592077,0.09381601690032648,0.02689977973568282,1.1792778951411562,0.061874604179860675,0.9026599113362888,0.4347466960352423,3.4876128288841945,1.6042692939244663,42706929.48567212,54757311.02469942,-29807597.388122335,8465923.625265758,260887223.0259473,294302860.2877902,33415637.26184284,294302860.2877902,23039574.87990152,31246096.945618745,372359147.75193965,336113675.2950219,23039574.87990152,23039574.87990152,23039574.87990152,23039574.87990152,23039574.87990152,23039574.87990152,23039574.87990152,23039574.87990152,0.03891023393227994,0.03796695553392165,14361413.615005145,13960520.295702867,20943412.99207236,13963352.701331576,20940780.4435543,20940780.4435543,856496785.7093381,610914254.6967541,245582531.01258388,245582531.01258388,245582531.01258388,478973188.72638667,487722095.8711599,215751351.6645026,215751351.6645026,289610050.2559576,273291333.964359,0.006193613127540527,0.0,42.405296325683594,2022-02-14,0,0,0,0,0,0,0,1,0,0,0,-5.222549889378601,0
43.31358261108399,42.40716743469238,41.72688865661621,41.09370590209961,43.15651908876304,42.663184108768554,42.25765249089981,41.09370590209961,64.10941882425965,49.759764605458905,54.674470130802256,0.46067544908304825,0.10270871300828885,0.3579667360747594,8.524852365655377,113.02622840252707,-6.188473628075668,57.836338507023186,4.6923446480140685,1.4853158409450784,3.3604853651328885,1.9530056996159928,44.760522411594906,43.31358261108399,41.86664281057307,1.9810333251953125,1.0070876791298375,0.4221794421856231,14.285714285714286,71.42857142857143,57.142857142857146,0.7207196370884651,0.042309514303957796,1.0239430672074605,1.0172042846679688,0.09381601690032648,0.02689977973568282,1.1792778951411562,0.061874604179860675,0.9026599113362888,0.4347466960352423,3.4876128288841945,1.6042692939244663,40973366.259820916,52534597.71137723,-28597644.921266507,8122274.150897686,250297267.21833175,282356494.1593402,32059226.941008415,282356494.1593402,22104350.54436501,29977752.785346612,357244314.3249985,322470121.09399647,22104350.54436501,22104350.54436501,22104350.54436501,22104350.54436501,22104350.54436501,22104350.54436501,22104350.54436501,22104350.54436501,0.03733078648741276,0.03642579772408155,13778453.921717802,13393833.697302034,20093276.233843196,13396551.129686408,20090750.54595305,20090750.54595305,821729797.1047465,586115972.5714637,235613824.53328276,235613824.53328276,235613824.53328276,459530669.3005095,467924440.08040655,206993554.89293295,206993554.89293295,277854175.0617674,262197869.4561373,0.005942201469470947,0.0,44.19944381713867,2022-02-15,0,0,0,0,0,0,0,1,0,0,0,-10.507396506262957,0
43.38833847045898,42.69965019226074,41.86658878326416,41.09370590209961,43.5415383402626,42.9628918786764,42.45326433398189,41.09370590209961,64.53808869854272,66.58341517732653,54.28677570723824,0.46067544908304825,0.10270871300828885,0.3579667360747594,8.959219853551522,108.52232356863645,-4.500723689737671,59.576316197141885,7.0670628339850605,1.4399610366813216,3.249627161260208,0.8503485812524829,44.98720043881767,43.38833847045898,41.78947650210029,2.9248275756835938,1.3118478134435678,0.5509652357835009,7.142857142857143,64.28571428571429,57.142857142857146,0.5824163386445695,0.0025369782159920806,1.0194735685068779,1.0113030238045573,0.09381601690032648,0.02689977973568282,1.1792778951411562,0.061874604179860675,0.9026599113362888,0.4347466960352423,3.4876128288841945,1.6042692939244663,40869680.77001285,52401655.8519988,-28525276.915127683,8101720.263078195,249663875.40510884,281641974.60505813,31978099.199949313,281641974.60505813,22048414.197847903,29901892.335873563,356340286.7799574,321654091.67034405,22048414.197847903,22048414.197847903,22048414.197847903,22048414.197847903,22048414.197847903,22048414.197847903,22048414.197847903,22048414.197847903,0.037236318757880284,0.03633362012132561,13743586.741544906,13359939.821009168,20042429.02800358,13362650.376772618,20039909.731513754,20039909.731513754,819650361.9916435,584632771.9646343,235017590.02700928,235017590.02700928,235017590.02700928,458367800.1765494,466740330.030594,206469745.64596772,206469745.64596772,277151048.8881987,261534362.4758028,0.005927164382549814,0.0,44.31157684326172,2022-02-16,0,0,0,0,0,0,0,1,0,0,0,-9.342051412816824,0
43.36030578613281,42.974378204345705,41.96190223693848,41.09370590209961,43.47427374946543,43.03141054943907,42.537691022923724,41.09370590209961,58.06516354458575,78.24840858724149,64.86386279000901,0.46067544908304825,0.10270871300828885,0.3579667360747594,8.837776135679492,62.65200158017168,-24.908553996369022,52.20063318612282,6.767955969845496,1.4312196028864501,3.3023258839126877,1.3175809635531195,44.95667584997836,43.36030578613281,41.763935722287265,2.7472801208496023,1.486574174720188,0.624642714475975,0.0,57.142857142857146,57.142857142857146,-0.5254226877444813,-0.021931791748873608,1.0256466061339438,0.9868085333641539,0.09381601690032648,0.02689977973568282,1.1792778951411562,0.061874604179860675,0.9026599113362888,0.4347466960352423,3.4876128288841945,1.6042692939244663,41786125.36961149,53576688.629617825,-29164915.774262242,8283389.844114039,255262233.55273986,287957396.2522095,32695162.69946962,287957396.2522095,22542818.600834027,30572399.842482176,364330712.08512723,328866728.2678479,22542818.600834027,22542818.600834027,22542818.600834027,22542818.600834027,22542818.600834027,22542818.600834027,22542818.600834027,22542818.600834027,0.038071290369883465,0.037148349997280235,14051767.172884261,13659517.514527885,20491852.05993071,13662288.85065821,20489276.271791827,20489276.271791827,838029858.3237379,597742332.3164855,240287526.00725237,240287526.00725237,240287526.00725237,468646047.6986079,477206319.6545029,211099536.72367504,211099536.72367504,283365767.89850837,267398899.45247242,0.006060072633531474,0.0,43.339744567871094,2022-02-17,0,0,0,0,0,0,0,1,0,0,0,-6.899528872429047,0
43.44440612792969,43.191170120239256,42.08384819030762,41.09370590209961,43.304838861541405,43.019512101485304,42.57847940985417,41.09370590209961,55.749222620117386,62.83633161379918,69.22271845945576,0.4377988965133994,0.16972674970931095,0.2680721468040885,8.573789608810795,38.282027063932226,-35.34141051970117,47.10657498209655,5.313781327361178,1.4044130940038404,3.2686638376590844,1.0559284785299141,44.89813847972387,43.44440612792969,41.99067377613551,2.167919158935547,1.7327678207779134,0.7285702045147247,0.0,50.0,50.0,-0.23893823234522552,-0.008624312069776763,1.0246725128152592,0.9941621522645693,0.09381601690032648,0.02689977973568282,1.1792778951411562,0.061874604179860675,0.9026599113362888,0.4347466960352423,3.4876128288841945,1.6042692939244663,42149636.99266403,54042770.34619872,-29418631.230661146,8355449.851113411,257482845.9689907,290462434.9356417,32979588.966650985,290462434.9356417,22738926.19648413,30838359.478343368,367500148.0475787,331727651.0527004,22738926.19648413,22738926.19648413,22738926.19648413,22738926.19648413,22738926.19648413,22738926.19648413,22738926.19648413,22738926.19648413,0.038402485388125705,0.03747151604538326,14174008.243253669,13778346.272588132,20670117.60467239,13781141.717507819,20667519.408882197,20667519.408882197,845320163.2101368,602942294.8271421,242377868.3829946,242377868.3829946,242377868.3829946,472722958.01104313,481357698.6649793,212935962.9187649,212935962.9187649,285830862.45549804,269725092.8260538,0.006112791252914007,0.0,42.96596908569336,2022-02-18,0,0,0,0,0,0,0,1,0,0,0,-1.892123522553972,0
43.48925933837891,43.28648376464844,42.165612602233885,41.09370590209961,43.0797467003375,42.948612151747916,42.58334445443279,41.09370590209961,53.674231795429485,39.24952337607322,60.111421192371324,0.38805064762426156,0.21339152929230107,0.1746591183319605,8.117436331077695,-2.561216251932457,-42.570432343629896,49.1411220935086,2.2869918010841817,1.3835259463339944,3.245461292960112,1.1119930266259956,44.82067491337242,43.48925933837891,42.157843763385394,0.9531364440917969,2.151350223501142,0.9044384834093933,21.42857142857143,42.85714285714286,21.42857142857143,0.1932771492958839,-0.007829608290522372,1.0264092008531174,1.0050671854005089,0.09381601690032648,0.02689977973568282,1.1792778951411562,0.061874604179860675,0.9026599113362888,0.4347466960352423,3.4876128288841945,1.6042692939244663,42482256.41972803,54469243.184212305,-29650785.26479085,8421386.004794236,259514744.76612437,292754588.69034004,33239843.924215693,292754588.69034004,22918368.04090242,31081717.148613825,370400236.8125376,334345444.9201456,22918368.04090242,22918368.04090242,22918368.04090242,22918368.04090242,22918368.04090242,22918368.04090242,22918368.04090242,22918368.04090242,0.038705534562424766,0.037767218573032654,14285860.93849496,13887076.64300331,20833233.66368396,13889894.147882557,20830614.964504965,20830614.964504965,851990918.3680409,607700350.5298036,244290567.8382373,244290567.8382373,244290567.8382373,476453401.51358145,485156282.31519336,214616324.67371163,214616324.67371163,288086466.64311427,271853600.0266307,0.0061610297021481,0.0,42.62956237792969,2022-02-22,0,0,0,0,0,0,0,1,0,0,0,-3.0469032715995694,0
42.87439041137695,43.09398651123047,42.17308807373047,41.09370590209961,42.428197527601306,42.617064339089914,42.44446395230861,41.09370590209961,45.5152509929743,20.752722475146175,40.946192488339555,0.22463771167715407,0.21564076576927166,0.008996945907882414,8.394862647574966,-68.79857777422292,-74.89974393209481,43.36512914620461,-4.471473466675901,1.4355495751372267,3.490689636466703,2.111856749579246,44.954853158985955,42.87439041137695,40.793927663767946,-1.9249725341796875,2.374590426187326,0.9967450606517332,14.285714285714286,35.714285714285715,21.42857142857143,-0.915929890656702,-0.0352915468017958,1.0514104227319863,0.9550780506235473,0.09381601690032648,0.02689977973568282,1.1792778951411562,0.061874604179860675,0.9026599113362888,0.4347466960352423,3.4876128288841945,1.6042692939244663,44036367.96059031,56461869.90860888,-30735488.18453128,8729462.229625577,269008469.7669854,303464313.7206886,34455843.95370318,303464313.7206886,23756781.610986598,32218767.28204426,383950441.79885197,346576671.7516807,23756781.610986598,23756781.610986598,23756781.610986598,23756781.610986598,23756781.610986598,23756781.610986598,23756781.610986598,23756781.610986598,0.04012148378518719,0.03914884175403114,14808474.92435091,14395102.061109588,21595367.589677032,14398022.637652589,21592653.09166438,21592653.09166438,883158964.2896962,629931611.4782178,253227352.81147844,253227352.81147844,253227352.81147844,493883307.3702649,502904562.2092373,222467548.57616827,222467548.57616827,298625419.61568725,281798712.4766875,0.006386416208672203,0.0,41.125099182128906,2022-02-23,0,0,0,0,0,0,0,1,0,0,0,-0.9997682895857021,0
42.298770141601565,42.84355430603027,42.202523422241214,41.09370590209961,42.09662351652913,42.40186636732534,42.34817933726824,41.09370590209961,47.28411995296845,25.161581276315644,28.38794237584504,0.11864747951477028,0.19624210851837137,-0.07759462900360109,9.993365562894256,-158.67510229495403,-51.98776802257956,55.23957094134008,-5.6996986463831,1.5546082409048265,3.7520585042775703,3.102370895883624,44.03415345104536,42.298770141601565,40.56338683215777,-2.504322052001953,2.4219462275436885,1.0156740775475157,100.0,28.571428571428573,-71.42857142857143,0.8493975765180081,0.007498494067823769,1.0805825153724427,1.0679190670456005,0.09381601690032648,0.02689977973568282,1.1792778951411562,0.061874604179860675,0.9026599113362888,0.4347466960352423,3.4876128288841945,1.6042692939244663,43708619.13926178,56041641.988606215,-30506733.623427328,8664491.59083102,267006324.42719662,301205724.38320655,34199399.95600991,301205724.38320655,23579967.365576345,31978973.141646527,381092819.55214995,343997210.70783997,23579967.365576345,23579967.365576345,23579967.365576345,23579967.365576345,23579967.365576345,23579967.365576345,23579967.365576345,23579967.365576345,0.039822872214125865,0.03885746925135918,14698260.108122818,14287963.848946977,21434640.068279102,14290862.688558351,21431945.773420464,21431945.773420464,876585890.1921524,625243228.8358452,251342661.35630712,251342661.35630712,251342661.35630712,490207489.41885483,499161601.8985158,220811792.65881062,220811792.65881062,296402844.6434423,279701373.38757855,0.006338884123674209,0.0,41.433475494384766,2022-02-24,0,0,0,0,0,0,0,1,0,0,0,-3.811458728170792,0
42.06702728271485,42.71366653442383,42.310919189453124,41.09370590209961,42.12475910216525,42.36171435025482,42.33226037880817,41.09370590209961,51.402980042204646,40.84676937118916,28.92035770755035,0.09388859077049716,0.17577140496879654,-0.08188281419829938,10.674620745684349,-51.67707108903072,-39.75542417062597,51.57743793326326,-2.9873055765850753,1.5310023521946672,3.629599235177476,1.2241257989625964,43.460197823762364,42.06702728271485,40.67385674166733,-1.2988777160644531,2.1870761999031676,0.9177364202646103,92.85714285714286,21.42857142857143,-71.42857142857143,0.30769174338847,0.018042289963197566,1.0233131786885925,1.0071396630299658,0.09381601690032648,0.02689977973568282,1.1792778951411562,0.061874604179860675,0.9026599113362888,0.4347466960352423,3.4876128288841945,1.6042692939244663,42933991.61329718,55048442.035381585,-29966076.973609958,8510934.836650297,262274295.5372207,295867595.4356426,33593299.89842192,295867595.4356426,23162070.57216529,31412224.675659172,374338888.7763459,337900708.1525813,23162070.57216529,23162070.57216529,23162070.57216529,23162070.57216529,23162070.57216529,23162070.57216529,23162070.57216529,23162070.57216529,0.03911710997346236,0.03816881639834813,14437769.681114292,14034744.91169074,21054763.91266022,14037592.376516074,21052117.36753611,21052117.36753611,861050566.2037292,614162333.922737,246888232.28099218,246888232.28099218,246888232.28099218,481519770.1036328,490315193.0128174,216898447.96800435,216898447.96800435,291149834.8994493,274744356.04997295,0.00622654302887885,0.0,42.1810302734375,2022-02-25,0,0,0,0,0,0,0,1,0,0,0,-3.8989721369307215,0
41.65960693359375,42.552006530761716,42.35156764984131,41.09370590209961,41.72612851480613,42.10119671204265,42.19860389893005,41.09370590209961,45.05313534632705,57.55557914224254,41.18797659658247,-0.02646699584359169,0.13532372480631888,-0.16179072064991057,11.864351021863087,-131.8765137307242,-60.24474212912004,47.71686979635944,-3.799699794827216,1.5444584309309595,3.773518622193181,1.7193874545027583,42.95065617541913,41.65960693359375,40.36855769176837,-1.6166000366210938,1.6365312037271595,0.6864002423408664,85.71428571428572,14.285714285714286,-71.42857142857143,-0.357142149407234,-0.02968545161729086,1.0355658416319151,0.9875986639011617,0.09381601690032648,0.02689977973568282,1.1792778951411562,0.061874604179860675,0.9026599113362888,0.4347466960352423,3.4876128288841945,1.6042692939244663,44247498.59193418,56732574.119531296,-30882848.2717862,8771315.292382315,270298220.2775085,304919261.4176359,34621041.14012741,304919261.4176359,23870682.564505633,32373238.8924974,385791277.0660634,348238319.9507664,23870682.564505633,23870682.564505633,23870682.564505633,23870682.564505633,23870682.564505633,23870682.564505633,23870682.564505633,23870682.564505633,0.04031384465858167,0.03933653933352515,14879473.573985599,14464118.810836576,21698905.728821296,14467053.389968755,21696178.216254864,21696178.216254864,887393235.151325,632951793.7728586,254441441.37846637,254441441.37846637,254441441.37846637,496251211.43057716,505315718.3204764,223534160.47355375,223534160.47355375,300057167.4254797,283149785.30200183,0.006417035629587398,0.0,40.92886734008789,2022-02-28,0,0,0,0,0,0,0,1,0,0,0,-4.726040209494469,0
40.97372283935547,42.23149108886719,42.22027759552002,41.09370590209961,40.88413297878351,41.57373220198731,41.91303609014988,41.09370590209961,38.06242753683046,45.06206514042949,47.82147121795376,-0.25836508834868965,0.05658596217531717,-0.31495105052400685,13.68876102639175,-186.5275872034801,-88.53211921357337,45.37370433277631,-7.558382316984424,1.6023405578003356,4.087588666419859,2.3548082071022236,42.94135692763631,40.97372283935547,39.00608875107462,-3.2051544189453125,0.9089895217694979,0.3807879961453935,78.57142857142857,7.142857142857143,-71.42857142857143,-0.6359645233557909,-0.04223731428933053,1.0552326226118407,0.9665898453465529,0.09381601690032648,0.02689977973568282,1.1792778951411562,0.061874604179860675,0.9026599113362888,0.4347466960352423,3.4876128288841945,1.6042692939244663,46198812.34890886,59234479.44459766,-32244781.23082319,9158130.112235382,282218366.1049026,318366194.4309125,36147828.326009855,318366194.4309125,24923379.16338153,33800898.046551205,402804664.2679574,363595622.53395796,24923379.16338153,24923379.16338153,24923379.16338153,24923379.16338153,24923379.16338153,24923379.16338153,24923379.16338153,24923379.16338153,0.04209168435985622,0.04107127989052637,15535658.04554693,15101986.146081746,22655827.014935847,15105050.140091915,22652979.21912262,22652979.21912262,926527258.1515017,660864954.5614759,265662303.59002584,265662303.59002584,265662303.59002584,518135879.41396344,527600130.8669978,233392012.24746943,233392012.24746943,313289682.19599646,295636684.87659013,0.006700026765843246,0.0,39.20014190673828,2022-03-01,0,0,0,0,0,0,0,1,0,0,0,1.1918842220215837,1
40.65788116455078,41.76613578796387,42.08665161132812,41.09370590209961,40.438052255224164,41.205033766736065,41.68759368233613,41.09370590209961,40.06548137615911,30.531317686954093,44.38298732320873,-0.4095261876285363,-0.03663646778545354,-0.3728897198430828,15.38285603059694,-138.4923220028642,-82.60865771049862,45.97417520817187,-10.528532956853077,1.561976438986602,3.9497819041832116,1.0372428944080667,42.912918117915595,40.65788116455078,38.402844211185965,-4.653553009033203,0.4458646102378209,0.18653033329890434,71.42857142857143,0.0,-71.42857142857143,-0.1636363005836499,0.008820093105524007,1.0262154983989362,0.9957646987017462,0.09381601690032648,0.02689977973568282,1.1792778951411562,0.061874604179860675,0.9026599113362888,0.4347466960352423,3.4876128288841945,1.6042692939244663,45794897.09279253,58716593.62201229,-31962865.778735373,9078060.771017404,279750936.7960043,315582725.4102986,35831788.61429432,315582725.4102986,24705474.577392768,33505377.497487634,399282951.4606262,360416713.5635406,24705474.577392768,24705474.577392768,24705474.577392768,24705474.577392768,24705474.577392768,24705474.577392768,24705474.577392768,24705474.577392768,0.04172367763838082,0.04071219454411705,15399830.110166013,14969949.795103908,22457747.59024949,14972987.000678131,22454924.69265586,22454924.69265586,918426649.59151,655087025.9999355,263339623.5915745,263339623.5915745,263339623.5915745,513605828.18978965,522987333.8890862,231351470.73548254,231351470.73548254,310550597.0163363,293051939.485573,0.006641448571090677,0.0,39.54589080810547,2022-03-02,0,0,0,0,0,0,0,1,0,0,0,6.332679252970902,1
40.1588851928711,41.22882766723633,41.96423892974853,41.09370590209961,39.93820004881155,40.79293592478157,41.425774820779004,41.09370590209961,37.755472931041,16.344456923073313,30.64594658348565,-0.571743459340162,-0.14365786609639522,-0.4280855932437668,17.143479337087776,-123.4726298176022,-92.70188144620752,42.96898261421978,-12.125682699762585,1.5812295174917212,4.060838744962644,1.8315195380582736,42.602856503488816,40.1588851928711,37.71491388225338,-5.373081207275391,-0.05752276490082067,-0.02401995047544858,64.28571428571429,28.571428571428573,-35.714285714285715,-0.7806139329936398,-0.015359248703398665,1.047331540490096,0.9645832739126546,0.09381601690032648,0.02689977973568282,1.1792778951411562,0.061874604179860675,0.9026599113362888,0.4347466960352423,3.4876128288841945,1.6042692939244663,46509244.1405544,59632504.083029985,-32461449.251055084,9219667.943930993,284114725.5256506,320505448.3015565,36390722.77590589,320505448.3015565,25090851.201171532,34028022.35573416,405511300.37512636,366038794.4424748,25090851.201171532,25090851.201171532,25090851.201171532,25090851.201171532,25090851.201171532,25090851.201171532,25090851.201171532,25090851.201171532,0.042374518405253865,0.04134725735300529,15640049.52048461,15203463.573278964,22808062.29142611,15206548.155722076,22805195.359918445,22805195.359918445,932753035.4417094,665305620.488792,267447414.95291743,267447414.95291743,267447414.95291743,521617480.80552197,531145327.06512755,234960284.17555612,234960284.17555612,315394824.5666198,297623208.3627194,0.006745047432116779,0.0,38.93849563598633,2022-03-03,0,0,0,0,0,0,0,1,0,0,0,9.911209343959383,1
39.325357818603514,40.69619255065918,41.835285377502444,41.09370590209961,39.2965978332409,40.28756455702121,41.10078611423811,41.09370590209961,34.493478103250254,15.627139045155621,20.834304551727694,-0.7661184976084385,-0.2681499923988039,-0.49796850520963465,19.203017076927825,-148.14572619986473,-91.94186501813067,46.20476283655482,-12.289761323882031,1.5750786098955154,4.143483306619289,1.4951168111448396,41.22408783375505,39.325357818603514,37.42662780345198,-5.326351165771484,-1.0339536529296267,-0.4306251085721513,100.0,21.42857142857143,-78.57142857142857,-0.14545460850747982,-0.02375803735549953,1.0274519212003683,0.9960822760329503,0.09381601690032648,0.02689977973568282,1.1792778951411562,0.061874604179860675,0.9026599113362888,0.4347466960352423,3.4876128288841945,1.6042692939244663,47641103.251254916,61083733.710333474,-33251438.161008403,9444039.794147165,291029003.46142083,328305338.8048931,37276335.343472235,328305338.8048931,25701467.629197158,34856135.73048745,415379911.83728063,374946794.38991517,25701467.629197158,25701467.629197158,25701467.629197158,25701467.629197158,25701467.629197158,25701467.629197158,25701467.629197158,25701467.629197158,0.043405753928531535,0.04235349322723381,16020669.177258004,15573458.379206467,23363124.270587917,15576618.028720772,23360187.5688097,23360187.5688097,955452716.7783427,681496643.1954776,273956073.5828651,273956073.5828651,273956073.5828651,534311677.601457,544071395.6059935,240678328.90432426,240678328.90432426,323070341.81593686,304866231.68348604,0.006909196377755988,0.0,38.01339340209961,2022-03-04,0,0,0,0,0,0,0,1,0,0,0,12.733518963353976,1
38.09001541137695,39.87481117248535,41.53299064636231,41.09370590209961,37.781783656812294,39.28112651100919,40.49615460849687,41.09370590209961,25.973901628429513,9.39128902762721,13.787628331952064,-1.169831683595298,-0.4484863306381027,-0.7213453529571953,21.92268018119139,-182.0342009600893,-95.9596120018877,32.51675355188632,-19.117022044484234,1.7255535373468835,4.965313725881345,3.6817275942146708,41.579319494093774,38.09001541137695,34.60071132866013,-8.213813781738281,-2.4728507117143272,-1.0248989692101134,100.0,14.285714285714286,-85.71428571428572,-0.8121832178434971,-0.08579181720631135,1.1072108469852784,0.9207724483462214,0.09381601690032648,0.02689977973568282,1.1792778951411562,0.061874604179860675,0.9026599113362888,0.4347466960352423,3.4876128288841945,1.6042692939244663,52111875.77174223,66815999.74709302,-36371844.8235683,10330294.534541944,318339967.78729117,359114417.2453579,40774449.45806667,359114417.2453579,28113364.234672647,38127131.63862974,454360308.3577084,410132835.6568979,28113364.234672647,28113364.234672647,28113364.234672647,28113364.234672647,28113364.234672647,28113364.234672647,28113364.234672647,28113364.234672647,0.0474790695877276,0.04632806184014633,17524092.956924915,17034914.664202873,25555584.286276646,17038370.82394173,25552371.99630431,25552371.99630431,1045115034.8037978,745450167.7210128,299664867.082785,299664867.082785,299664867.082785,584452959.028082,595128555.8868983,263264247.06552717,263264247.06552717,353388153.701141,333475719.66798496,0.007557574421006031,0.0,34.75215530395508,2022-03-07,0,0,0,0,0,0,0,1,0,0,0,18.71472104108105,1
37.5685920715332,39.27115745544434,41.27882061004639,41.09370590209961,37.38553084038137,38.79238081946561,40.12442799887998,41.09370590209961,35.63750627144922,18.551399117458946,14.523275730080607,-1.3259497522910237,-0.6239790149686869,-0.7019707373223368,24.394968314488356,-132.31848100250102,-77.86958284721523,35.33863777019932,-14.160448368889222,1.8632779773964145,5.091893788036765,3.653695698040316,41.01744591768594,37.5685920715332,34.119738225380466,-6.036537170410156,-3.5139456149627075,-1.4516304700802536,92.85714285714286,7.142857142857143,-85.71428571428572,0.3708441993672074,0.05297138803229706,1.106105834716873,1.03845136033261,0.09381601690032648,0.02689977973568282,1.1792778951411562,0.061874604179860675,0.9026599113362888,0.4347466960352423,3.4876128288841945,1.6042692939244663,49490305.59047236,63454715.3954041,-34542101.74840258,9810612.759237757,302325373.1349507,341048599.54119,38723226.40623928,341048599.54119,26699077.063440915,36209086.08910871,431502995.73360497,389500455.8702389,26699077.063440915,26699077.063440915,26699077.063440915,26699077.063440915,26699077.063440915,26699077.063440915,26699077.063440915,26699077.063440915,0.04509056003549387,0.04399745554978493,16642515.794918647,16177946.388492346,24269970.27339246,16181228.680659197,24266919.58273852,24266919.58273852,992538873.0237197,707949120.1693965,284589752.85432315,284589752.85432315,284589752.85432315,555051130.2308582,565189674.3358086,250020323.49377784,250020323.49377784,335610404.724788,316699697.12202334,0.0071773787083892005,0.0,36.59302520751953,2022-03-08,0,0,0,0,0,0,0,1,0,0,0,13.81511996382227,1
37.25835342407227,38.95811729431152,41.026051902770995,41.09370590209961,37.58858641718784,38.64734750152655,39.9215965295391,41.09370590209961,41.86094422837646,33.97643890416049,20.639709016415562,-1.3213396204114929,-0.7634511360572481,-0.5578884843542448,26.19335576830798,-68.6633835871263,-62.5478601604473,38.82211056751622,-7.6119004539409225,1.8796985659193954,4.94726550307893,2.0931662167181457,40.17847076090872,37.25835342407227,34.33823608723581,-3.130401611328125,-4.174960856674599,-1.7185475031534807,85.71428571428572,0.0,-85.71428571428572,-0.13868485094865923,0.03830435869492477,1.0342244014079405,0.9953488706534629,0.09381601690032648,0.02689977973568282,1.1792778951411562,0.061874604179860675,0.9026599113362888,0.4347466960352423,3.4876128288841945,1.6042692939244663,47664545.733659625,61113790.83023614,-33267800.004056193,9448686.868240643,291172208.4215773,328466886.11599785,37294677.69442059,328466886.11599785,25714114.401869383,34873287.18779624,415584305.4304171,375131292.2925735,25714114.401869383,25714114.401869383,25714114.401869383,25714114.401869383,25714114.401869383,25714114.401869383,25714114.401869383,25714114.401869383,0.04342711234706702,0.042374333865926005,16028552.37537201,15581121.520887077,23374620.428154707,15584282.725151861,23371682.281330615,23371682.281330615,955922860.876045,681831983.3109808,274090877.56506425,274090877.56506425,274090877.56506425,534574593.2613808,544339113.6739638,240796758.0989795,240796758.0989795,323229313.17232126,305016245.44858164,0.006912596146095986,0.0,37.99469757080078,2022-03-09,0,0,0,0,0,0,0,1,0,0,0,7.820949666880233,1
37.1387435913086,38.64881439208985,40.74618434906006,41.09370590209961,37.83920643551455,38.591547314370445,39.77101080978947,41.09370590209961,43.31690619359565,61.9211914292945,38.149676483638,-1.2750885834120709,-0.8657786255282127,-0.40930995788385816,27.960342532411023,-59.345780335630636,-57.95674708264835,42.68232794609402,-7.465048454928613,1.8675803548113286,4.871044879894759,1.7100436104064585,39.812373562434566,37.1387435913086,34.46511362018263,-3.093029022216797,-4.697954638067589,-1.926821366334572,78.57142857142857,0.0,-78.57142857142857,0.5628402998390736,0.009099925080938043,1.0461422551209136,1.0257499694824217,0.09381601690032648,0.02689977973568282,1.1792778951411562,0.061874604179860675,0.9026599113362888,0.4347466960352423,3.4876128288841945,1.6042692939244663,47234713.38067589,60562675.024809174,-32967795.534607578,9363479.902629841,288546457.2779775,325504816.670809,36958359.39283144,325504816.670809,25482228.035847787,34558804.65455304,411836623.0153905,371748409.616109,25482228.035847787,25482228.035847787,25482228.035847787,25482228.035847787,25482228.035847787,25482228.035847787,25482228.035847787,25482228.035847787,0.04303549258868869,0.041992207919871995,15884009.082734188,15440613.098487094,23163831.29874861,15443745.795444265,23160919.64773064,23160919.64773064,947302479.2855595,675683315.7591329,271619163.5264267,271619163.5264267,271619163.5264267,529753872.70839757,539430338.0116724,238625285.87509868,238625285.87509868,320314475.4434459,302265650.6729171,0.006850259299683863,0.0,38.34044647216797,2022-03-10,0,0,0,0,0,0,0,1,0,0,0,8.262245543054734,1
37.05651092529297,38.190934371948245,40.452300453186034,41.09370590209961,37.76021431435019,38.411671452125184,39.56446026333538,41.09370590209961,40.958422689294316,72.41920472178947,56.1056116850815,-1.2832101494964405,-0.9492649303218583,-0.3339452191745822,29.27320388229862,-50.232648441000606,-63.26311970181694,40.1418271375105,-10.855117031836459,1.8536578007955455,4.929648580004801,1.6726645985903659,39.641292215478394,37.05651092529297,34.47172963510754,-4.5788002014160085,-5.07685844937731,-2.074835361578529,71.42857142857143,0.0,-71.42857142857143,-0.8715065702266154,-0.019254246313546775,1.0446384285197052,0.9626794835629896,0.09381601690032648,0.02689977973568282,1.1792778951411562,0.061874604179860675,0.9026599113362888,0.4347466960352423,3.4876128288841945,1.6042692939244663,48162037.106078506,61751656.631868735,-33615027.554987974,9547306.085633453,294211273.6082532,331895208.7707674,37683935.16251421,331895208.7707674,25982501.519955106,35237271.76452458,419921902.7636552,379046667.51680666,25982501.519955106,25982501.519955106,25982501.519955106,25982501.519955106,25982501.519955106,25982501.519955106,25982501.519955106,25982501.519955106,0.04388037615959665,0.04281660946481855,16195847.927996581,15743747.082715888,23618589.437353954,15746941.281564467,23615620.624073833,23615620.624073833,965900158.8585153,688948499.8730369,276951658.98547846,276951658.98547846,276951658.98547846,540154133.44095,550020569.5350169,243310037.26312104,243310037.26312104,326602969.46424633,308199805.6445852,0.0069847453062477464,0.0,37.60223007202149,2022-03-11,0,0,0,0,0,0,0,1,0,0,0,11.53081113610465,1
37.60036010742188,37.845187759399415,40.19859714508057,41.09370590209961,37.663943281099996,38.24071322712054,39.36512130631292,41.09370590209961,40.53717893270245,74.22608098211764,69.52215904440055,-1.2853862124110478,-1.0164891867396961,-0.26889702567135165,30.75266295254541,-61.66198617091587,-64.62516686374039,42.37054398029102,-8.447500139105625,1.8480718449383795,4.9319528628097675,1.7754544187952206,38.778354116124305,37.60036010742188,36.42236609871945,-3.4574661254882812,-5.607495263324238,-2.2849673246726,64.28571428571429,0.0,-64.28571428571429,-0.25789541313138264,-0.0034792845310317455,1.048457066315804,0.9879280197924425,0.09381601690032648,0.02689977973568282,1.1792778951411562,0.061874604179860675,0.9026599113362888,0.4347466960352423,3.4876128288841945,1.6042692939244663,48330191.594073564,61967258.355294764,-33732392.14517338,9580639.857687691,295238492.32757366,333053998.3953827,37815506.067809075,333053998.3953827,26073217.662843663,35360300.31040722,421388031.62364525,380370083.2635729,26073217.662843663,26073217.662843663,26073217.662843663,26073217.662843663,26073217.662843663,26073217.662843663,26073217.662843663,26073217.662843663,0.04403358151862031,0.04296610075453255,16252394.633236224,15798715.308498923,23701052.141438838,15801920.659676269,23698072.962748386,23698072.962748386,969272533.7916907,691353916.861441,277918616.93024963,277918616.93024963,277918616.93024963,542040044.9846649,551940929.071579,244159537.76597407,244159537.76597407,327743281.59404606,309275864.37532777,0.00700913207103847,0.0,37.47140121459961,2022-03-14,0,0,0,0,0,0,0,1,0,0,0,8.154615799423043,1
38.14234085083008,37.85546646118164,40.04347877502441,41.07912857055664,38.21027182892018,38.43384335392781,39.3591982223365,41.02347935396082,48.51947527459585,67.01923169567623,71.22150579986112,-1.1263380544992714,-1.0384589602916112,-0.08787909420766016,30.454293309225296,28.96789120433405,-40.337054360214914,45.78505774543265,0.262210830937315,1.9336603403374213,4.919888652698017,3.046310780524962,39.45379460939832,38.14234085083008,36.83088709226184,0.10278701782226562,-6.063522275551693,-2.4673044498150176,57.142857142857146,0.0,-57.142857142857146,0.027907595677863183,0.048878014981925455,1.0521718411464125,1.0014286041259766,0.09381601690032648,0.02689977973568282,1.1792778951411562,0.061874604179860675,0.9026599113362888,0.4347466960352423,3.4876128288841945,1.6042692939244663,46077990.86617942,59079566.42256688,-32160453.03967465,9134179.304781012,281480294.2863296,317533586.9740029,36053292.68767324,317533586.9740029,24858198.27512827,33712500.219595656,401751229.0320117,362644728.7772807,24858198.27512827,24858198.27512827,24858198.27512827,24858198.27512827,24858198.27512827,24858198.27512827,24858198.27512827,24858198.27512827,0.041981604047043646,0.04096386819135775,15495028.40281793,15062490.664151419,22596576.34433997,15065546.645048684,22593735.996227127,22593735.996227127,924104156.9628032,659136626.9349774,264967530.0278258,264967530.0278258,264967530.0278258,516780824.12091124,526220324.182398,232781633.591759,232781633.591759,312470351.0919655,294863520.7885993,0.006682504515226447,0.0,39.30292892456055,2022-03-15,0,0,0,0,0,0,0,1,0,0,0,-0.04755883877621596,0
38.602091217041014,37.93022232055664,39.84817905426026,41.06268241882324,38.904664353231944,38.77195354446011,39.448174525147834,40.994850728388066,52.252553864337536,75.7919386816021,72.345750453132,-0.9098760345334824,-1.0127423751399856,0.10286634060650313,30.17723578328519,55.514900623432524,-28.42689624483374,52.08780470533587,1.890357198874315,1.8916564299311667,4.694699654688928,1.3456055946498537,40.73722702819331,38.602091217041014,36.46695540588872,0.74755859375,-6.070868554038692,-2.467064539591469,50.0,7.142857142857143,-42.85714285714286,0.1875004967058448,0.025202205138354028,1.0344250194519458,1.0063010610823413,0.09381601690032648,0.02689977973568282,1.1792778951411562,0.061874604179860675,0.9026599113362888,0.4347466960352423,3.4876128288841945,1.6042692939244663,44945270.92824685,57627233.07310281,-31369863.309389297,8909636.810182562,274560757.7466565,309727764.3205525,35167006.57389607,309727764.3205525,24247117.447209924,32883757.02922533,391875112.06903243,353729953.91513103,24247117.447209924,24247117.447209924,24247117.447209924,24247117.447209924,24247117.447209924,24247117.447209924,24247117.447209924,24247117.447209924,0.040949584225073055,0.03995686703173795,15114119.268526964,14692214.461359544,22041092.216818336,14695195.318093902,22038321.692039315,22038321.692039315,901387211.5482748,642933290.2634803,258453921.28479442,258453921.28479442,258453921.28479442,504076972.8457326,513284424.8139157,227059240.04557174,227059240.04557174,304788996.2837104,287614988.8390131,0.006518230727297961,0.0,40.29344940185547,2022-03-16,0,0,0,0,0,0,0,1,0,0,0,-6.910959958480258,0
38.92914733886719,38.03394546508789,39.63138656616211,41.02754699707031,39.26168526258757,38.990821460248966,39.498417625733644,40.95488509516888,50.975656625949895,82.9719269348339,75.26103243737076,-0.7552596964903415,-0.9612458394100567,0.20598614291971518,29.93679616568292,58.95995475555078,-25.463564667132225,52.97124794678937,2.663768664842592,1.845311315964949,4.6160794329322155,1.242824834404118,41.292550841617505,38.92914733886719,36.56574383611687,1.0372314453125,-5.637255982033449,-2.2841884172879716,42.85714285714286,0.0,-42.85714285714286,0.732672369837405,-0.00788521025807265,1.024168420660597,1.0176022323419174,0.09381601690032648,0.02689977973568282,1.1792778951411562,0.061874604179860675,0.9026599113362888,0.4347466960352423,3.4876128288841945,1.6042692939244663,45302490.59177737,58085247.462234706,-31619187.249037325,8980449.543041455,276742933.9684335,312189443.7246723,35446509.75623884,312189443.7246723,24439830.650561288,33145113.215960804,394989688.81511027,356541357.4845957,24439830.650561288,24439830.650561288,24439830.650561288,24439830.650561288,24439830.650561288,24439830.650561288,24439830.650561288,24439830.650561288,0.04127504664629081,0.040274439454865585,15234244.489449155,14808986.43309343,22216272.194220334,14811990.981322303,22213479.649640147,22213479.649640147,908551329.8141105,648043247.5265514,260508082.2875591,260508082.2875591,260508082.2875591,508083316.62594706,517363948.32641613,228863879.85873616,228863879.85873616,307211422.9473318,289900918.5356753,0.006570036849257643,0.0,39.97572708129883,2022-03-17,0,0,0,0,0,0,0,1,0,0,0,-12.061705458815998,0
39.48981628417969,38.273163604736325,39.48467807769775,41.01353019714355,39.642981774586374,39.24804933994624,39.584813546957484,40.93334351491065,52.661115006368874,91.4666323880968,83.41016600151094,-0.5912247454025703,-0.8872416206085594,0.29601687520598907,29.204118117094517,95.18047234399648,-4.699077219897624,54.10743329109946,6.292996184740107,1.7969363080941838,4.447248472646794,1.1680612057742366,41.64934871979239,39.48981628417969,37.330283848566985,2.392181396484375,-5.142410774934132,-2.076693363678757,35.714285714285715,0.0,-35.714285714285715,0.48000183105469074,0.010752717928331101,1.0295928018543907,1.0140713484382466,0.09381601690032648,0.02689977973568282,1.1792778951411562,0.061874604179860675,0.9026599113362888,0.4347466960352423,3.4876128288841945,1.6042692939244663,44820547.88299823,57467317.60592043,-31282811.99564316,8884912.584205613,273798852.142247,308868270.33672994,35069418.19448288,308868270.33672994,24179831.740303297,32792504.66315442,390787659.34430814,352748353.935049,24179831.740303297,24179831.740303297,24179831.740303297,24179831.740303297,24179831.740303297,24179831.740303297,24179831.740303297,24179831.740303297,0.040835949203173426,0.039845986798248016,15072177.614989465,14651443.592896163,21979928.22592203,14654416.177758493,21977165.389344245,21977165.389344245,898885863.6722782,641149151.549946,257736712.12233216,257736712.12233216,257736712.12233216,502678160.16100335,511860061.46668655,226429151.06656587,226429151.06656587,303943207.372226,286816857.7670163,0.00650014264886053,0.0,40.405574798583984,2022-03-18,0,0,0,0,0,0,0,1,0,0,0,-13.922271538949058,0
39.99068145751953,38.7955207824707,39.33516597747803,40.99278533935547,39.75389687682386,39.38035438382853,39.622043407370946,40.89578992927882,50.780967589206874,83.01415180743435,85.81757037678835,-0.49025957603857506,-0.8078452116945625,0.3175856356559874,28.523774214833857,77.29476160141036,-10.534140283982168,52.84553920186772,15.030928964423861,1.7339952593064616,4.3376203158982625,0.9157616250660752,40.758668814657895,39.99068145751953,39.22269410038116,5.22357177734375,-4.610019786455136,-1.8554812211256788,28.571428571428573,0.0,-28.571428571428573,0.3111092273131877,-0.010638326998882897,1.0212967714534982,1.0065882065716911,0.09381601690032648,0.02689977973568282,1.1792778951411562,0.061874604179860675,0.9026599113362888,0.4347466960352423,3.4876128288841945,1.6042692939244663,45302490.59177737,58085247.462234706,-31619187.249037325,8980449.543041455,276742933.9684335,312189443.7246723,35446509.75623884,312189443.7246723,24439830.650561288,33145113.215960804,394989688.81511027,356541357.4845957,24439830.650561288,24439830.650561288,24439830.650561288,24439830.650561288,24439830.650561288,24439830.650561288,24439830.650561288,24439830.650561288,0.04127504664629081,0.040274439454865585,15234244.489449155,14808986.43309343,22216272.194220334,14811990.981322303,22213479.649640147,22213479.649640147,908551329.8141105,648043247.5265514,260508082.2875591,260508082.2875591,260508082.2875591,508083316.62594706,517363948.32641613,228863879.85873616,228863879.85873616,307211422.9473318,289900918.5356753,0.006570036849257643,0.0,39.97572708129883,2022-03-21,0,0,0,0,0,0,0,1,0,0,0,-12.97333233963748,0
40.17757034301758,39.15995559692383,39.21555652618408,40.94998756408691,39.9150557018995,39.536176014414394,39.680646259245215,40.86996967134831,51.906537576902934,77.85801028269877,84.11293149274331,-0.3846967399693142,-0.7232155173495128,0.33851877738019864,27.55812761424105,90.57317031573602,-7.748519864551699,56.84091886936885,9.959133260680431,1.6742148938394696,4.160845389163902,0.8970701427685768,40.52452485591801,40.17757034301758,39.83061583011715,3.64434814453125,-3.9376807438855512,-1.5813767115275041,21.42857142857143,100.0,78.57142857142857,0.06250149011753547,0.006545128503099962,1.0225193305282527,1.0013953807742095,0.09381601690032648,0.02689977973568282,1.1792778951411562,0.061874604179860675,0.9026599113362888,0.4347466960352423,3.4876128288841945,1.6042692939244663,45007908.04993484,57707544.17004345,-31413581.32253873,8922053.556005858,274943394.12282115,310159410.5263318,35216016.403510585,310159410.5263318,24280908.981107865,32929584.851553652,392421241.3630431,354222922.9352409,24280908.981107865,24280908.981107865,24280908.981107865,24280908.981107865,24280908.981107865,24280908.981107865,24280908.981107865,24280908.981107865,0.041006652834010206,0.040012552159246324,15135182.77328013,14712689.98650548,22071809.365626387,14715674.99745411,22069034.97975822,22069034.97975822,902643412.6856065,643829302.0108293,258814110.67477715,258814110.67477715,258814110.67477715,504779470.1282311,513999753.8866661,227375676.83536932,227375676.83536932,305213759.66938144,288015817.99596626,0.006527314735533399,0.0,40.23737335205078,2022-03-22,0,0,0,0,0,0,0,1,0,0,0,-18.764501583525046,0
40.13084716796875,39.36646919250488,39.1622932434082,40.90569488525391,39.96331497680344,39.63138647117747,39.716759332327705,40.838199626456664,51.053378834096875,66.47182693791207,75.78132967601506,-0.3117695269590115,-0.6409263192714125,0.329156792312401,26.66145577083345,77.5298318051433,-10.526211855278522,57.97815978806567,5.43532673726983,1.6013506235066153,3.9973970996231296,0.6541151091795072,40.46549984613304,40.13084716796875,39.79619448980446,2.065135955810547,-2.617576349118432,-1.0488600853161927,14.285714285714286,92.85714285714286,78.57142857142857,0.21428221099613082,-0.004412311506670541,1.0164088318200477,1.0035111822775171,0.09381601690032648,0.02689977973568282,1.1792778951411562,0.061874604179860675,0.9026599113362888,0.4347466960352423,3.4876128288841945,1.6042692939244663,45207377.08001137,57963296.28922496,-31552802.114375688,8961594.90432031,276161906.48048913,311533995.5596587,35372089.07916958,311533995.5596587,24388518.722899564,33075524.368313123,394160399.83068997,355792791.56344676,24388518.722899564,24388518.722899564,24388518.722899564,24388518.722899564,24388518.722899564,24388518.722899564,24388518.722899564,24388518.722899564,0.041188388836012564,0.04018988243998802,15202259.879473729,14777894.661163297,22169628.67332029,14780892.9012813,22166841.991744947,22166841.991744947,906643807.5902888,646682667.3852979,259961140.20499083,259961140.20499083,259961140.20499083,507016585.2413644,516277732.0644921,228383375.43071455,228383375.43071455,306566426.23943657,289292265.5882119,0.0065562429216169775,0.0,40.05983352661133,2022-03-23,0,0,0,0,0,0,0,1,0,0,0,-16.888266329062336,0
40.343902587890625,39.6365249633789,39.142669677734375,40.869998931884766,40.322544711505024,39.887680600219426,39.84287788933537,40.84615274623908,55.41483588582202,75.33678964693502,73.22220895584861,-0.17280986882230565,-0.5473030291815911,0.3744931603592855,25.309963742158665,89.58887203604044,-1.1034724623965517,63.041833645357315,7.0436261369585695,1.579745844941591,3.8491890646195994,1.2988837235962762,41.101451797317075,40.343902587890625,39.586353378464175,2.7005577087402344,-1.3935889737982223,-0.5567167233198163,7.142857142857143,100.0,92.85714285714286,0.6834513420055952,0.024492629347675487,1.0326214355723513,1.0221083761055252,0.09381601690032648,0.02689977973568282,1.1792778951411562,0.061874604179860675,0.9026599113362888,0.4347466960352423,3.4876128288841945,1.6042692939244663,44126600.6069719,56577563.00904955,-30798466.68537409,8747349.319659255,269559681.12364995,304086126.7669847,34526445.64333472,304086126.7669847,23805460.40475513,32284785.093449894,384737174.81175387,347286824.10335195,23805460.40475513,23805460.40475513,23805460.40475513,23805460.40475513,23805460.40475513,23805460.40475513,23805460.40475513,23805460.40475513,0.04020369464467345,0.039229059622984404,14838818.20521584,14424598.32099799,21639617.541647267,14427524.881943492,21636897.481496986,21636897.481496986,884968599.6936605,631222371.7969154,253746227.89674506,253746227.89674506,253746227.89674506,494895298.1381591,503935037.9643251,222923395.33582875,222923395.33582875,299237317.53408164,282376131.65886104,0.006399502284161409,0.0,41.0410041809082,2022-03-24,0,0,0,0,0,0,0,1,0,0,0,-19.581057219709567,0
40.5569564819336,40.02338638305664,39.10716037750244,40.85448699951172,40.70531123060296,40.175528539961135,39.99792230642713,40.87065045300613,57.21355017522164,80.54454752001858,74.11772136828854,-0.027679760777232332,-0.44337837550071935,0.415698614723487,23.507954214412877,122.32129168503535,-4.320206756126614,62.291680533353514,10.288257343693651,1.520303489218396,3.6659574118249085,0.7475528648168606,41.74239658169013,40.5569564819336,39.37151638217706,3.8686141967773366,-0.3960397195488514,-0.15777888664832318,0.0,100.0,100.0,0.4303794412199272,0.010473430084602553,1.0179831757350173,1.0077202576185236,0.09381601690032648,0.02689977973568282,1.1792778951411562,0.061874604179860675,0.9026599113362888,0.4347466960352423,3.4876128288841945,1.6042692939244663,43669233.93846919,55991143.6803564,-30479244.449599694,8656684.143517636,266765728.91291252,300934312.28718686,34168583.37427434,300934312.28718686,23558719.8000466,31950157.35420854,380749422.3569456,343687239.82606363,23558719.8000466,23558719.8000466,23558719.8000466,23558719.8000466,23558719.8000466,23558719.8000466,23558719.8000466,23558719.8000466,0.03978698840335403,0.03882245535115151,14685015.719783397,14275089.172597326,21415325.625964727,14277985.4001065,21412633.75889599,21412633.75889599,875796011.39989,624679831.2589633,251116180.1409266,251116180.1409266,251116180.1409266,489765770.5821356,498711814.64131397,220612822.36502185,220612822.36502185,296135760.35247934,279449338.5493757,0.006333172247414369,0.0,41.47084426879883,2022-03-25,0,0,0,0,0,0,0,1,0,0,0,-19.58089224200933,0
40.86345672607422,40.427069091796874,39.136128425598145,40.82888305664063,40.972950254402626,40.41783758760492,40.14176097267235,40.89565350590792,57.37461623630675,86.55015047616875,80.81049588104078,0.08932380527744499,-0.3368379393450865,0.4261617446225315,21.97910766118299,123.89446205582503,-8.9161076745937,59.832438809124014,10.773088159376098,1.4811266644682657,3.5682724246672572,0.9718279427165726,42.08131180738479,40.86345672607422,39.645601644763644,4.036827087402344,0.44418299368461056,0.176645865807167,0.0,100.0,100.0,-0.22115687928694763,0.0009014533912261591,1.0236956238320802,0.9948487491808866,0.09381601690032648,0.02689977973568282,1.1792778951411562,0.061874604179860675,0.9026599113362888,0.4347466960352423,3.4876128288841945,1.6042692939244663,43629903.61389756,55940715.73245176,-30451793.577010777,8648887.574483283,266525468.62537202,300663278.35529625,34137809.72992426,300663278.35529625,23537501.839192666,31921381.716407657,380406503.624209,343377700.8331761,23537501.839192666,23537501.839192666,23537501.839192666,23537501.839192666,23537501.839192666,23537501.839192666,23537501.839192666,23537501.839192666,0.0397511545902435,0.03878749023654063,14671789.785126237,14262232.434802515,21396038.094865303,14265126.053848987,21393348.652203772,21393348.652203772,875007233.1622084,624117218.6756655,250890014.4865429,250890014.4865429,250890014.4865429,489324667.20147616,498262654.0820703,220414129.30068955,220414129.30068955,295869048.1956245,279197654.8765648,0.0063274683296307465,0.0,41.50822830200195,2022-03-28,0,0,0,0,0,0,0,1,0,0,0,-19.090484419223625,0
41.287696838378906,40.73263359069824,39.29405002593994,40.81972526550293,41.434824807459826,40.77069873778116,40.35288601466301,40.95302293365954,60.9733753763138,80.05789252469437,82.3841968402939,0.24780916871889502,-0.2199085177322902,0.4677176864511852,21.42423504156904,171.3421970446878,-12.32086921319025,56.23991507046551,7.774598668915456,1.4934725269291176,3.525785664966685,1.6539687389201916,42.783680901804814,41.287696838378906,39.791712774953,3.055644989013672,1.5004753031132478,0.5963692053770373,21.42857142857143,100.0,78.57142857142857,-0.1769888799616515,0.020486193854996504,1.0250776124939882,0.995607358805089,0.09381601690032648,0.02689977973568282,1.1792778951411562,0.061874604179860675,0.9026599113362888,0.4347466960352423,3.4876128288841945,1.6042692939244663,42754036.141420886,54817709.508768246,-29840475.80494533,8475261.719917227,261174987.20736566,294627482.63110584,33452495.42374014,294627482.63110584,23064988.023284487,31280562.05819032,372769867.8481699,336484415.86066914,23064988.023284487,23064988.023284487,23064988.023284487,23064988.023284487,23064988.023284487,23064988.023284487,23064988.023284487,23064988.023284487,0.0389531527517087,0.03800883389712183,14377254.561085211,13975919.047885789,20966514.024104007,13978754.577718427,20963878.571828682,20963878.571828682,857441519.9648849,611588106.1731913,245853413.7916936,245853413.7916936,245853413.7916936,479501506.3878518,488260063.7641451,215989330.01538357,215989330.01538357,289929496.3295361,273592780.1451831,0.006200444815160167,0.0,42.35857391357422,2022-03-29,0,0,0,0,0,0,0,1,0,0,0,-16.765942792383964,0
41.7922981262207,40.96157264709473,39.44589748382568,40.82234161376953,41.817496526913324,41.100178961061005,40.565262581439896,41.016937327077606,61.88729293760621,78.89212808322164,81.83339036136158,0.3870447463098259,-0.098517864923867,0.4855626112336929,20.66636463888213,136.56840628414838,-8.88250039993643,58.748167809559234,5.681793437767624,1.4482024432387868,3.4009061969591645,0.8596913552644878,42.95646151930505,41.7922981262207,40.62813473313635,2.2893905639648438,2.5768188729831905,1.024119450495796,14.285714285714286,92.85714285714286,78.57142857142857,0.6630454613305098,0.005294466539493836,1.0205494339856718,1.013567629510078,0.09381601690032648,0.02689977973568282,1.1792778951411562,0.061874604179860675,0.9026599113362888,0.4347466960352423,3.4876128288841945,1.6042692939244663,42528868.47034212,54529007.50311121,-29683318.468532547,8430626.052375937,259799487.5137465,293075802.6007011,33276315.086954605,293075802.6007011,22943514.35423758,31115820.38829559,370806644.47636783,334712292.82594496,22943514.35423758,22943514.35423758,22943514.35423758,22943514.35423758,22943514.35423758,22943514.35423758,22943514.35423758,22943514.35423758,0.038748002747688845,0.03780865722653276,14301535.559601521,13902313.71311018,20856092.14211299,13905134.309390195,20853470.56966527,20853470.56966527,852925733.2097328,608367126.7767439,244558606.43298888,244558606.43298888,244558606.43298888,476976172.0050353,485688601.71375805,214851804.32642743,214851804.32642743,288402558.63294953,272151881.11694914,0.006167789659186966,0.0,42.58283996582031,2022-03-30,0,0,0,0,0,0,0,1,0,0,0,-18.828163380703614,0
42.14365158081055,41.24377708435058,39.63886127471924,40.847945556640624,42.14425483589469,41.40883214156944,40.77788247405109,41.08677395950034,62.786718426663846,78.35308632052737,79.10103564281445,0.5088672150200892,0.02295915106492425,0.485908063955165,20.419804451829208,138.61783936450271,-8.217260911584688,58.94308807433164,7.059394734258095,1.3994920289539898,3.270011454832076,0.76625664325163,43.24760204249281,42.14365158081055,41.03970111912829,2.8220443725585938,3.1426503509592614,1.2510227790245665,7.142857142857143,100.0,92.85714285714286,0.13924111756014648,0.005047373266076738,1.0173245820605825,1.002407542430681,0.09381601690032648,0.02689977973568282,1.1792778951411562,0.061874604179860675,0.9026599113362888,0.4347466960352423,3.4876128288841945,1.6042692939244663,42315287.4198727,54255161.45165346,-29534248.09426786,8388287.235634622,258494767.93266246,291603968.5256827,33109200.59302022,291603968.5256827,22828291.446281407,30959555.95324756,368944444.152286,333031359.24651885,22828291.446281407,22828291.446281407,22828291.446281407,22828291.446281407,22828291.446281407,22828291.446281407,22828291.446281407,22828291.446281407,0.03855340930027054,0.037618781196021564,14229712.887190765,13832495.942884948,20751352.321172163,13835302.374059279,20748743.91432742,20748743.91432742,848642318.6580765,605311891.7168537,243330426.9412227,243330426.9412227,243330426.9412227,474580785.6350273,483249461.3019366,213772813.14434862,213772813.14434862,286954193.707044,270785127.5035366,0.006136814863904034,0.0,42.79777145385742,2022-03-31,0,0,0,0,0,0,0,1,0,0,0,-19.97818200422687,0
42.42959365844727,41.49327507019043,39.88321933746338,40.87728713989258,42.39635477625727,41.68005441709907,40.98004172956836,41.15790261430356,63.233560191012614,79.96044100769889,79.06855180381596,0.6067123424353085,0.13970978933900108,0.4670025530963074,20.072382999144974,114.06986916162043,-9.26653122142438,60.694539374167654,6.174840652151481,1.35225774272065,3.152075197005778,0.7382120216872323,43.42349566815135,42.42959365844727,41.43569164874319,2.4949798583984375,3.5416522438535734,1.4118554286467742,0.0,92.85714285714286,92.85714285714286,-0.01265614965256713,0.0024016017571339976,1.0173740285819564,0.999782266508452,0.09381601690032648,0.02689977973568282,1.1792778951411562,0.061874604179860675,0.9026599113362888,0.4347466960352423,3.4876128288841945,1.6042692939244663,42213906.42801968,54125174.337858476,-29463488.52844665,8368190.1754053375,257875453.78971934,290905329.77453655,33029875.984817166,290905329.77453655,22773598.33250979,30885381.56660744,368060509.38621247,332233466.76894784,22773598.33250979,22773598.33250979,22773598.33250979,22773598.33250979,22773598.33250979,22773598.33250979,22773598.33250979,22773598.33250979,0.038461041196152665,0.037528652318670176,14195620.659670893,13799355.386740835,20701635.237609975,13802155.094132973,20699033.080111254,20699033.080111254,846609100.7540998,603861656.5015339,242747444.25256598,242747444.25256598,242747444.25256598,473443762.2636708,482091669.10232085,213260646.00218228,213260646.00218228,286266695.1090611,270136367.5286141,0.006122111988993896,0.0,42.90055465698242,2022-04-01,0,0,0,0,0,0,0,1,0,0,0,-21.193623793728737,0
42.71179733276367,41.78762702941894,40.29157390594482,40.92513107299805,42.570652075366176,41.905362100096326,41.16472791471271,41.22697493035377,63.31981949442746,76.26820759450385,78.19391164091003,0.6779486305671867,0.2473575575846382,0.4305910729825485,19.310112869769984,87.54775832543994,-10.000063541785838,60.22950069948493,7.363267180353983,1.3297561530964952,3.0982746813096695,1.0372354879824854,43.138367741773294,42.71179733276367,42.28522692375405,2.9435195922851562,4.082840820788823,1.6287557895366973,0.0,85.71428571428572,85.71428571428572,0.07207392973375877,0.00043570570942530473,1.0246720772225615,1.0017448600592613,0.09381601690032648,0.02689977973568282,1.1792778951411562,0.061874604179860675,0.9026599113362888,0.4347466960352423,3.4876128288841945,1.6042692939244663,42195521.598347105,54101601.96099501,-29450656.709172133,8364545.695089238,257763144.9158001,290778635.8627122,33015490.946912117,290778635.8627122,22763680.067137007,30871930.490231868,367900213.16283864,332088773.79416966,22763680.067137007,22763680.067137007,22763680.067137007,22763680.067137007,22763680.067137007,22763680.067137007,22763680.067137007,22763680.067137007,0.038444290799156663,0.03751230799190438,14189438.240416005,13793345.547333784,20692619.345218297,13796144.03540869,20690018.321000677,20690018.321000677,846240388.9850727,603598665.116941,242641723.86813182,242641723.86813182,242641723.86813182,473237569.9525279,481881710.4897928,213167767.58877838,213167767.58877838,286142021.39663213,270018718.83116764,0.006119445711558851,0.0,42.919246673583984,2022-04-04,0,0,0,0,0,0,0,1,0,0,0,-21.35860001352766,0
42.689370727539064,41.98853378295898,40.57424468994141,40.95017440795898,42.46258167939451,41.967376425069936,41.267748197830656,41.266953987494844,58.041326593397415,62.0374320105567,72.75536020425314,0.6723635100608547,0.3323587480798815,0.3400047619809732,18.262826865644403,60.79522906345027,-25.652271573343818,55.76589307282146,4.993038481469347,1.3429026042894086,3.178735477071401,1.5138064697972808,43.19274173705313,42.689370727539064,42.185999718024995,2.0090675354003906,4.334848973141742,1.7314853912744823,7.142857142857143,78.57142857142857,71.42857142857143,-0.493827015138707,-0.01567608563239098,1.0363147031992834,0.9826124914965246,0.09381601690032648,0.02689977973568282,1.1792778951411562,0.061874604179860675,0.9026599113362888,0.4347466960352423,3.4876128288841945,1.6042692939244663,42867516.45717775,54963209.94675137,-29919680.177732013,8497757.26566914,261868213.4543111,295409500.4889996,33541287.0346885,295409500.4889996,23126208.4918071,31363588.793904204,373759295.8911301,337377532.8902012,23126208.4918071,23126208.4918071,23126208.4918071,23126208.4918071,23126208.4918071,23126208.4918071,23126208.4918071,23126208.4918071,0.03905654453580523,0.038109719213725114,14415415.528669933,14013014.766785879,21022164.597628947,14015857.822851121,21019522.15017882,21019522.15017882,859717392.4487553,613211419.8451942,246505972.60356104,246505972.60356104,246505972.60356104,480774227.9192365,489556032.78152966,216562621.79277703,216562621.79277703,290699044.511651,274318966.4396648,0.006216902406044217,0.0,42.24644088745117,2022-04-05,0,0,0,0,0,0,0,1,0,0,0,-18.756916132165248,0
42.3454948425293,42.068896484375,40.71768283843994,40.94793182373047,41.929541299853504,41.76666444610658,41.22924461144407,41.25113071507432,48.99920607860228,44.98071585762175,61.095451820894105,0.5500022226348875,0.3758874429908827,0.1741147796440048,18.10318222596248,-50.145064645226064,-64.09630738466933,52.97997484081963,2.0060667841425905,1.4205211602212524,3.4762625128234754,2.429562387335224,43.90705151508832,42.3454948425293,40.78393816997028,0.8036270141601634,4.352922716702833,1.7414893859471974,0.0,71.42857142857143,71.42857142857143,-0.30726198645463254,-0.032736020304386826,1.0420089389788105,0.9875790593445614,0.09381601690032648,0.02689977973568282,1.1792778951411562,0.061874604179860675,0.9026599113362888,0.4347466960352423,3.4876128288841945,1.6042692939244663,44318321.94419941,56823381.31111598,-30932279.92129655,8785354.81941888,270730864.53267705,305407320.74191535,34676456.209238306,305407320.74191535,23908890.413850263,32425056.088384442,386408781.6117663,348795716.54924035,23908890.413850263,23908890.413850263,23908890.413850263,23908890.413850263,23908890.413850263,23908890.413850263,23908890.413850263,23908890.413850263,0.04037837173270515,0.03939950211494261,14903289.93043481,14487270.342885727,21733637.392601322,14490209.619158724,21730905.51432859,21730905.51432859,888813612.9283947,633964907.943915,254848704.98447967,254848704.98447967,254848704.98447967,497045520.1593784,506124535.864126,223891953.32273906,223891953.32273906,300537444.39354664,283603000.00625455,0.006427306853709786,0.0,40.86346054077149,2022-04-06,0,0,0,0,0,0,0,1,0,0,0,-16.5104151740026,0
41.70820007324219,41.92592582702637,40.78122539520264,40.923262405395505,41.156793402376294,41.37477956634572,41.07515442058481,41.186823534382064,42.53766478652155,28.542160010918025,45.186769293032164,0.3479796440979399,0.3703058832122942,-0.022326239114354274,18.69843029256762,-117.96847120460319,-78.27788862676137,51.30193116847774,-3.48360524314707,1.4825840792335658,3.742831385952319,2.2894020263936383,44.283254453177086,41.70820007324219,39.13314569330729,-1.4297065734863281,4.215961202876893,1.686800761100578,100.0,64.28571428571429,-35.714285714285715,-0.4608290718340248,-0.030642606298609265,1.0525678790652215,0.9769532147023129,0.09381601690032648,0.02689977973568282,1.1792778951411562,0.061874604179860675,0.9026599113362888,0.4347466960352423,3.4876128288841945,1.6042692939244663,45719279.83648476,58619639.856608294,-31910088.190677382,9063070.933902832,279289007.6372341,315061630.2370678,35772622.59983374,315061630.2370678,24664680.508142248,33450052.889752794,398623649.15411067,359821587.8019974,24664680.508142248,24664680.508142248,24664680.508142248,24664680.508142248,24664680.508142248,24664680.508142248,24664680.508142248,24664680.508142248,0.0416547828438431,0.040644969926416606,15374401.667818453,14945231.17791219,22420665.003248885,14948263.368404672,22417846.766868286,22417846.766868286,916910129.0232614,654005335.9712723,262904793.05198914,262904793.05198914,262904793.05198914,512757754.1462408,522123768.9553715,230969459.5383761,230969459.5383761,310037810.972871,292568047.50139254,0.0066304821064682665,0.0,39.611297607421875,2022-04-07,0,0,0,0,0,0,0,1,0,0,0,-14.343003721928563,0
40.835425567626956,41.63250961303711,40.827947998046874,40.89373374938965,40.28342297788628,40.858761850447635,40.83339515471066,41.082896420441834,37.916492426760364,17.702312206487544,30.40839602500911,0.10000995443272842,0.316246697456381,-0.2162367430236526,19.303375522184474,-146.59685054330598,-98.84834285851363,45.481692275950195,-7.075240911119174,1.460118171087848,3.788904727718159,1.168061365193516,44.07477997912896,40.835425567626956,37.59607115612495,-2.934162139892578,3.9388641260723034,1.5753258436154098,100.0,57.142857142857146,-42.85714285714286,-0.8799987792968704,-0.02712901478678842,1.0303545408143888,0.9740198755277082,0.09381601690032648,0.02689977973568282,1.1792778951411562,0.061874604179860675,0.9026599113362888,0.4347466960352423,3.4876128288841945,1.6042692939244663,46994185.79788877,60254279.084868975,-32799917.641375706,9315799.393397056,287077127.2678318,323847288.10472214,36770160.836890325,323847288.10472214,25352467.987044353,34382825.05919526,409739477.49788165,369855400.42921513,25352467.987044353,25352467.987044353,25352467.987044353,25352467.987044353,25352467.987044353,25352467.987044353,25352467.987044353,25352467.987044353,0.0428163481869224,0.04177837610966368,15803124.876264086,15361986.743429128,23045876.93951551,15365103.488134814,23042980.11514369,23042980.11514369,942478646.1509222,672242615.8366132,270236030.314309,270236030.314309,270236030.314309,527056271.530049,536683462.5466237,237410163.37100184,237410163.37100184,318683377.02036,300726460.08378404,0.00681537655788465,0.0,38.53668212890625,2022-04-08,0,0,0,0,0,0,0,1,0,0,0,-10.960230287384084,0
40.216819763183594,41.46430854797363,40.945688819885255,40.88794013977051,40.13102120237992,40.671026541523915,40.737473487725566,41.033614900085965,45.55951912859497,17.97348922482953,21.405987147411704,0.007460923530281605,0.25448954267116114,-0.24702861914087954,19.377570764207753,-104.0488577248589,-70.467351450475,51.02787104527524,-4.052234266413246,1.4839769068108948,3.726130660464443,1.794140471210504,42.72753213449199,40.216819763183594,37.7061073918752,-1.6820106506347656,3.50530299384288,1.4043696232331087,100.0,50.0,-50.0,0.7760412941372731,0.03346254662369241,1.046783580070996,1.0362265457105615,0.09381601690032648,0.02689977973568282,1.1792778951411562,0.061874604179860675,0.9026599113362888,0.4347466960352423,3.4876128288841945,1.6042692939244663,45472558.199054345,58303302.11938387,-31737887.114083212,9014162.558509393,277781839.5119482,313361417.0757583,35579577.56381006,313361417.0757583,24531578.88485704,33269541.476392608,396472498.04697305,357879829.9343576,24531578.88485704,24531578.88485704,24531578.88485704,24531578.88485704,24531578.88485704,24531578.88485704,24531578.88485704,24531578.88485704,0.04142999504607381,0.040425631529805356,15291434.535187243,14864580.04077315,22299673.0890791,14867595.868212536,22296870.061159726,22296870.061159726,911962072.7717581,650476031.3112656,261486041.46049252,261486041.46049252,261486041.46049252,509990684.4732153,519306156.0866052,229723045.2585026,229723045.2585026,308364708.5823227,290989219.75087845,0.006594701065994495,0.0,39.82621765136719,2022-04-11,0,0,0,0,0,0,0,1,0,0,0,-13.890197930998283,0
39.770154571533205,41.229762649536134,40.981198120117185,40.85168357849121,40.091719111319684,40.55140624837397,40.66848695834211,40.99359529338452,46.585878774547794,28.202523145858166,21.292774859058415,-0.05022484117911574,0.19354666590110575,-0.2437715070802215,19.446459547773912,-78.09134149805838,-66.72888744979655,52.93263937447463,-5.537152854013749,1.4307082514809608,3.575598285743343,0.7382157321918186,41.2679344080797,39.770154571533205,38.27237473498671,-2.345458984375,2.6834909796639153,1.0805475772955475,92.85714285714286,42.85714285714286,-50.0,-0.10126802321651156,0.0046928201786096135,1.0187337194647808,0.9981351555196,0.09381601690032648,0.02689977973568282,1.1792778951411562,0.061874604179860675,0.9026599113362888,0.4347466960352423,3.4876128288841945,1.6042692939244663,45260160.405018575,58030973.19737887,-31589642.601846203,8972058.302264864,276484348.18372196,311897737.0815195,35413388.897797525,311897737.0815195,24416994.321205493,33114142.759055555,394620614.46451867,356208208.8640142,24416994.321205493,24416994.321205493,24416994.321205493,24416994.321205493,24416994.321205493,24416994.321205493,24416994.321205493,24416994.321205493,0.04123647966222012,0.04023680742798449,15220009.76623761,14795149.066687463,22195513.53528611,14798150.807497008,22192723.600031193,22192723.600031193,907702388.6859605,647437722.5027119,260264666.1832487,260264666.1832487,260264666.1832487,507608568.73900175,516880528.71153736,228650031.7755466,228650031.7755466,306924367.7161972,289630038.0639206,0.006563897873602919,0.0,40.01311492919922,2022-04-12,0,0,0,0,0,0,0,1,0,0,0,-13.988800669031132,0
40.203738403320315,41.2746166229248,41.11809463500977,40.86794296264648,41.071605974115464,41.00231051225271,40.893524362281624,41.073508407357956,59.77492796896533,61.00726647126239,35.72775961398336,0.14592538002844435,0.18402240872657347,-0.038097028698129115,18.904207127908656,56.67144371625795,-6.355219518686698,59.528099796635594,1.0533344752175822,1.5454401035170116,3.5914258717749954,3.0369541799856705,43.21099326405677,40.203738403320315,37.19648354258386,0.44853973388671875,2.3691688443756584,0.9598478415073544,85.71428571428572,35.714285714285715,-50.0,0.8256410156089533,0.07543188716620652,1.0441976611547519,1.0362286377161123,0.09381601690032648,0.02689977973568282,1.1792778951411562,0.061874604179860675,0.9026599113362888,0.4347466960352423,3.4876128288841945,1.6042692939244663,42085566.68733375,53960621.67199832,-29373912.917056795,8342749.000967872,257091454.58971468,290020912.3456241,32929457.7559094,290020912.3456241,22704361.48731368,30791483.081566658,366941522.91165096,331223402.5370336,22704361.48731368,22704361.48731368,22704361.48731368,22704361.48731368,22704361.48731368,22704361.48731368,22704361.48731368,22704361.48731368,0.03834411100723395,0.03741455680099798,14152462.789942713,13757402.252292424,20638697.62479511,13760193.447946344,20636103.378438637,20636103.378438637,844035219.262265,602025781.668729,242009437.593536,242009437.593536,242009437.593536,472004387.071472,480626002.33431065,212612285.82132328,212612285.82132328,285396380.16960007,269315092.4017177,0.006103499395855721,0.0,43.03137969970703,2022-04-13,0,0,0,0,0,0,0,1,0,0,0,-16.308358431398553,0
41.0204475402832,41.3643238067627,41.30405044555664,40.91410484313965,41.946018413489085,41.49186192679519,41.16031664132493,41.17630585382378,61.99633105767337,82.01423443850183,57.07467468520746,0.3508672316033312,0.217391373301925,0.1334758583014062,18.97817163363755,104.84185251175411,-6.535966633069232,61.98322114899931,2.0960713791980723,1.509140431886081,3.453818158341408,1.0372447006839849,45.00102392302549,41.0204475402832,37.03987115754091,0.8970718383789062,2.091571587137449,0.851967249161163,78.57142857142857,100.0,21.42857142857143,0.3595504654791097,0.015418134328000876,1.0192349120562652,1.006890605174139,0.09381601690032648,0.02689977973568282,1.1792778951411562,0.061874604179860675,0.9026599113362888,0.4347466960352423,3.4876128288841945,1.6042692939244663,41446538.3909908,53141282.24399815,-28927898.6892393,8216072.491643124,253187771.51823923,285617227.56464124,32429456.04640197,285617227.56464124,22359617.895084493,30323944.43294468,361369873.65750676,326194098.11529094,22359617.895084493,22359617.895084493,22359617.895084493,22359617.895084493,22359617.895084493,22359617.895084493,22359617.895084493,22359617.895084493,0.037761893067440544,0.0368464532355026,13937571.44125533,13548509.512681698,20325319.124277513,13551258.326751055,20322764.269022547,20322764.269022547,831219367.399661,592884607.154615,238334760.24504596,238334760.24504596,238334760.24504596,464837460.6622939,473328165.10351837,209383975.5600082,209383975.5600082,281062914.4007499,265225805.3082233,0.006010823708496193,0.0,43.69484329223633,2022-04-14,0,0,0,0,0,0,0,1,0,0,0,-17.02310067423346,0
41.95863342285156,41.39702949523926,41.445152282714844,40.96680778503418,42.37321612290874,41.80745276587753,41.35720186993666,41.25674921413453,59.50416024060119,92.78679707571496,78.60276599515971,0.4701636738911006,0.26794583341976014,0.20221784047134045,18.871931386317048,77.48435658056587,-14.706018742385913,62.74145982638074,0.7623605041488624,1.4567440338165878,3.3699387540986487,0.7755908589131764,45.318127906599166,41.95863342285156,38.59913893910396,0.327056884765625,1.753927540634605,0.7177303265302655,71.42857142857143,92.85714285714286,21.42857142857143,-0.2289191512048465,-0.010693063878576714,1.0180277584676916,0.9959095277010664,0.09381601690032648,0.02689977973568282,1.1792778951411562,0.061874604179860675,0.9026599113362888,0.4347466960352423,3.4876128288841945,1.6042692939244663,41894519.16053668,53715667.30577922,-29240569.971793685,8304877.072685073,255924387.3401531,288704361.7468237,32779974.406670608,288704361.7468237,22601294.986109518,30651705.07328056,365275791.0242265,329719813.139221,22601294.986109518,22601294.986109518,22601294.986109518,22601294.986109518,22601294.986109518,22601294.986109518,22601294.986109518,22601294.986109518,0.03817004782710409,0.037244713334325816,14088217.65254933,13694950.49311856,20545008.20944701,13697729.018133389,20542425.739677843,20542425.739677843,840203719.4426793,599292884.2478538,240910835.1948255,240910835.1948255,240910835.1948255,469861722.0704917,478444199.49101025,211647131.86071235,211647131.86071235,284100822.64525175,268092535.9201875,0.006075792546306832,0.0,43.22761154174805,2022-04-18,0,0,0,0,0,0,0,1,0,0,0,-16.861222858491267,0
42.842621612548825,41.52972068786621,41.65867385864258,41.0357699584961,42.997530281890334,42.250853826600434,41.632340606119214,41.37398095475096,62.99629108907965,90.80961708244085,88.53688286555253,0.6395231740635339,0.34226130154851486,0.297261872515019,19.206533740085842,102.79900467407028,-5.255291678645605,66.72280147788605,3.0916477550530397,1.4488056275418864,3.2744212681701197,1.345606345970765,45.79370992681332,42.842621612548825,39.89153329828433,1.3269119262695384,1.4155853147156097,0.5828935427543485,64.28571428571429,100.0,35.714285714285715,0.6759243560943291,0.02356241813457105,1.0231660629729455,1.0156585061982288,0.09381601690032648,0.02689977973568282,1.1792778951411562,0.061874604179860675,0.9026599113362888,0.4347466960352423,3.4876128288841945,1.6042692939244663,40930106.868215114,52479132.0530069,-28567451.729113147,8113698.711037673,250033005.12593254,282058384.160864,32025379.03493143,282058384.160864,22081012.926695842,29946102.485027626,356867138.2932726,322129659.41064054,22081012.926695842,22081012.926695842,22081012.926695842,22081012.926695842,22081012.926695842,22081012.926695842,22081012.926695842,22081012.926695842,0.037291372905883455,0.03638733962331659,13763906.72708062,13379692.581989702,20072061.894271202,13382407.145328097,20069538.87298455,20069538.87298455,820862220.5707195,585497155.4544345,235365065.11628506,235365065.11628506,235365065.11628506,459045500.0553933,467430408.75120103,206775012.55510774,206775012.55510774,277560818.5800938,261921042.7916869,0.005935927734998208,0.0,44.24615859985352,2022-04-19,0,0,0,0,0,0,0,1,0,0,0,-16.409709053428948,0
43.68549270629883,41.727823638916014,41.8581787109375,41.08679084777832,43.40751032057663,42.610238657754756,41.87949582438874,41.48588250154305,62.88913254476749,86.74355578258469,90.11332331358015,0.7634334310374555,0.426495727446303,0.33693770359115255,19.70336891895251,101.63511369917602,-10.526294181713828,67.6031835202565,4.6892222608188705,1.4060586826941086,3.17915239113315,0.8503483996729955,44.683768212215426,43.68549270629883,42.687217200382236,1.9810295104980469,1.0464660009819362,0.4336210397573623,57.142857142857146,100.0,42.85714285714286,-0.26373396045289244,-0.00042236891282054767,1.0192960103977193,0.9949548483222791,0.09381601690032648,0.02689977973568282,1.1792778951411562,0.061874604179860675,0.9026599113362888,0.4347466960352423,3.4876128288841945,1.6042692939244663,40947401.77778682,52501306.97295473,-28579522.831100248,8117127.133200149,250138655.91808704,282177567.1931417,32038911.275054626,282177567.1931417,22090343.200937454,29958756.13228467,357017931.56888676,322265774.4554366,22090343.200937454,22090343.200937454,22090343.200937454,22090343.200937454,22090343.200937454,22090343.200937454,22090343.200937454,22090343.200937454,0.0373071302779394,0.03640271499847421,13769722.629857635,13385346.136084925,20080543.291510083,13388061.846454958,20078019.20412739,20078019.20412739,821209073.7543995,585744555.7456353,235464518.0087642,235464518.0087642,235464518.0087642,459239468.53044075,467627920.24748045,206862384.79567733,206862384.79567733,277678101.1778023,262031716.84305438,0.005938435945732461,0.0,44.22747039794922,2022-04-20,0,0,0,0,0,0,0,1,0,0,0,-15.592645346726048,0
44.12094650268555,42.16234245300293,42.11561946868896,41.12996238708496,44.007889774264626,43.08267684391582,42.19655800126987,41.631873332135115,66.14522583022433,77.52407331780636,85.02574872761062,0.9300846529378504,0.5272135125446125,0.4028711403932379,21.048918580678514,134.9799399088347,-18.98451921439143,61.3325846345538,10.633431636397317,1.490513656769838,3.2969657360608973,2.588428319754321,45.444497102558614,44.12094650268555,42.79739590281248,4.3451881408691335,0.9534920132391852,0.39726147284874713,50.0,100.0,50.0,-0.29255321307550014,0.022184815791248758,1.03898791384955,0.9887594679413406,0.09381601690032648,0.02689977973568282,1.1792778951411562,0.061874604179860675,0.9026599113362888,0.4347466960352423,3.4876128288841945,1.6042692939244663,40058706.747752294,51361853.7097078,-27959251.976343952,7940958.433154651,244709813.77713063,276053373.9436491,31343560.166518494,276053373.9436491,21610909.16209497,29308551.32013903,349269453.09056246,315271533.55920124,21610909.16209497,21610909.16209497,21610909.16209497,21610909.16209497,21610909.16209497,21610909.16209497,21610909.16209497,21610909.16209497,0.03649744126658822,0.03561265481164064,13470873.77657711,13094839.533224382,19644728.606114365,13097496.303632315,19642259.299836572,19642259.299836572,803386101.0924147,573031947.5468088,230354153.54560593,230354153.54560593,230354153.54560593,449272442.16101426,457478836.5306532,202372781.9078883,202372781.9078883,271651561.33028483,256344755.65969148,0.005809552102508646,0.0,45.208648681640625,2022-04-21,0,0,0,0,0,0,0,1,0,0,0,-14.241422117096228,0
44.13776473999023,42.579106140136716,42.252515983581546,41.126785125732425,43.93157134242967,43.20926914116017,42.34726052293558,41.71607180847334,58.140272842604645,52.950667825130154,72.40609897517372,0.9360013188358351,0.608971073802857,0.3270302450329782,21.195672858193728,78.19954735642882,-35.872020316688825,53.001010168085074,10.52133386954992,1.523548292996573,3.4800945046658303,1.9529985639441279,45.441214547556946,44.13776473999023,42.83431493242352,4.167636871337891,0.9352433886372361,0.39091215378198996,42.85714285714286,92.85714285714286,50.0,-0.7368424895187122,-0.03162479402887952,1.044648581313232,0.9681752234975893,0.09381601690032648,0.02689977973568282,1.1792778951411562,0.061874604179860675,0.9026599113362888,0.4347466960352423,3.4876128288841945,1.6042692939244663,41366927.30332766,53039207.72961172,-28872333.578910083,8200290.945275886,252701444.92364103,285068610.0196186,32367165.095977522,285068610.0196186,22316669.229901228,30265697.778525207,360675749.3757834,325567539.9526942,22316669.229901228,22316669.229901228,22316669.229901228,22316669.229901228,22316669.229901228,22316669.229901228,22316669.229901228,22316669.229901228,0.0376893594977861,0.03677567805541554,13910799.960091963,13522485.34708447,20286277.968480144,13525228.881193511,20283728.020626705,20283728.020626705,829622749.6724796,591745786.1513011,237876963.52117848,237876963.52117848,237876963.52117848,463944594.39971733,472418989.7777044,208981787.90620914,208981787.90620914,280523044.8438249,264716355.89081404,0.005999278034677296,0.0,43.778934478759766,2022-04-22,0,0,0,0,0,0,0,1,0,0,0,-11.419414737306216,0
44.16953735351562,43.06408538818359,42.34829750061035,41.12491645812988,43.74987243141145,43.24148831719923,42.446233293072666,41.78157780066556,56.13209468930405,33.91992058691982,54.79822057661877,0.8986628615817835,0.6669094313586423,0.2317534302231412,20.30718096926282,27.547456928915086,-40.507678592649185,46.71156067983559,12.58487293806474,1.520849646053833,3.505354283210662,1.485767235798214,45.387646469250214,44.16953735351562,42.95142823778103,4.84979248046875,1.1208942122607641,0.46998072893191534,35.714285714285715,85.71428571428572,50.0,0.09523708606063573,-0.00896458248830101,1.0278391998002132,1.002591209853731,0.09381601690032648,0.02689977973568282,1.1792778951411562,0.061874604179860675,0.9026599113362888,0.4347466960352423,3.4876128288841945,1.6042692939244663,41741119.00782731,53518983.06801492,-29133503.272166606,8274468.097078965,254987299.6044139,287647247.4973412,32659947.89292728,287647247.4973412,22518538.52603384,30539471.388940472,363938304.3255623,328512517.51439136,22518538.52603384,22518538.52603384,22518538.52603384,22518538.52603384,22518538.52603384,22518538.52603384,22518538.52603384,22518538.52603384,0.0380302851258504,0.03710833881976918,14036632.510086602,13644805.330002083,20469781.00885145,13647573.681224009,20467207.995003123,20467207.995003123,837127245.9217494,597098525.1335033,240028720.7882461,240028720.7882461,240028720.7882461,468141285.5703924,476692337.5592957,210872168.85842744,210872168.85842744,283060564.6245871,267110893.52938196,0.006053545543044605,0.0,43.386474609375,2022-04-25,0,0,0,0,0,0,0,1,0,0,0,-11.931934081176742,0
43.73408508300781,43.28835334777832,42.37633094787598,41.11538505554199,43.18954737004578,43.02828994085654,42.41029652680998,41.79284522994591,49.90054561287788,16.3903215872663,34.420303333105416,0.7540620258869453,0.6843399502643029,0.06972207562264232,19.174073595790382,3.995967973621499,-56.07064153260241,42.465358822221646,5.631163912122794,1.5243517453962137,3.623464947119629,1.569879036847162,45.795824525950536,43.73408508300781,41.67234564006509,2.2426795959472656,1.4545420591199933,0.6108067585871737,28.571428571428573,78.57142857142857,50.0,-0.6500011920940324,-0.030368389548199093,1.0357541558462815,0.9774207363326217,0.09381601690032648,0.02689977973568282,1.1792778951411562,0.061874604179860675,0.9026599113362888,0.4347466960352423,3.4876128288841945,1.6042692939244663,43048430.515149966,55195171.538475,-30045950.39820517,8533620.405819347,262973377.5754302,296656219.1215194,33682841.54608918,296656219.1215194,23223808.179625355,31495952.75128311,375336674.67378134,338801369.48229295,23223808.179625355,23223808.179625355,23223808.179625355,23223808.179625355,23223808.179625355,23223808.179625355,23223808.179625355,23223808.179625355,0.03922137512423934,0.03827055390910627,14476253.000401067,14072153.98396951,21110884.575342517,14075009.03860272,21108230.975954264,21108230.975954264,863345663.340832,615799359.9809359,247546303.35989606,247546303.35989606,247546303.35989606,482803242.5141971,491622109.2845564,217476582.43131256,217476582.43131256,291925883.5762323,275476676.5544301,0.006243139639624526,0.0,42.06889724731445,2022-04-26,0,0,0,0,0,0,0,1,0,0,0,-10.617504778017683,0
43.474310302734374,43.5799015045166,42.40483207702637,41.12585105895996,43.102563745557866,43.01016386007935,42.45965842869303,41.83738449530419,53.52590308805234,18.133400622635456,22.81454759894051,0.7007574705019479,0.6876234543118319,0.013134016190116005,17.992979555173203,6.103362440233624,-45.91604420790877,47.59586323261957,7.286314930845994,1.5269357999149058,3.5569199194212655,1.560528508657903,45.54919440065682,43.474310302734374,41.399426204811924,2.9154815673828125,2.0500990653355053,0.8632277219723434,21.42857142857143,71.42857142857143,50.0,0.5389213760336252,0.020435507120939667,1.0374943451867584,1.0199821867870205,0.09381601690032648,0.02689977973568282,1.1792778951411562,0.061874604179860675,0.9026599113362888,0.4347466960352423,3.4876128288841945,1.6042692939244663,42186331.43862953,54089818.663996555,-29444242.373510614,8362723.901970183,257707004.2548639,290715304.44732,33008300.192456126,290715304.44732,22758722.1510442,30865206.601979088,367820084.7133961,332016445.0551003,22758722.1510442,22758722.1510442,22758722.1510442,22758722.1510442,22758722.1510442,22758722.1510442,22758722.1510442,22758722.1510442,0.03843591765529471,0.037504137833348175,14186347.789136048,13790341.36480877,20688112.504929233,13793139.243374623,20685512.047213152,20685512.047213152,846056078.327457,603467201.6836756,242588876.64378127,242588876.64378127,242588876.64378127,473134499.08890355,481776756.93745774,213121339.774722,213121339.774722,286079699.83313596,269959908.91346085,0.006118112899892068,0.0,42.92859649658203,2022-04-27,0,0,0,0,0,0,0,1,0,0,0,-11.580326217486263,0
43.197713470458986,43.65932998657227,42.466973304748535,41.11837547302246,43.34359733712647,43.15843670738559,42.58975424693786,41.91535626098888,57.020839516022214,28.11834764735646,20.88068995241939,0.7225697840352936,0.6946127202565242,0.027957063778769387,17.634467653753713,45.75417629401442,-35.32005431829734,46.948269543501766,1.8458269897445367,1.5253302287864299,3.480449744421246,1.5044578041162424,44.498304462360046,43.197713470458986,41.897122478557925,0.7942848205566406,2.5056518826276535,1.0585037622696305,14.285714285714286,64.28571428571429,50.0,-0.4391877785309825,0.02089674708450029,1.0321250174091623,0.9863302266748506,0.09381601690032648,0.02689977973568282,1.1792778951411562,0.061874604179860675,0.9026599113362888,0.4347466960352423,3.4876128288841945,1.6042692939244663,41322818.94237218,52982653.552837215,-28841547.842715867,8191547.211657434,252431996.66452977,284764649.58630854,32332652.921778783,284764649.58630854,22292873.609440982,30233426.338289972,360291171.2313952,325220396.67897886,22292873.609440982,22292873.609440982,22292873.609440982,22292873.609440982,22292873.609440982,22292873.609440982,22292873.609440982,22292873.609440982,0.03764917242126675,0.03673646521105423,13895967.27548573,13508066.711145407,20264647.29563573,13510807.319903191,20262100.06671811,20262100.06671811,828738146.8729749,591114824.6941434,237623322.17883152,237623322.17883152,237623322.17883152,463449903.6656661,471915263.04038733,208758956.65586033,208758956.65586033,280223931.21550125,264434096.4788245,0.005992881177615966,0.0,43.82566452026367,2022-04-28,0,0,0,0,0,0,0,1,0,0,0,-15.565051896939888,0
43.17341842651367,43.655591583251955,42.50995769500732,41.105293121337894,43.44821797776205,43.24916808041243,42.691440438565984,41.98367402561807,56.16790550311788,46.67747788556784,30.976408718519906,0.7180067064600095,0.6992915174972213,0.018715188962788232,17.594640965694587,51.22550836079852,-37.3068615618136,45.3486857019168,-0.08555708268157547,1.5205024803919158,3.4828011208126073,1.4577417512632351,44.43358293770714,43.17341842651367,41.9132539153202,-0.037384033203125,2.8875455739815825,1.2238289026113662,7.142857142857143,57.142857142857146,50.0,-0.26922935847118845,-0.0038380538680182763,1.0334979897683871,0.9910904078408296,0.09381601690032648,0.02689977973568282,1.1792778951411562,0.061874604179860675,0.9026599113362888,0.4347466960352423,3.4876128288841945,1.6042692939244663,41482029.205015734,53186787.30759058,-28952669.748834837,8223107.942904831,253404577.081772,285861802.58343256,32457225.501660574,285861802.58343256,22378764.513142116,30349910.93133399,361679315.92887825,326473419.2485308,22378764.513142116,22378764.513142116,22378764.513142116,22378764.513142116,22378764.513142116,22378764.513142116,22378764.513142116,22378764.513142116,0.03779422870694421,0.036878004980715265,13949506.231835771,13560111.148188468,20342723.76526905,13562862.31607681,20340166.722282704,20340166.722282704,831931143.4158871,593392296.2921798,238538847.12370726,238538847.12370726,238538847.12370726,465235502.5859054,473733477.64667886,209563271.7817167,209563271.7817167,281303589.54544353,265452919.0816827,0.0060159707976056,0.0,43.6574592590332,2022-04-29,0,0,0,0,0,0,0,1,0,0,0,-12.735443037864078,0
43.19210510253906,43.68082122802734,42.538925361633304,41.10809638977051,43.458781315008686,43.29112079115598,42.766532586274174,42.042349867339006,55.22879588087607,56.761344139224796,43.85238989071635,0.6920855990357353,0.6978503338049241,-0.005764734769188817,16.697290793742336,-7.785339219364692,-45.01904121167225,48.0231173798479,0.5836465137803115,1.5320387990678126,3.5235557523206285,1.6820109418544718,44.467037320329965,43.19210510253906,41.917172884748155,0.25229644775390625,2.748327835450306,1.1674022674560547,0.0,50.0,50.0,0.07222057389903451,-0.004066917144165072,1.0397702854288757,1.002801664852219,0.09381601690032648,0.02689977973568282,1.1792778951411562,0.061874604179860675,0.9026599113362888,0.4347466960352423,3.4876128288841945,1.6042692939244663,41651422.08758258,53403976.85663542,-29070898.68509353,8256687.20565552,254439360.88068807,287029126.2578855,32589765.377197415,287029126.2578855,22470148.746310428,30473845.536193773,363156242.2766035,327806581.45461875,22470148.746310428,22470148.746310428,22470148.746310428,22470148.746310428,22470148.746310428,22470148.746310428,22470148.746310428,22470148.746310428,0.0379485623658262,0.037028597217563755,14006469.382295854,13615484.194284312,20425793.776160497,13618246.596634127,20423226.29142647,20423226.29142647,835328354.6223078,595815428.272178,239512926.35012975,239512926.35012975,239512926.35012975,467135303.1589673,475667979.90910155,210419028.5363297,210419028.5363297,282452299.64527977,266536902.58033934,0.0060405371617486825,0.0,43.47990798950195,2022-05-02,0,0,0,0,0,0,0,1,0,0,0,-18.00988366640209,0
43.60886917114258,43.67147712707519,42.600598907470705,41.131831359863284,43.690093406783134,43.44777475464254,42.898550205708254,42.125109385887754,58.088458367909965,63.880998149223224,55.77327339133861,0.7175614448631578,0.7017925560165709,0.015768888846586893,16.096737326804217,19.672944997429095,-47.65888062159368,55.80294062008894,-0.21118445641019612,1.5187221239953919,3.439702484650551,1.3456053480539225,44.42104364561002,43.60886917114258,42.79669469667514,-0.09344100952149148,2.589033087224512,1.1024094850589066,0.0,42.85714285714286,42.85714285714286,0.2291681567842053,0.01547403460450103,1.0312771198539081,1.0070332873813517,0.09381601690032648,0.02689977973568282,1.1792778951411562,0.061874604179860675,0.9026599113362888,0.4347466960352423,3.4876128288841945,1.6042692939244663,41016727.82190305,52590194.36911037,-28627909.424011845,8130869.84431982,250562153.44766065,282655308.23707896,32093154.789418343,282655308.23707896,22127743.28105979,30009477.837670647,357622381.1749581,322811386.8832602,22127743.28105979,22127743.28105979,22127743.28105979,22127743.28105979,22127743.28105979,22127743.28105979,22127743.28105979,22127743.28105979,0.037370293156344575,0.03646434665558471,13793035.474069,13408008.211246055,20114540.67766073,13410728.51945255,20112012.316869084,20112012.316869084,822599422.6899607,586736251.2171289,235863171.4728318,235863171.4728318,235863171.4728318,460016984.4233423,468419638.21789,207212613.38630095,207212613.38630095,278148224.3957986,262475349.93265292,0.005948490021314335,0.0,44.15271759033203,2022-05-03,0,0,0,0,0,0,0,1,0,0,0,-19.32275363583504,0
44.006944274902345,43.74062728881836,42.73422546386719,41.177619552612306,44.09971960964904,43.71526516568587,43.090971330438975,42.234672626260036,61.13326398987904,75.7172468607568,65.45319638306826,0.7904695238502129,0.7195279495832992,0.07094157426691361,15.919026905569222,66.29342913840712,-36.51075182199182,56.957284320734495,1.5635115714501824,1.5323879521903554,3.4114492906597356,1.710043718724883,45.02116864092038,44.006944274902345,42.99271990888431,0.6915016174316406,2.6039423049858157,1.1121737406804044,0.0,35.714285714285715,35.714285714285715,0.6393426220076521,0.017354637876618728,1.0394822414519915,1.0249466552426383,0.09381601690032648,0.02689977973568282,1.1792778951411562,0.061874604179860675,0.9026599113362888,0.4347466960352423,3.4876128288841945,1.6042692939244663,40317040.18916304,51693079.69035703,-28139557.591994524,7992168.651523761,246287915.8546166,277833606.6045029,31545690.749886267,277833606.6045029,21750275.132419817,29497558.393506918,351521846.8177164,317304679.08124834,21750275.132419817,21750275.132419817,21750275.132419817,21750275.132419817,21750275.132419817,21750275.132419817,21750275.132419817,21750275.132419817,0.03673280856549918,0.0358423162366386,13557745.706902424,13179286.467136675,19771414.931221012,13181960.370714853,19768929.700705014,19768929.700705014,808567034.6054122,576727356.7865586,231839677.81885362,231839677.81885362,231839677.81885362,452169742.2871842,460429058.6373661,203677857.91863757,203677857.91863757,273403407.2684215,257997889.97913334,0.005847017155915051,0.0,44.91897201538086,2022-05-04,0,0,0,0,0,0,0,1,0,0,0,-20.303732263948106,0
44.02563323974609,43.61167335510254,42.88700790405274,41.23349975585938,44.039516187926836,43.75232774364888,43.16984161749073,42.30072896815111,55.470362775838666,77.10314064356932,72.23379521784977,0.7588219137102783,0.727386742408695,0.03143517130158324,15.754010085851013,28.66021144691604,-55.75542679469767,57.58970442664808,-2.8524173465991898,1.5237187418212577,3.469375323324227,1.4110190070229862,45.029194924669646,44.02563323974609,43.02207155482254,-1.2895393371582031,2.3962379200890007,1.0248990425696718,57.142857142857146,28.571428571428573,-28.571428571428573,-0.1805545621438665,-0.02225925095872794,1.0309278046442463,0.9944985541521963,0.09381601690032648,0.02689977973568282,1.1792778951411562,0.061874604179860675,0.9026599113362888,0.4347466960352423,3.4876128288841945,1.6042692939244663,41234898.135007754,52869924.61042961,-28780182.90593584,8174118.4044548785,251894907.8230761,284158767.9320247,32263860.108948644,284158767.9320247,22245442.008781105,30169099.960731793,359524595.00373966,324528439.0492908,22245442.008781105,22245442.008781105,22245442.008781105,22245442.008781105,22245442.008781105,22245442.008781105,22245442.008781105,22245442.008781105,0.03756906787562827,0.036658302593794864,13866401.415913707,13479326.171134507,20221531.065988567,13482060.9488154,20218989.25670176,20218989.25670176,826974875.9047387,589857134.7794096,237117741.125329,237117741.125329,237117741.125329,462463840.9829611,470911188.971966,208314789.0873473,208314789.0873473,279627710.65490353,263871471.27918547,0.005980130378782279,0.0,43.91910934448242,2022-05-05,0,0,0,0,0,0,0,1,0,0,0,-19.957455534901843,0
43.913500213623045,43.54345932006836,43.06128273010254,41.26676612854004,43.72527550142388,43.633139813606896,43.162884713769515,42.3319472097302,51.26444912827029,61.75810259735693,71.52616336722768,0.6597814393708816,0.7138656818011324,-0.054084242430250784,14.768045146889978,-72.27081439110732,-71.58278941045658,54.58580885015202,-1.558147447998648,1.5236782662559378,3.535479371657546,1.5231520839067798,45.1539004736132,43.913500213623045,42.67309995363289,-0.6821403503417969,2.1287416528670953,0.9109085523165206,50.0,21.42857142857143,-28.571428571428573,-0.4755245874525814,-0.01872340373787118,1.0315186321102339,0.9854700787123669,0.09381601690032648,0.02689977973568282,1.1792778951411562,0.061874604179860675,0.9026599113362888,0.4347466960352423,3.4876128288841945,1.6042692939244663,42021687.14924967,53878717.59279831,-29329327.75077393,8330085.967189747,256701228.5655158,289580704.37472993,32879475.809214126,289580704.37472993,22669899.693438392,30744746.257733744,366384561.063861,330720655.4048899,22669899.693438392,22669899.693438392,22669899.693438392,22669899.693438392,22669899.693438392,22669899.693438392,22669899.693438392,22669899.693438392,0.038285910434159,0.03735776715090667,14130981.487516869,13736520.592134625,20607371.196884003,13739307.551174829,20604780.888201937,20604780.888201937,842754101.1931243,601111997.3983777,241642103.79474658,241642103.79474658,241642103.79474658,471287955.6534567,479896484.6056221,212289572.46189135,212289572.46189135,284963191.5405495,268906312.7402841,0.006094235204999024,0.0,43.09679412841797,2022-05-06,0,0,0,0,0,0,0,1,0,0,0,-15.43799788379196,0
43.408898162841794,43.30050163269043,43.18229351043701,41.242283477783204,42.80248291281449,43.14655034487759,42.9527907158482,42.278023700940615,42.28030755432122,32.35842021075465,57.07322115056029,0.403962763587856,0.6518850981584772,-0.24792233457062118,14.675826550226523,-173.53982521106707,-94.28570491067447,47.29739549163633,-5.599848560302966,1.5930575314745143,3.889595207524679,2.494987979316008,46.122363969403466,43.408898162841794,40.69543235628012,-2.429576873779297,1.468625472919678,0.6273988087972029,100.0,14.285714285714286,-85.71428571428572,-0.7061393235266533,-0.04965326159634742,1.052474079154484,0.964568731419196,0.09381601690032648,0.02689977973568282,1.1792778951411562,0.061874604179860675,0.9026599113362888,0.4347466960352423,3.4876128288841945,1.6042692939244663,44217216.14979782,56693747.04573745,-30861712.431443647,8765312.312411604,270113231.5103331,304710578.43703854,34597346.92670541,304710578.43703854,23854345.76386111,32351083.047201607,385527246.2757082,347999989.9409543,23854345.76386111,23854345.76386111,23854345.76386111,23854345.76386111,23854345.76386111,23854345.76386111,23854345.76386111,23854345.76386111,0.04028625436066615,0.03930961789131667,14869290.245845871,14454219.74637234,21684055.265448995,14457152.317114769,21681329.61955851,21681329.61955851,886785914.1693301,632518609.3741924,254267304.79513776,254267304.79513776,254267304.79513776,495911583.22393346,504969886.4771499,223381176.45196038,223381176.45196038,299851812.0020248,282956001.0822788,0.0064126438895721685,0.0,40.9568977355957,2022-05-09,0,0,0,0,0,0,0,1,0,0,0,-11.49896079812939,0
42.91177062988281,43.2603199005127,43.274336624145505,41.257047729492186,42.4240152503887,42.87755572317932,42.83034206915191,42.25406512151303,45.682521398905514,20.52919356405158,38.215238790721045,0.2555841722023189,0.5726249129672455,-0.3170407407649266,14.590194996181888,-128.14821152774778,-82.85713055164742,50.66870421322933,-0.9551410853846254,1.5954062234993145,3.828936960186439,1.625939219821717,45.802944144591436,42.91177062988281,40.02059711517418,-0.40181732177734375,1.1690198184160112,0.49885226518679815,92.85714285714286,7.142857142857143,-85.71428571428572,0.13793216846074702,0.017339745664481487,1.0398351156504766,1.0054115374684138,0.09381601690032648,0.02689977973568282,1.1792778951411562,0.061874604179860675,0.9026599113362888,0.4347466960352423,3.4876128288841945,1.6042692939244663,43463568.919070475,55727447.28331399,-30335699.1240779,8615914.54552529,265509366.62157738,299517029.32633877,34007662.70476138,299517029.32633877,23447767.44005072,31799684.60395824,378956241.43132126,342068607.2907297,23447767.44005072,23447767.44005072,23447767.44005072,23447767.44005072,23447767.44005072,23447767.44005072,23447767.44005072,23447767.44005072,0.03959960724266498,0.038639616764054925,14615855.036838166,14207859.083428891,21314467.814570565,14210741.670838775,21311788.625143334,21311788.625143334,871671354.5779346,621737833.4718055,249933521.10612917,249933521.10612917,249933521.10612917,487459165.2762233,496363076.9653316,219573822.220086,219573822.220086,294741076.69525373,278133241.41529965,0.0063033454820775854,0.0,41.66707992553711,2022-05-10,0,0,0,0,0,0,0,1,0,0,0,-12.962548436638125,0
41.96610794067383,42.98652610778809,43.28321380615235,41.27685806274414,41.67956302337111,42.38902896793507,42.578943640598006,42.173147217506084,40.35678804924069,11.302313688674557,21.39664248782692,0.018643296722359537,0.4618285897182683,-0.44318529299590875,14.912116326666807,-155.69665808906558,-98.49497899431911,42.53759093650745,-6.3778882858751,1.6549893547887786,4.117845822142057,2.4295700615518143,44.70147763422365,41.96610794067383,39.23073824712401,-2.7379379272460938,0.7928066699717484,0.33747995816744236,100.0,0.0,-100.0,-0.5423071562190508,-0.0354337611092419,1.0605778751104327,0.9682575437745546,0.09381601690032648,0.02689977973568282,1.1792778951411562,0.061874604179860675,0.9026599113362888,0.4347466960352423,3.4876128288841945,1.6042692939244663,45060222.06318683,57774619.343301944,-31450094.250617422,8932423.92086365,275262968.9039403,310519917.91748846,35256949.01354817,310519917.91748846,24309131.394662358,32967859.875053864,392877364.0959249,354634646.64086246,24309131.394662358,24309131.394662358,24309131.394662358,24309131.394662358,24309131.394662358,24309131.394662358,24309131.394662358,24309131.394662358,0.04105431607082179,0.04005905992365036,15152774.840685135,14729790.978137273,22097464.077824242,14732779.458651789,22094686.467205912,22094686.467205912,903692581.6316651,644577643.7155814,259114937.91608372,259114937.91608372,259114937.91608372,505366190.12997663,514597190.8949917,227639962.26178703,227639962.26178703,305568518.5853106,288350587.2392447,0.006534901625135016,0.0,40.19065856933594,2022-05-11,0,0,0,0,0,0,0,1,0,0,0,-9.13741227479038,0
41.09333267211914,42.559482955932616,43.10940647125244,41.27704490661621,40.9714530161504,41.873793337712144,42.29097119879905,42.07048391492581,38.287931825123636,14.210972382025062,15.347493211583723,-0.2178958196235996,0.3258837078498947,-0.5437795274734942,15.907984955845961,-186.49734343977593,-86.66665053478607,41.176332787126874,-9.744134094259238,1.6742734346231392,4.232748254954792,1.9249664724698263,43.54970875758084,41.09333267211914,38.63695658665744,-4.2704315185546875,0.5452020912239608,0.23151593330578635,100.0,0.0,-100.0,-0.0388339626345033,-0.015810280056265613,1.049722456145714,0.9981136992066674,0.09381601690032648,0.02689977973568282,1.1792778951411562,0.061874604179860675,0.9026599113362888,0.4347466960352423,3.4876128288841945,1.6042692939244663,45784081.20922346,58702725.8795234,-31955316.75784564,9075916.70574888,279684864.9462392,315508190.7736658,35823325.82742664,315508190.7736658,24699639.614252523,33497464.16467205,399188648.4227711,360331589.9917515,24699639.614252523,24699639.614252523,24699639.614252523,24699639.614252523,24699639.614252523,24699639.614252523,24699639.614252523,24699639.614252523,0.04171382329940293,0.04070257909820529,15396192.963234173,14966414.177725174,22452443.497466672,14969450.665969213,22449621.26658776,22449621.26658776,918209734.6874633,654932306.905656,263277427.78180736,263277427.78180736,263277427.78180736,513484524.26313514,522863814.2292433,231296829.91893178,231296829.91893178,310477250.87270755,292982726.1919882,0.006639879987273808,0.0,39.555233001708984,2022-05-12,0,0,0,0,0,0,0,1,0,0,0,-9.425945208520607,0
40.50836715698242,42.210933685302734,42.93326263427734,41.30171432495117,40.704957528345055,41.564370285898,42.08916123250717,41.9960322536634,41.42650616162646,18.270194769140307,14.594493613279965,-0.3515372278513311,0.19039952070964952,-0.5419367485609806,16.83272011151232,-124.51884525601514,-76.88892298675702,37.59646307117877,-7.983727787772354,1.620761038321889,4.034557372724809,0.9250998864056328,41.96887769542118,40.50836715698242,39.04785661854367,-3.485492706298828,0.06690449828743962,0.0283926939352952,92.85714285714286,50.0,-42.85714285714286,-0.05194425591154154,0.015591705678961398,1.0180963683095208,0.999070483338026,0.09381601690032648,0.02689977973568282,1.1792778951411562,0.061874604179860675,0.9026599113362888,0.4347466960352423,3.4876128288841945,1.6042692939244663,45081188.58514611,57801501.874494344,-31464727.979914233,8936580.177839564,275391048.76723987,310664402.8396595,35273354.07241967,310664402.8396595,24320442.433841936,32983199.820717055,393060169.93896025,354799658.1469284,24320442.433841936,24320442.433841936,24320442.433841936,24320442.433841936,24320442.433841936,24320442.433841936,24320442.433841936,24320442.433841936,0.04107341864466652,0.04007769940479582,15159825.427031461,14736644.750086414,22107746.028170213,14739634.621140953,22104967.125129618,22104967.125129618,904113069.8025988,644877565.7022612,259235504.10033768,259235504.10033768,259235504.10033768,505601337.0253465,514836632.9751473,227745883.13942668,227745883.13942668,305710699.6213028,288484756.77153957,0.006537942314953033,0.0,40.171966552734375,2022-05-13,0,0,0,0,0,0,0,1,0,0,0,-8.629909864740153,0
40.386888885498045,41.89789352416992,42.789357376098636,41.34843658447266,40.58647381162131,41.34348593903906,41.92347981780876,41.93146261148734,42.33569125162753,31.941996335370487,21.474387828845277,-0.43807319149497204,0.0647049782687252,-0.5027781697636973,17.374393962787448,-94.22104154154705,-74.07419685553647,39.53538606179007,-7.199650956216253,1.5784135352124038,3.9118533952281798,1.0278959947890982,41.77732363937694,40.386888885498045,38.99645413161915,-3.130401611328125,-0.6821446209983759,-0.2896797962677766,85.71428571428572,42.85714285714286,-42.85714285714286,0.44545514445534823,0.004419495500833648,1.0258216508971614,1.0114781376020057,0.09381601690032648,0.02689977973568282,1.1792778951411562,0.061874604179860675,0.9026599113362888,0.4347466960352423,3.4876128288841945,1.6042692939244663,44882829.12376892,57547172.404964894,-31326281.61924015,8897258.782679757,274179314.52029574,309297464.08870023,35118149.5684045,309297464.08870023,24213431.283225972,32838072.108776264,391330685.73402053,353238522.0878401,24213431.283225972,24213431.283225972,24213431.283225972,24213431.283225972,24213431.283225972,24213431.283225972,24213431.283225972,24213431.283225972,0.0408926935694195,0.03990135554349418,15093121.444713015,14671802.783694753,22010470.851271786,14674779.499168651,22007704.17554213,22007704.17554213,900134927.5401917,642040072.4905343,258094855.04965737,258094855.04965737,258094855.04965737,503376666.11423,512571326.3046873,226743789.97976908,226743789.97976908,304365557.40972173,287215409.5612137,0.006509175045126955,0.0,40.34950637817383,2022-05-16,0,0,0,0,0,0,0,1,0,0,0,-9.749870974677002,0
40.484072875976565,41.69792175292969,42.68469944000244,41.49645347595215,41.108649167057436,41.49067029156463,41.94533887115361,41.940150347426254,50.70611918993902,56.34721355154653,35.519801552019096,-0.3570113089959861,-0.019638279184217067,-0.33737302981176903,16.768847642178777,-21.82452192727592,-45.48151198224634,44.935377431487076,-4.529093160146081,1.597827942859977,3.790543846196251,1.8502152422784306,42.23899083521163,40.484072875976565,38.7291549167415,-1.9997177124023438,-1.300642876367376,-0.5541405555529479,78.57142857142857,35.714285714285715,-42.85714285714286,0.5855866382569233,0.04469679214542799,1.0251986522037821,1.0146199176622546,0.09381601690032648,0.02689977973568282,1.1792778951411562,0.061874604179860675,0.9026599113362888,0.4347466960352423,3.4876128288841945,1.6042692939244663,42962541.34330773,55085047.487112395,-29986003.455516826,8516594.335862769,262448699.5477711,296064337.91522944,33615638.36745834,296064337.91522944,23177472.607626535,31433112.79949351,374587812.15396416,338125401.3065517,23177472.607626535,23177472.607626535,23177472.607626535,23177472.607626535,23177472.607626535,23177472.607626535,23177472.607626535,23177472.607626535,0.03914312159936927,0.03819419743938457,14447370.335767206,14044077.567773703,21068764.65665245,14046926.926071994,21066116.351660557,21066116.351660557,861623137.2661164,614570732.2140973,247052405.05201918,247052405.05201918,247052405.05201918,481839965.336236,490641236.92009413,217042678.49250272,217042678.49250272,291343440.2193055,274927052.25157005,0.006230683480667603,0.0,42.15299987792969,2022-05-17,0,0,0,0,0,0,0,1,0,0,0,-12.524954398833843,0
40.71207733154297,41.3390926361084,42.53985996246338,41.591206588745116,41.18265972709428,41.46158130167433,41.88680001172641,41.91624958271024,47.33239558128903,68.06369232007034,52.11763406899578,-0.3550308814692684,-0.08671679964122735,-0.26831408182804106,16.07291591864141,-26.37231549343179,-58.518603003124475,45.98138051153896,-7.988364397529423,1.5724699024182183,3.8046068203736496,1.2428153766753525,42.549552609702644,40.71207733154297,38.8746020533833,-3.5882911682128906,-1.8543162576947338,-0.7911067864833683,71.42857142857143,28.571428571428573,-42.85714285714286,-0.21804612635558243,-0.019507959887625104,1.0302134939238252,0.9934860531773249,0.09381601690032648,0.02689977973568282,1.1792778951411562,0.061874604179860675,0.9026599113362888,0.4347466960352423,3.4876128288841945,1.6042692939244663,43817328.02071883,56181024.66267759,-30582607.740579017,8686041.280749895,267670403.03324816,301954861.2360966,34284458.20284847,301954861.2360966,23638613.736191217,32058508.90527468,382040645.74663186,344852775.4165132,23638613.736191217,23638613.736191217,23638613.736191217,23638613.736191217,23638613.736191217,23638613.736191217,23638613.736191217,23638613.736191217,0.039921916749964696,0.03895411270754131,14734816.54589606,14323499.827866122,21487950.73771098,14326405.877259407,21485249.741799183,21485249.741799183,878766070.520435,626798288.0755063,251967782.4449287,251967782.4449287,251967782.4449287,491426697.6415351,500403080.13501203,221360979.6032891,221360979.6032891,297140036.1250403,280397026.1911157,0.0063546497327540774,0.0,41.33068084716797,2022-05-18,0,0,0,0,0,0,0,1,0,0,0,-10.377577739443764,0
40.94381942749023,41.018576049804686,42.315124702453616,41.645591506958006,41.02642097854463,41.325647152541784,41.775099389794875,41.86910032383711,44.918497382134326,65.94418557489679,63.45169714883787,-0.3986317508268442,-0.1490997898783507,-0.2495319609484935,15.816315872539528,-52.103975655756,-68.29639102957323,44.098880017640624,-7.297884476429561,1.5342391223637932,3.768338291924477,1.037238981656266,42.38980336410564,40.94381942749023,39.49783549087483,-3.2051658630371094,-2.587555930994472,-1.1046262398744275,64.28571428571429,21.42857142857143,-42.85714285714286,-0.08108117396384185,-0.014922022891498465,1.0255878419322453,0.9979386130805674,0.09381601690032648,0.02689977973568282,1.1792778951411562,0.061874604179860675,0.9026599113362888,0.4347466960352423,3.4876128288841945,1.6042692939244663,44481075.64980367,57032058.3428184,-31045874.997985557,8817617.9780671,271725091.0622739,306528892.38517386,34803801.322899945,306528892.38517386,23996692.937525228,32544133.20595796,387827821.3751518,350076626.8562406,23996692.937525228,23996692.937525228,23996692.937525228,23996692.937525228,23996692.937525228,23996692.937525228,23996692.937525228,23996692.937525228,0.04052665644515519,0.039544192046484766,14958020.469757281,14540473.100322349,21813451.561250553,14543423.170733847,21810709.650483523,21810709.650483523,892077673.9927495,636293067.7989033,255784606.19384617,255784606.19384617,255784606.19384617,498870860.03487706,507983217.3325453,224714169.58589387,224714169.58589387,301641132.00178844,284644497.90479004,0.00645091036488997,0.0,40.71394348144531,2022-05-19,0,0,0,0,0,0,0,1,0,0,0,-8.492084075242417,0
40.88027725219727,40.694322204589845,42.1188907623291,41.67586769104004,40.635699211119594,41.058121429583196,41.59216189326865,41.79008680824622,41.7242114345891,44.96139075588159,59.65642288361622,-0.49682824830532724,-0.21864548156374602,-0.2781827667415812,16.489964873565857,-87.5102118742883,-81.92592864982474,47.25387909925779,-7.523850712622526,1.6082031160328956,4.035210515775534,2.5697350337312272,42.47647052337362,40.88027725219727,39.28408398102091,-3.2425384521484375,-3.299420052774657,-1.4044888569758456,57.142857142857146,14.285714285714286,-42.85714285714286,-0.5999991677024151,-0.021115316563908082,1.0660264081452988,0.9627540013634743,0.09381601690032648,0.02689977973568282,1.1792778951411562,0.061874604179860675,0.9026599113362888,0.4347466960352423,3.4876128288841945,1.6042692939244663,45440567.61994243,58262284.93291348,-31715559.067701396,9007820.96938671,277586416.1123264,313140962.94692516,35554546.834598795,313140962.94692516,24514320.57685464,33246135.889797747,396193574.1131369,357628056.4809715,24514320.57685464,24514320.57685464,24514320.57685464,24514320.57685464,24514320.57685464,24514320.57685464,24514320.57685464,24514320.57685464,0.04140084846654059,0.0403971915340184,15280676.797650436,14854122.601328501,22283984.957942884,14857136.30709121,22281183.901992753,22281183.901992753,911320494.730154,650018412.3480003,261302082.38215375,261302082.38215375,261302082.38215375,509631898.91145813,518940816.9606015,229561431.8911393,229561431.8911393,308147769.70762724,290784504.77499324,0.006590061601787365,0.0,39.85425567626953,2022-05-20,0,0,0,0,0,0,0,1,0,0,0,-8.69871550795526,0
40.91765670776367,40.65227279663086,41.97638721466065,41.734551162719725,40.60260069274835,40.96326365256913,41.49161348971982,41.740922763060325,45.06261669073269,36.73748202203189,49.21435278427007,-0.5136846026664301,-0.2776533057842828,-0.2360312968821473,17.115496088804587,-64.43323390541832,-71.11111716079378,48.92133224304972,-1.0266746331824672,1.5700896323712723,3.8732830018546758,1.0746143447701684,42.47054727947619,40.91765670776367,39.364766136051145,-0.42049407958984375,-3.686784535094926,-1.564902550134903,50.0,7.142857142857143,-42.85714285714286,0.1565223160234199,0.017116063721709374,1.0270206220412232,1.0041666736573347,0.09381601690032648,0.02689977973568282,1.1792778951411562,0.061874604179860675,0.9026599113362888,0.4347466960352423,3.4876128288841945,1.6042692939244663,44675892.2021856,57281845.22003035,-31181848.560774487,8856237.051675666,272915182.45874065,307871416.16967213,34956233.710931525,307871416.16967213,24101792.756231546,32686668.784039713,389526415.16980153,351609879.3803155,24101792.756231546,24101792.756231546,24101792.756231546,24101792.756231546,24101792.756231546,24101792.756231546,24101792.756231546,24101792.756231546,0.04070415358012492,0.03971738622060675,15023533.04866429,14604156.920869064,21908989.30098891,14607119.911888674,21906235.381303597,21906235.381303597,895984762.4425074,639079880.3919493,256904882.05055815,256904882.05055815,256904882.05055815,501055795.97934383,510208063.238875,225698364.30579573,225698364.30579573,302962248.5560692,285891173.2364047,0.006479163820964346,0.0,40.53640365600586,2022-05-23,0,0,0,0,0,0,0,1,0,0,0,-10.142922680594275,0
40.28596725463867,40.385020065307614,41.822669982910156,41.76501419067383,40.066584665933796,40.60531619070287,41.25379816806123,41.63322197283461,39.5479042025815,26.17358248282837,35.95748508691393,-0.644033856974886,-0.35092941602240346,-0.29310444095248256,18.176324995309866,-120.77150276968976,-95.43394483553804,41.75465443454784,-6.414001936321123,1.580086953829286,4.052070989348116,1.710052132783467,41.883824619384335,40.28596725463867,38.688109889893006,-2.672527313232422,-4.124416529378854,-1.7439460509862599,42.85714285714286,0.0,-42.85714285714286,-0.709677320117268,-0.03803620707908384,1.0298436029178257,0.9793475462213102,0.09381601690032648,0.02689977973568282,1.1792778951411562,0.061874604179860675,0.9026599113362888,0.4347466960352423,3.4876128288841945,1.6042692939244663,46442384.350591086,59546778.830520436,-32414783.99732034,9206414.125821203,283706293.7993314,320044702.7583527,36338408.9590213,320044702.7583527,25054781.61818194,33979105.06048216,404928353.89057606,365512592.02041674,25054781.61818194,25054781.61818194,25054781.61818194,25054781.61818194,25054781.61818194,25054781.61818194,25054781.61818194,25054781.61818194,0.042313602528147594,0.041287818224434926,15617566.024025384,15181607.6949475,22775274.35254527,15184687.843120866,22772411.54242125,22772411.54242125,931412147.7711034,664349204.29951,267062943.47159335,267062943.47159335,267062943.47159335,520867624.8177005,530381774.2346355,234622514.8666802,234622514.8666802,314941425.8473822,297195357.393153,0.00673535102739257,0.0,38.99455261230469,2022-05-24,0,0,0,0,0,0,0,1,0,0,0,-9.225960234736439,0
39.953303527832034,40.3326904296875,41.65960826873779,41.772302856445314,39.93351051500078,40.43477910387231,41.10270902949681,41.55612943323854,42.835420583590285,28.70303278554017,30.538032430133455,-0.6851485027973538,-0.4177732333773935,-0.2673752694199603,19.24379503228401,-106.54498163551936,-80.11048719123464,45.10643850418773,-1.3020347882540806,1.5459843246617087,3.8973711343725252,1.102650145483203,41.19567388449163,39.953303527832034,38.710933171172435,-0.5232963562011719,-3.9786394955268216,-1.6752997911893388,100.0,0.0,-100.0,0.618643519865512,0.017253938197967056,1.0285230924738151,1.0174975915838198,0.09381601690032648,0.02689977973568282,1.1792778951411562,0.061874604179860675,0.9026599113362888,0.4347466960352423,3.4876128288841945,1.6042692939244663,45654661.64020195,58536788.69605131,-31864987.472785898,9050261.473678906,278894269.3128405,314616332.0097848,35722062.69694432,314616332.0097848,24629820.222240366,33402775.634051673,398060246.9899441,359313027.2544441,24629820.222240366,24629820.222240366,24629820.222240366,24629820.222240366,24629820.222240366,24629820.222240366,24629820.222240366,24629820.222240366,0.041595909280139814,0.04058752360062128,15352671.970669787,14924108.056874407,22388976.338485297,14927135.96176394,22386162.08531161,22386162.08531161,915614197.0028353,653080985.3401831,262533211.66265216,262533211.66265216,262533211.66265216,512033038.4175272,521385815.59506166,230643014.5478783,230643014.5478783,309599613.2541801,292154540.9985093,0.006621110791002716,0.0,39.667362213134766,2022-05-25,0,0,0,0,0,0,0,1,0,0,0,-11.73145014968898,0
40.22055587768555,40.58218765258789,41.57083530426026,41.80743797302246,40.63907542023815,40.72849294511605,41.19294676294596,41.57550495470812,52.655481892207646,42.84716079232671,32.57459202023173,-0.5194685287170131,-0.43811229244531746,-0.08135623627169564,18.07890247211718,82.8200049067246,-16.743028843947897,47.54967007260907,6.3075654968234085,1.6351282512261267,3.8885143181937467,2.7939992965635625,42.29721851738115,40.22055587768555,38.14389323798995,2.4949722290039062,-3.7113223394735364,-1.5596317144540635,92.85714285714286,0.0,-92.85714285714286,0.6991163736718183,0.06007061938666314,1.052339006613261,1.0363888046449696,0.09381601690032648,0.02689977973568282,1.1792778951411562,0.061874604179860675,0.9026599113362888,0.4347466960352423,3.4876128288841945,1.6042692939244663,43067566.25951663,55219706.71153926,-30059306.323594157,8537413.74222334,263090273.62177384,296788087.7519423,33697814.130168445,296788087.7519423,23234131.549170483,31509953.22686887,375503518.077177,338951972.3340091,23234131.549170483,23234131.549170483,23234131.549170483,23234131.549170483,23234131.549170483,23234131.549170483,23234131.549170483,23234131.549170483,0.03923880967874237,0.038287565807742556,14482687.935972184,14078409.290797262,21120268.715153273,14081265.61454981,21117613.936195895,21117613.936195895,863729434.8678321,616073093.0530303,247656341.81480184,247656341.81480184,247656341.81480184,483017856.5969311,491840643.50045437,217573254.3944327,217573254.3944327,292055649.4937182,275599130.5254214,0.006245914819178335,0.0,42.05020523071289,2022-05-26,0,0,0,0,0,0,0,1,0,0,0,-16.733330557372177,0
40.809259033203126,40.8447681427002,41.52785091400146,41.86387886047363,41.35864076477791,41.104725401250846,41.34578720969943,41.623436974282605,55.252612517830734,72.35593751196201,47.96871036327627,-0.32410749955744933,-0.4153113338677438,0.0912038343102945,16.977398490351337,152.1756626286026,-6.7368269034133945,52.10709132826884,6.536411150487531,1.5930897813982894,3.722366205716775,1.0465896736364044,43.66101875811799,40.809259033203126,37.95749930828826,2.625804901123047,-2.9802524325301687,-1.2496462601881788,85.71428571428572,100.0,14.285714285714286,0.5116259470201051,0.01777794469831795,1.0190013398640008,1.0097001459609454,0.09381601690032648,0.02689977973568282,1.1792778951411562,0.061874604179860675,0.9026599113362888,0.4347466960352423,3.4876128288841945,1.6042692939244663,42315287.4198727,54255161.45165346,-29534248.09426786,8388287.235634622,258494767.93266246,291603968.5256827,33109200.59302022,291603968.5256827,22828291.446281407,30959555.95324756,368944444.152286,333031359.24651885,22828291.446281407,22828291.446281407,22828291.446281407,22828291.446281407,22828291.446281407,22828291.446281407,22828291.446281407,22828291.446281407,0.03855340930027054,0.037618781196021564,14229712.887190765,13832495.942884948,20751352.321172163,13835302.374059279,20748743.91432742,20748743.91432742,848642318.6580765,605311891.7168537,243330426.9412227,243330426.9412227,243330426.9412227,474580785.6350273,483249461.3019366,213772813.14434862,213772813.14434862,286954193.707044,270785127.5035366,0.006136814863904034,0.0,42.79777145385742,2022-05-27,0,0,0,0,0,0,0,1,0,0,0,-17.46724960890632,0
41.272745513916014,41.095201110839845,41.496547317504884,41.91284408569336,41.857039196375375,41.42274552094529,41.48941090968713,41.67168791880369,55.449989130882905,91.2994873406493,68.83419521497932,-0.16288094121821217,-0.3648252553378375,0.20194431411962532,15.883160601427196,129.12311115188882,-8.553929780522108,55.8070043582447,6.206593106554448,1.5814195094709673,3.690263591041572,1.429705974415782,44.52204248177516,41.272745513916014,38.02344854605687,2.5043296813964844,-2.2417355581975063,-0.9391819636026995,78.57142857142857,100.0,21.42857142857143,0.6209160267278343,0.001309988903822612,1.0341899168557962,1.0211534350070632,0.09381601690032648,0.02689977973568282,1.1792778951411562,0.061874604179860675,0.9026599113362888,0.4347466960352423,3.4876128288841945,1.6042692939244663,42259927.38392341,54184180.77607408,-29495609.173539035,8377313.048497242,258156585.66998604,291222470.32101834,33065884.651032288,291222470.32101834,22798425.761509206,30919052.337768372,368461763.3308397,332595662.6190284,22798425.761509206,22798425.761509206,22798425.761509206,22798425.761509206,22798425.761509206,22798425.761509206,22798425.761509206,22798425.761509206,0.03850297083571155,0.03756956548211855,14211096.508453539,13814399.23317651,20724203.84409584,13817201.992766878,20721598.849764764,20721598.849764764,847532061.0624508,604519977.2545112,243012083.8079395,243012083.8079395,243012083.8079395,473959903.42068934,482617238.0752645,213493139.5005606,213493139.5005606,286578778.6868931,270430866.0697341,0.0061287862219593665,0.0,42.85383605957031,2022-05-31,0,0,0,0,0,0,0,1,0,0,0,-15.939823441170262,0
41.72501983642578,41.005493545532225,41.35170764923096,41.93844802856445,41.65666753920142,41.39241437620133,41.46717408256012,41.65538346021741,48.83796685753079,79.77539003465402,81.14360496242175,-0.1621763943917358,-0.32429548314861717,0.16211908875688136,15.316532417557793,68.10997084678306,-45.38307321210238,52.65493243271585,-2.128141901345082,1.633991906029627,3.9606236843077984,2.3174330612922063,44.088876553991916,41.72501983642578,39.36116311885964,-0.8970756530761648,-1.8341216457536464,-0.7669079120342559,71.42857142857143,100.0,28.571428571428573,-0.9072582319797814,-0.03728748652735692,1.056389258027496,0.9515086222843099,0.09381601690032648,0.02689977973568282,1.1792778951411562,0.061874604179860675,0.9026599113362888,0.4347466960352423,3.4876128288841945,1.6042692939244663,43896725.96181985,56282825.88809811,-30638024.08378812,8701780.574430328,268155427.56245884,302502009.9411992,34346582.378740326,302502009.9411992,23681447.41286471,32116599.61314815,382732911.61630887,345477656.06505704,23681447.41286471,23681447.41286471,23681447.41286471,23681447.41286471,23681447.41286471,23681447.41286471,23681447.41286471,23681447.41286471,0.03999425612203354,0.03902469839786304,14761516.350496016,14349454.31772355,21526887.366759825,14352365.63294086,21524181.476585325,21524181.476585325,880358413.5468233,627934060.0590309,252424353.4877923,252424353.4877923,252424353.4877923,492317173.3906808,501309821.2823623,221762090.46089995,221762090.46089995,297678460.26345086,280905111.63530105,0.006366164494789778,0.0,41.25592422485352,2022-06-01,0,0,0,0,0,0,0,1,0,0,0,-14.994323158600304,0
42.12122650146485,41.03726501464844,41.188178825378415,41.96666847229004,41.65391020557764,41.438956405679285,41.48443326882393,41.65510942406496,50.40231718787796,62.81372461256701,77.96286732929008,-0.1284679820493082,-0.28512998292875535,0.15666200087944715,15.006605856602661,23.763529458618123,-37.13153905415916,54.99412619810957,0.7687139061099746,1.583357210236453,3.801724387627968,0.9251061649251895,43.377185420456,42.12122650146485,40.86526758247369,0.3177146911621094,-1.5371704007060745,-0.64249400603466,64.28571428571429,92.85714285714286,28.571428571428573,0.4444423037649874,0.009513089837413391,1.0227064613099566,1.0099705102211496,0.09381601690032648,0.02689977973568282,1.1792778951411562,0.061874604179860675,0.9026599113362888,0.4347466960352423,3.4876128288841945,1.6042692939244663,43483067.633020595,55752447.84311089,-30349308.386603,8619779.834486136,265628479.96913686,299651399.2601309,34022919.290994026,299651399.2601309,23458286.624771465,31813950.642602038,379126249.5446688,342222066.7992504,23458286.624771465,23458286.624771465,23458286.624771465,23458286.624771465,23458286.624771465,23458286.624771465,23458286.624771465,23458286.624771465,0.03961737249833461,0.038656951346859834,14622412.031203503,14214233.041826721,21324029.954110675,14217116.922428783,21321349.562740084,21321349.562740084,872062405.5390989,622016758.7526402,250045646.78645858,250045646.78645858,250045646.78645858,487677850.1901056,496585756.3700342,219672327.87106872,219672327.87106872,294873304.03154385,278258018.1110302,0.006306173301640969,0.0,41.64839553833008,2022-06-02,0,0,0,0,0,0,0,1,0,0,0,-16.019753657235743,0
41.90443420410156,41.06249504089355,41.04053554534912,41.98479667663574,41.424688051683916,41.353008648991505,41.4350818854975,41.628095083666196,47.67381729079514,39.978753180307514,60.855955942509475,-0.1550109020543715,-0.2591061667538786,0.10409526469950708,15.02351148197422,-18.275397565993856,-51.47347600443097,58.47053145955871,0.6196900640836889,1.5710474712058926,3.8349805294022383,1.4110208638086092,43.470508954844455,41.90443420410156,40.33835945335867,0.25230026245116477,-1.5960879708821811,-0.6659152446649017,57.142857142857146,85.71428571428572,28.571428571428573,-0.027521812015952874,-0.016378825297262645,1.025313518760452,0.9993161891947282,0.09381601690032648,0.02689977973568282,1.1792778951411562,0.061874604179860675,0.9026599113362888,0.4347466960352423,3.4876128288841945,1.6042692939244663,44207128.46707649,56680812.976560794,-30854671.663381934,8763312.600596609,270051608.07910943,304641061.9928849,34589453.913775474,304641061.9928849,23848903.65120581,32343702.49523818,385439292.37721574,347920597.48273945,23848903.65120581,23848903.65120581,23848903.65120581,23848903.65120581,23848903.65120581,23848903.65120581,23848903.65120581,23848903.65120581,0.04027706348463622,0.03930064982440262,14865897.977056643,14450922.171457361,21679108.281249706,14453854.073165286,21676383.25718604,21676383.25718604,886583603.4921137,632374307.0502945,254209296.4418192,254209296.4418192,254209296.4418192,495798446.325119,504854683.0237857,223330214.4369314,223330214.4369314,299783404.03322273,282891447.71118134,0.006411180913776865,0.0,40.96624374389648,2022-06-03,0,0,0,0,0,0,0,1,0,0,0,-15.145988171212444,0
41.64652557373047,41.227892303466795,40.96110725402832,41.99414115905762,41.45253480178993,41.38123040408431,41.44204821087888,41.62339442556171,49.990244922328856,35.10648470086928,45.96632083124789,-0.13080489569032494,-0.23344591254116787,0.10264101685084293,14.530006788221211,24.509717409180674,-40.07849262419407,56.833138161690655,4.150052730045717,1.525576583483252,3.6753594308665614,0.9344550430889242,42.94022755582668,41.64652557373047,40.35282359163426,1.6539726257324219,-1.3498741802613874,-0.5619874611879041,50.0,78.57142857142857,28.571428571428573,-0.12121469002747248,0.013230028154246565,1.022577005995817,0.9973057309358924,0.09381601690032648,0.02689977973568282,1.1792778951411562,0.061874604179860675,0.9026599113362888,0.4347466960352423,3.4876128288841945,1.6042692939244663,43629903.61389756,55940715.73245176,-30451793.577010777,8648887.574483283,266525468.62537202,300663278.35529625,34137809.72992426,300663278.35529625,23537501.839192666,31921381.716407657,380406503.624209,343377700.8331761,23537501.839192666,23537501.839192666,23537501.839192666,23537501.839192666,23537501.839192666,23537501.839192666,23537501.839192666,23537501.839192666,0.0397511545902435,0.03878749023654063,14671789.785126237,14262232.434802515,21396038.094865303,14265126.053848987,21393348.652203772,21393348.652203772,875007233.1622084,624117218.6756655,250890014.4865429,250890014.4865429,250890014.4865429,489324667.20147616,498262654.0820703,220414129.30068955,220414129.30068955,295869048.1956245,279197654.8765648,0.0063274683296307465,0.0,41.50822830200195,2022-06-06,0,0,0,0,0,0,0,1,0,0,0,-17.379568837178997,0
41.463372802734376,41.368059158325195,41.010165977478025,42.00348571777344,41.61438060272323,41.48247436781259,41.4892885912323,41.63573473062164,51.81223095975322,38.82357887138044,37.96960558418571,-0.0760598797207166,-0.2019687059770776,0.12590882625636102,14.171598734880565,35.57095520941318,-31.041216464138067,54.67359413730092,3.4578019315147257,1.4980374648798727,3.572022713804958,1.140028923035942,42.12775652573072,41.463372802734376,40.798989079738035,1.4016685485839773,-0.9475104471178525,-0.393846462934448,42.85714285714286,71.42857142857143,28.571428571428573,0.8032775095679864,0.01035563116451188,1.0279240388887836,1.0223234512112398,0.09381601690032648,0.02689977973568282,1.1792778951411562,0.061874604179860675,0.9026599113362888,0.4347466960352423,3.4876128288841945,1.6042692939244663,43182719.30014461,55367351.858054005,-30139678.186296407,8560240.877278805,263793718.1764218,297581632.7254582,33787914.5490364,297581632.7254582,23296254.420895245,31594203.794970524,376507530.507611,339858254.10544515,23296254.420895245,23296254.420895245,23296254.420895245,23296254.420895245,23296254.420895245,23296254.420895245,23296254.420895245,23296254.420895245,0.03934372548052933,0.03838993819615286,14521411.404631734,14116051.808771735,21176739.590400204,14118915.769695215,21174077.7131576,21174077.7131576,866038854.2138335,617720334.7264199,248318519.48741361,248318519.48741361,248318519.48741361,484309338.32426137,493155715.3868531,218154996.61900777,218154996.61900777,292836540.9856853,276336020.96597236,0.0062626149985801115,0.0,41.93807220458984,2022-06-07,0,0,0,0,0,0,0,1,0,0,0,-18.38234665421844,0
41.31759796142578,41.52130889892578,40.9531644821167,41.98386215209961,41.25193707458567,41.30876084972131,41.39764682238261,41.59225689876631,45.90049002417042,36.76204087449568,36.8973681489151,-0.1448618805904971,-0.1905473408997615,0.0456854603092644,14.135553844121507,-16.020437322715207,-60.70732801905249,48.859494885358416,3.930029461402973,1.5018338881159734,3.705756741330615,1.5511873901852837,42.32919910282569,41.31759796142578,40.305996820025875,1.5324974060058594,-0.5408763188830773,-0.22420880733391613,35.714285714285715,64.28571428571429,28.571428571428573,-0.4084525203898536,-0.03364537548115676,1.0328551163544417,0.9868031440048626,0.09381601690032648,0.02689977973568282,1.1792778951411562,0.061874604179860675,0.9026599113362888,0.4347466960352423,3.4876128288841945,1.6042692939244663,44686203.392099135,57295065.86220551,-31189045.327229876,8858281.06999646,272978171.2461583,307942472.8511304,34964301.6049721,307942472.8511304,24107355.446759168,32694212.862800304,389616317.81405044,351691030.89320207,24107355.446759168,24107355.446759168,24107355.446759168,24107355.446759168,24107355.446759168,24107355.446759168,24107355.446759168,24107355.446759168,0.04071354809329849,0.03972655298800641,15027000.47807199,14607527.558322852,21914045.892773885,14610491.233200392,21911291.337484278,21911291.337484278,896191555.6052129,639227379.9424186,256964175.66279423,256964175.66279423,256964175.66279423,501171439.5896883,510325819.1912724,225750455.45793205,225750455.45793205,303032172.2023023,285957156.8807492,0.006480659211103092,0.0,40.52705001831055,2022-06-08,0,0,0,0,0,0,0,1,0,0,0,-15.287055450232462,0
40.844766235351564,41.4829963684082,40.90784339904785,41.9223754119873,40.59603701904344,40.94066558758271,41.1963696876756,41.50174631089151,41.41791096072967,23.659352928418652,33.08165755809822,-0.29625752106534975,-0.21168937693287915,-0.0845681441324706,14.793327430301717,-94.75219732724983,-86.83691884484968,42.86229620721769,-0.965845178001068,1.4846673616900001,3.7792954084064356,1.2615025181523478,42.67483771320377,40.844766235351564,39.014694757499356,-0.38312530517578125,-0.34243213871453987,-0.1413067793234788,28.571428571428573,57.142857142857146,28.571428571428573,-0.8787879663612973,-0.030666261417745644,1.031413604960595,0.973148152154496,0.09381601690032648,0.02689977973568282,1.1792778951411562,0.061874604179860675,0.9026599113362888,0.4347466960352423,3.4876128288841945,1.6042692939244663,46099915.45064457,59107677.34754097,-32175755.455336682,9138525.481381226,281614226.74239695,317684674.1159825,36070447.37358551,317684674.1159825,24870026.170778435,33728541.12208948,401942388.164372,362817280.4627482,24870026.170778435,24870026.170778435,24870026.170778435,24870026.170778435,24870026.170778435,24870026.170778435,24870026.170778435,24870026.170778435,0.04200157951052652,0.04098335940118043,15502401.164794335,15069657.618322244,22607328.127075534,15072715.05330008,22604486.427483365,22604486.427483365,924543859.2862567,659450253.8180001,265093605.4682565,265093605.4682565,265093605.4682565,517026716.0232147,526470707.53739977,232892394.51018617,232892394.51018617,312619029.0719856,295003821.18029815,0.006685684148971944,0.0,39.284236907958984,2022-06-09,0,0,0,0,0,0,0,1,0,0,0,-12.607040095737798,0
40.15327453613281,41.02885437011719,40.80552101135254,41.82089431762695,39.56695309529654,40.316687343986345,40.84517116959247,41.34515960253509,36.00792171421611,7.221817279155116,22.547737027356447,-0.5531276564804415,-0.2799770328423916,-0.27315062363804987,16.35532096900729,-174.28363073280272,-96.78408481595244,42.779004921075945,-10.799994810948432,1.5227918256119348,4.059827092643956,2.0184098565970885,43.36695286867635,40.15327453613281,36.939596203589275,-4.541419982910156,0.04852648798840621,0.019886457003082114,100.0,50.0,-50.0,-0.5925920693144668,-0.04519501458857522,1.054094661430096,0.9690970826682326,0.09381601690032648,0.02689977973568282,1.1792778951411562,0.061874604179860675,0.9026599113362888,0.4347466960352423,3.4876128288841945,1.6042692939244663,48282022.14589416,61905497.19644741,-33698771.945008405,9571091.08248261,294944235.78135127,332722052.1152729,37777816.33392161,332722052.1152729,26047231.163190834,35325057.616405174,420968045.1041794,379990978.26914936,26047231.163190834,26047231.163190834,26047231.163190834,26047231.163190834,26047231.163190834,26047231.163190834,26047231.163190834,26047231.163190834,0.043989694390240405,0.04292327755653761,16236196.293125095,15782969.138801405,23677429.917622447,15786171.295288386,23674453.70820211,23674453.70820211,968306485.0021403,690664862.3476169,277641622.6545234,277641622.6545234,277641622.6545234,541499807.7334381,551390823.8660315,243916190.28867242,243916190.28867242,327416628.36760145,308967617.14454305,0.007002146250934254,0.0,37.508785247802734,2022-06-10,0,0,0,0,0,0,0,1,0,0,0,-5.854514267338289,0
38.882423400878906,40.26447448730469,40.55462131500244,41.66801834106445,38.095959605441834,39.37801194066745,40.30315226065342,41.10236795638597,30.34624181044272,2.5263824837863726,11.13585089712001,-0.9359240383357061,-0.4111664339410545,-0.5247576043946516,18.635763591709615,-217.13290889398777,-97.78760152632012,33.5131842226179,-17.86027301997767,1.5955712057058893,4.538807669600176,2.541703146927297,43.614566033989966,38.882423400878906,34.150280767767846,-7.643798828125,-0.04701538475222101,-0.019108698918266498,100.0,42.85714285714286,-57.142857142857146,-0.7500005183012161,-0.06278029550979014,1.049171572491281,0.9646153572278144,0.09381601690032648,0.02689977973568282,1.1792778951411562,0.061874604179860675,0.9026599113362888,0.4347466960352423,3.4876128288841945,1.6042692939244663,51516226.04025022,66052278.77717339,-35956106.965696454,10212217.089149546,314701274.8113132,355009663.7119397,40308388.90062648,355009663.7119397,27792022.551808096,37691330.48223718,449166874.19964164,405444930.8402465,27792022.551808096,27792022.551808096,27792022.551808096,27792022.551808096,27792022.551808096,27792022.551808096,27792022.551808096,27792022.551808096,0.04693637380806894,0.04579852232181273,17323788.8782509,16840201.99659201,25263478.567708433,16843618.65169608,25260302.994888015,25260302.994888015,1033169149.5206449,736929515.0738388,296239634.4468061,296239634.4468061,296239634.4468061,577772538.4337505,588326110.968777,260255081.19395322,260255081.19395322,349348852.567815,329664021.8555824,0.007471189751332633,0.0,35.15397262573242,2022-06-13,0,0,0,0,0,0,0,1,0,0,0,0.10635454575345213,1
37.45084915161133,39.45711097717285,40.27615604400635,41.50561126708985,36.99070672304521,38.542046307500996,39.77715689851995,40.854439838812084,29.551971334825755,5.39269453847884,5.046964767140072,-1.254986475789572,-0.579930442310758,-0.6750560334788139,21.012858663048252,-186.11306154920243,-92.39997000616732,33.552273131535166,-18.839935566317443,1.5990755921745061,4.5976605888331115,1.6446326162665272,41.94401574780839,37.45084915161133,32.957682555414266,-8.07363510131836,-0.7565623334068174,-0.30507342020670336,100.0,35.714285714285715,-64.28571428571429,-0.41477196374307873,-0.010632416184077842,1.0482721387938818,0.9807641758218563,0.09381601690032648,0.02689977973568282,1.1792778951411562,0.061874604179860675,0.9026599113362888,0.4347466960352423,3.4876128288841945,1.6042692939244663,52069854.40290626,66762121.43763022,-36342515.71798648,10321964.511674957,318083268.50323135,358824838.73455006,40741570.231318705,358824838.73455006,28090694.506703157,38096387.12526272,453993926.57199883,409802117.5066941,28090694.506703157,28090694.506703157,28090694.506703157,28090694.506703157,28090694.506703157,28090694.506703157,28090694.506703157,28090694.506703157,0.047440783967308296,0.046290704355979616,17509962.082479246,17021178.247664552,25534977.071180105,17024631.62046548,25531767.37149683,25531767.37149683,1044272287.0864469,744849060.2770236,299423226.8094234,299423226.8094234,299423226.8094234,583981674.6424235,594648663.0374972,263051959.1011537,263051959.1011537,353103192.6681898,333206815.39220357,0.0075514802319647184,0.0,34.78020095825195,2022-06-14,0,0,0,0,0,0,0,1,0,0,0,3.089711443619857,1
36.303347778320315,38.810472869873045,39.907983207702635,41.343017196655275,36.25698553264863,37.85977300647453,39.30214606550428,40.61660075304908,29.60156813510627,7.717700457610602,5.212259159958568,-1.489917082558108,-0.761927770360228,-0.7279893121978801,23.220161229291275,-142.5832763716106,-92.29999449059906,31.9991001318498,-15.673824291888138,1.5796358864771283,4.540547944484519,1.3269197124112182,39.91127498601269,36.303347778320315,32.69542057062794,-6.466381072998054,-1.8340867062603763,-0.7352198331783981,92.85714285714286,28.571428571428573,-64.28571428571429,-0.3098577549732026,0.00026860665971217834,1.0386816131587213,0.9883196536210157,0.09381601690032648,0.02689977973568282,1.1792778951411562,0.061874604179860675,0.9026599113362888,0.4347466960352423,3.4876128288841945,1.6042692939244663,52055871.84905048,66744193.502758265,-36332756.497625515,10319192.70779079,317997852.16236633,358728481.8752899,40730629.71292354,358728481.8752899,28083151.185269088,38086156.92986852,453872013.5265086,409692071.4878611,28083151.185269088,28083151.185269088,28083151.185269088,28083151.185269088,28083151.185269088,28083151.185269088,28083151.185269088,28083151.185269088,0.04742804447870419,0.04627827370346288,17505260.053049,17016607.473571442,25528120.04812525,17020059.91902253,25524911.210357167,25524911.210357167,1043991863.9191129,744649042.5850369,299342821.33407605,299342821.33407605,299342821.33407605,583824855.3981581,594488979.3385212,262981320.5670695,262981320.5670695,353008372.2684643,333117337.85678965,0.007549452398773228,0.0,34.78954315185547,2022-06-15,0,0,0,0,0,0,0,1,0,0,0,4.136429576298785,1
34.98390655517578,37.914336395263675,39.47580070495606,41.15182899475098,35.06700061917786,36.91927442206759,38.67213508709781,40.30563722517407,25.286837319282046,8.047135919776334,7.052510305288554,-1.8247221953799055,-0.9744866553641635,-0.8502355400157421,25.76823197310198,-146.8370567130769,-97.70212219693968,23.98815500706798,-21.51671062057211,1.6350057558368465,5.0020014550394265,2.354814057513181,38.051002413343475,34.98390655517578,31.91681069700808,-8.96136474609375,-3.112820090242329,-1.237067100329277,100.0,21.42857142857143,-78.57142857142857,-0.7232713305135001,-0.06043518164184358,1.0458081300641453,0.9681704541411214,0.09381601690032648,0.02689977973568282,1.1792778951411562,0.061874604179860675,0.9026599113362888,0.4347466960352423,3.4876128288841945,1.6042692939244663,55404236.974321336,71037348.56674442,-38669771.14055338,10982949.240078056,338452276.99995416,381802803.6662232,43350526.666269094,381802803.6662232,29889530.383165073,40535954.71616553,483066207.52321035,436044500.0524583,29889530.383165073,29889530.383165073,29889530.383165073,29889530.383165073,29889530.383165073,29889530.383165073,29889530.383165073,29889530.383165073,0.050478736061640085,0.04925500912681245,18631242.582750797,18111158.63544905,27170153.19148964,18114833.15090943,27166737.953173578,27166737.953173578,1111144056.8234959,792546749.3411201,318597307.4823757,318597307.4823757,318597307.4823757,621377944.3321042,632728011.6526306,279896943.1684516,279896943.1684516,375714762.16545576,354544286.19293755,0.008035052240425016,0.0,32.68703079223633,2022-06-16,0,0,0,0,0,0,0,1,0,0,0,7.175515004652393,1
34.14103393554687,37.14715423583984,39.1048246383667,41.00044822692871,34.476141129337975,36.26021037253861,38.159971950198795,40.030687614369526,28.52792023715654,13.589603364143253,9.784813247176693,-2.017786466709424,-1.1831466176332155,-0.8346398490762086,28.21246345174878,-118.8204059064686,-89.5041226142891,29.661799638646123,-18.72717850872352,1.6190065276078394,4.862695980517144,1.411016560630749,36.077219904588354,34.14103393554687,32.20484796650539,-7.671821594238274,-4.142501755009467,-1.6352857443002549,100.0,14.285714285714286,-85.71428571428572,0.33112619588365777,0.01858202910146667,1.0439463997296405,1.0142328489837085,0.09381601690032648,0.02689977973568282,1.1792778951411562,0.061874604179860675,0.9026599113362888,0.4347466960352423,3.4876128288841945,1.6042692939244663,54393495.45877586,69741411.62632665,-37964317.09546808,10782586.896576773,332277879.76832545,374837561.1957608,42559681.42743534,374837561.1957608,29344254.59040531,39796455.81605633,474253613.0834185,428089724.3367931,29344254.59040531,29344254.59040531,29344254.59040531,29344254.59040531,29344254.59040531,29344254.59040531,29344254.59040531,29344254.59040531,0.0495578506388626,0.0483564481991326,18291352.144889288,17780756.108004037,26674487.096004978,17784363.589144874,26671134.162006054,26671134.162006054,1090873415.2748423,778088290.0911361,312785125.18370616,312785125.18370616,312785125.18370616,610042123.833902,621185131.4623978,274790773.0272448,274790773.0272448,368860584.05810404,348076321.850775,0.007888468489389183,0.0,33.2944221496582,2022-06-17,0,0,0,0,0,0,0,1,0,0,0,6.735924760192362,1
33.711187744140624,36.29680557250977,38.76234893798828,40.868317108154294,33.98567464245904,35.66830697184089,37.66899763767521,39.75516032238253,27.906152347112577,18.14911551748813,13.261951600469203,-2.16916134481648,-1.3803495630698683,-0.7888117817466118,30.05846643648751,-94.73761023960566,-92.06611867438268,29.149540009542456,-20.486267376752032,1.5801216243823981,4.787559436894027,1.074617882451662,35.50613547990919,33.711187744140624,31.916240008372057,-8.503486633300781,-5.363185361478252,-2.103648259089546,92.85714285714286,7.142857142857143,-85.71428571428572,-0.5913038286241272,-0.008700570914098482,1.0326797831985721,0.981111102634006,0.09381601690032648,0.02689977973568282,1.1792778951411562,0.061874604179860675,0.9026599113362888,0.4347466960352423,3.4876128288841945,1.6042692939244663,54870903.647077926,70353527.4812341,-38297527.44887162,10877224.96372224,335194261.2079642,378127486.2040489,42933224.99608472,378127486.2040489,29601807.21324966,40145746.73240102,478416106.3431035,431847040.13351834,29601807.21324966,29601807.21324966,29601807.21324966,29601807.21324966,29601807.21324966,29601807.21324966,29601807.21324966,29601807.21324966,0.049992816685631464,0.04878086961446464,18451894.158514887,17936816.653268985,26908607.342387047,17940455.797038257,26905224.97990348,26905224.97990348,1100447940.6194756,784917520.6411932,315530419.97828245,315530419.97828245,315530419.97828245,615396424.0617337,626637233.146806,277202593.8526317,277202593.8526317,372098049.52499396,351131365.1938079,0.00795770506663492,0.0,33.00474166870117,2022-06-21,0,0,0,0,0,0,0,1,0,0,0,4.4733960202242375,1
33.425244140625,35.43804664611817,38.40305290222168,40.76459312438965,33.7739440751973,35.24688442071961,37.25771052367508,39.50399650349199,29.87075188276348,28.68903685504874,20.142585245560003,-2.2354596083063427,-1.5513715721171633,-0.6840880361891795,31.86209322699906,-82.72743663589051,-87.39341692850647,35.105848337338,-20.476833608427413,1.5420116414629117,4.623656107786954,1.0465818635095872,34.869071470749645,33.425244140625,31.98141681050035,-8.587589263916009,-6.354813367010673,-2.475930238381416,85.71428571428572,0.0,-85.71428571428572,0.33035650423534446,0.010475503048718915,1.0321284828535597,1.0104756210385526,0.09381601690032648,0.02689977973568282,1.1792778951411562,0.061874604179860675,0.9026599113362888,0.4347466960352423,3.4876128288841945,1.6042692939244663,54302062.22864999,69624179.17996977,-37900500.63888105,10764461.811201185,331719334.31007993,374207474.66236985,42488140.352289915,374207474.66236985,29294928.104578152,39729559.609586544,473456412.2531106,427370123.1059902,29294928.104578152,29294928.104578152,29294928.104578152,29294928.104578152,29294928.104578152,29294928.104578152,29294928.104578152,29294928.104578152,0.04947454592891909,0.04827516299730893,18260605.133764684,17750867.387830365,26629648.37960023,17754468.804943684,26626301.081745546,26626301.081745546,1089039701.9020252,776780355.65732,312259346.24470514,312259346.24470514,312259346.24470514,609016668.0983489,620140944.7890332,274328861.0325338,274328861.0325338,368240544.5776093,347491219.86075354,0.00787520829809889,0.0,33.35048294067383,2022-06-22,0,0,0,0,0,0,0,1,0,0,0,-2.68983162844952,0
33.184156799316405,34.74375228881836,38.13253059387207,40.63975090026855,33.7106648652357,34.94456115246377,36.90784346859293,39.271843952190835,31.2343838195495,46.649003134645795,31.162385169060855,-2.243290736216899,-1.6897554049371104,-0.5535353312797886,33.26720282245041,-69.56011241213177,-85.02363360827685,41.93587458546129,-17.131628307170523,1.5226428134591055,4.533819638579749,1.2708480494096221,33.803257184151896,33.184156799316405,32.565056414480914,-6.942943572998047,-7.431448149637171,-2.876066036713425,78.57142857142857,21.42857142857143,-57.142857142857146,-0.05882501437526945,0.007005101097164346,1.03896838785654,0.9977789608540263,0.09381601690032648,0.02689977973568282,1.1792778951411562,0.061874604179860675,0.9026599113362888,0.4347466960352423,3.4876128288841945,1.6042692939244663,53924316.9369114,69139847.55798358,-37636850.6947852,10689580.221066367,329411771.5477917,371604348.6320564,42192577.08426474,371604348.6320564,29091141.715826854,39453186.05268227,470162873.7900778,424397177.96896636,29091141.715826854,29091141.715826854,29091141.715826854,29091141.715826854,29091141.715826854,29091141.715826854,29091141.715826854,29091141.715826854,0.04913038263164207,0.04793934305269318,18133577.589496985,17627385.768443704,26444402.665474463,17630962.1327634,26441078.652665555,26441078.652665555,1081463937.6856,771376783.3062544,310087154.37934583,310087154.37934583,310087154.37934583,604780122.200777,615827014.2955282,272420527.6950869,272420527.6950869,365678926.72678566,345073942.0109697,0.007820425427357417,0.0,33.5841064453125,2022-06-23,0,0,0,0,0,0,0,1,0,0,0,-0.16698334550979385,0
33.69810256958008,34.34100456237793,37.912000465393064,40.54462379455566,34.22602979134203,35.0013245144803,36.75059739001786,39.114389665577654,40.199875709457295,70.638553867666,48.65886461912015,-2.0904306441364184,-1.769890452776972,-0.32054019135944634,33.17879925349164,-34.955406591595114,-68.05690906635377,48.35417404757037,-10.25214585137666,1.5420357480733125,4.373730778617408,1.7941438980580031,35.2998400305385,33.69810256958008,32.09636510862166,-4.027477264404297,-8.241227615004567,-3.167602074451935,71.42857142857143,14.285714285714286,-57.142857142857146,0.8906236030175811,0.04980490402404758,1.0534521737615932,1.0474735997429474,0.09381601690032648,0.02689977973568282,1.1792778951411562,0.061874604179860675,0.9026599113362888,0.4347466960352423,3.4876128288841945,1.6042692939244663,51366036.42277915,65859710.97387806,-35851281.08138754,10182444.547640923,313783799.52799875,353974673.9681302,40190874.44013145,353974673.9681302,27710998.114331987,37581445.75382792,447857379.9644852,404262902.8900448,27710998.114331987,27710998.114331987,27710998.114331987,27710998.114331987,27710998.114331987,27710998.114331987,27710998.114331987,27710998.114331987,0.04679953622174798,0.04566500201031167,17273283.36911789,16791106.32925746,25189825.80869017,16794513.023497492,25186659.493886184,25186659.493886184,1030157063.9841738,734781082.0367292,295375981.9474445,295375981.9474445,295375981.9474445,576088109.2120746,586610914.0231465,259496337.51077107,259496337.51077107,348330366.2662345,328702924.4083863,0.007449408359001414,0.0,35.25675964355469,2022-06-24,0,0,0,0,0,0,0,1,0,0,0,-6.997074769311867,0
33.95227279663086,34.04665336608887,37.537753868103025,40.375301666259766,34.33911095586539,34.92204247274063,36.54247128476969,38.93599294476724,37.99448404161866,82.54580881447548,66.61112193892906,-2.002007197251281,-1.8163138016718339,-0.18569339557944708,33.08018829192663,-27.298297809622362,-75.07106991207817,46.98268365016523,-7.847526768580315,1.5026415742935337,4.347257902194696,0.99051731515641,35.61911850366062,33.95227279663086,32.28542708960109,-2.943511962890625,-8.917181535398825,-3.4042088190714495,64.28571428571429,7.142857142857143,-57.142857142857146,-0.7924519474724069,-0.019612873265538178,1.0288043857409515,0.9777953975170487,0.09381601690032648,0.02689977973568282,1.1792778951411562,0.061874604179860675,0.9026599113362888,0.4347466960352423,3.4876128288841945,1.6042692939244663,52393625.96882778,67177249.86174384,-36568494.32611723,10386146.727117157,320061117.66600865,361056019.9287524,40994902.26274376,361056019.9287524,28265363.098589033,38333271.34660232,456816871.36818916,412350276.6061305,28265363.098589033,28265363.098589033,28265363.098589033,28265363.098589033,28265363.098589033,28265363.098589033,28265363.098589033,28265363.098589033,0.04773577186558024,0.046578541032475274,17618839.434023254,17127016.32995364,25693754.15260103,17130491.175906975,25690524.49493046,25690524.49493046,1050765596.4593179,749480549.0604376,301285047.3988804,301285047.3988804,301285047.3988804,587612886.279879,598346202.2569277,264687622.30193555,264687622.30193555,355298796.5340552,335278703.1213391,0.007598435511708925,0.0,34.56527328491211,2022-06-27,0,0,0,0,0,0,0,1,0,0,0,-7.7588386548666,0
34.200835418701175,33.956011581420896,37.110243034362796,40.186355895996094,34.30859223026117,34.79940834661556,36.32390780803474,38.752132624543144,36.99034696767139,72.80136306549024,75.32857524921054,-1.935259737085019,-1.8401029887544709,-0.09515674833054821,32.53240774045891,-18.873953143635205,-77.72377040923016,45.84684177961514,-2.5784222350341057,1.5187909377548183,4.4347427066056575,1.7287326627515185,35.5729659049443,34.200835418701175,32.82870493245805,-0.9064178466796875,-9.426563406500202,-3.575225072029305,57.142857142857146,0.0,-57.142857142857146,-0.432431485028874,-0.00919184128071282,1.0506156587533528,0.9786382050530632,0.09381601690032648,0.02689977973568282,1.1792778951411562,0.061874604179860675,0.9026599113362888,0.4347466960352423,3.4876128288841945,1.6042692939244663,52879687.66481643,67800460.93743996,-36907744.45517834,10482500.205228658,323030361.4775617,364405578.16505194,41375216.68749028,364405578.16505194,28527584.123978827,38688893.5151197,461054814.0405585,416175697.5630197,28527584.123978827,28527584.123978827,28527584.123978827,28527584.123978827,28527584.123978827,28527584.123978827,28527584.123978827,28527584.123978827,0.048178622113167924,0.04701065551648507,17782291.434496526,17285905.63090631,25932118.06593582,17289412.713405337,25928858.446359467,25928858.446359467,1060513669.7880359,756433566.3416536,304080103.4463823,304080103.4463823,304080103.4463823,593064238.6306386,603897128.8148721,267143159.82628688,267143159.82628688,358594944.34655476,338389122.22394127,0.007668927072149485,0.0,34.247554779052734,2022-06-28,0,0,0,0,0,0,0,1,0,0,0,-9.95906454048663,0
34.292413330078126,33.858828735351565,36.657969856262206,39.99797111511231,34.14185231936031,34.61922001042338,36.08433301656082,38.55825967838689,35.59014963160568,52.71215948115133,69.35311045370565,-1.8959449604120167,-1.85127138308598,-0.04467357732603672,32.374858637215695,-50.074541070518336,-79.73268399026884,43.211768992729546,-2.79420024588094,1.465704768300386,4.335330748045411,0.7755845653927693,35.47306495606158,34.292413330078126,33.111761704094675,-0.9718284606933594,-9.685894265285109,-3.6510588328043596,50.0,0.0,-50.0,-0.27536087660811265,-0.01282375586600315,1.019262943399988,0.9947759518204876,0.09381601690032648,0.02689977973568282,1.1792778951411562,0.061874604179860675,0.9026599113362888,0.4347466960352423,3.4876128288841945,1.6042692939244663,53566612.830321185,68681212.03313406,-37387188.63474654,10618671.455596523,327226635.9700957,369139330.8240797,41912694.85398405,369139330.8240797,28898167.16467355,39191475.42803731,467044073.2141201,421581961.7175968,28898167.16467355,28898167.16467355,28898167.16467355,28898167.16467355,28898167.16467355,28898167.16467355,28898167.16467355,28898167.16467355,0.048804478834914386,0.047621339954067976,18013289.460886583,17510455.436526857,26268985.1179359,17514008.077222846,26265683.154790286,26265683.154790286,1074290103.8085396,766259896.180177,308030207.62836266,308030207.62836266,308030207.62836266,600768345.2217855,611741958.341636,270613440.521595,270613440.521595,363253214.8918688,342784912.2532259,0.0077685490485815654,0.0,33.808372497558594,2022-06-29,0,0,0,0,0,0,0,1,0,0,0,-11.415165105021494,0
34.32605133056641,33.755104064941406,36.28278846740723,39.78809387207031,34.012000362158176,34.46159754448348,35.86223429572207,38.369790532087556,35.40586321941421,40.787878729845566,55.43380042549568,-1.8480098776992193,-1.850619082008628,0.002609204309408586,32.64528771322059,-57.93120638456645,-77.23163531877766,50.77652719574044,-2.981489867728382,1.4571262319518883,4.317117308469406,1.3456052594214185,35.431236511648166,34.32605133056641,33.22086614948465,-1.0372467041015625,-9.36840543963464,-3.5069379806518555,42.85714285714286,0.0,-42.85714285714286,0.5763880610458083,-0.0016586438702050899,1.041284363033616,1.023519353777977,0.09381601690032648,0.02689977973568282,1.1792778951411562,0.061874604179860675,0.9026599113362888,0.4347466960352423,3.4876128288841945,1.6042692939244663,53655608.376256585,68795318.96723787,-37449303.69275998,10636313.31147218,327770290.1526928,369752618.7386429,41982328.58595008,369752618.7386429,28946178.566318437,39256588.12729982,467820020.02269,422282377.7950222,28946178.566318437,28946178.566318437,28946178.566318437,28946178.566318437,28946178.566318437,28946178.566318437,28946178.566318437,28946178.566318437,0.048885562573618646,0.047700458026379414,18043216.73171743,17539547.29914075,26312628.397736788,17543105.84219236,26309320.948711127,26309320.948711127,1076074928.89323,767532960.0194937,308541968.87373614,308541968.87373614,308541968.87373614,601766461.474405,612758306.150049,271063037.56729513,271063037.56729513,363856723.61612767,343354414.9488888,0.007781455712400211,0.0,33.752296447753906,2022-06-30,0,0,0,0,0,0,0,1,0,0,0,-13.150593323072602,0
34.13916168212891,33.918632125854494,35.91648426055908,39.58999069213867,34.11543737522785,34.43627279118961,35.71557497245018,38.2110658602946,38.87087865823841,41.451832077149966,44.98395676271559,-1.7439226812377129,-1.829279801854445,0.08535712061673206,32.35872401976051,4.772687645463828,-51.63271139658156,52.854597111066816,5.002842318486955,1.4251319748671603,4.152202799518892,1.0092066327656966,34.76266800950171,34.13916168212891,33.515655354756106,1.6352806091308594,-9.033651978316147,-3.3653938586895293,35.714285714285715,0.0,-35.714285714285715,0.5925910227609873,0.016888182838036503,1.0301255753702279,1.0177334271804526,0.09381601690032648,0.02689977973568282,1.1792778951411562,0.061874604179860675,0.9026599113362888,0.4347466960352423,3.4876128288841945,1.6042692939244663,52764511.65604951,67652786.3419917,-36827356.56170435,10459668.517129637,322326776.61561334,363611874.9130303,41285098.297416985,363611874.9130303,28465448.86138066,38604626.14260939,460050601.35230356,415269235.0268767,28465448.86138066,28465448.86138066,28465448.86138066,28465448.86138066,28465448.86138066,28465448.86138066,28465448.86138066,28465448.86138066,0.04807368538513622,0.04690826270913292,17743560.242150277,17248255.604848873,25875635.927148636,17251755.048653677,25872383.40727331,25872383.40727331,1058203789.8109984,754785996.1135387,303417793.69745976,303417793.69745976,303417793.69745976,591772499.3075768,602581794.6275074,266561301.56885532,266561301.56885532,357813897.0999139,337652084.80505675,0.007652223561771482,0.0,34.32231140136719,2022-07-01,0,0,0,0,0,0,0,1,0,0,0,-14.2390324836497,0
34.04945373535156,34.000863265991214,35.574008750915525,39.368152389526365,34.11586943382703,34.37817474752339,35.563304360885915,38.050503808950715,38.07754519700035,44.69696357275939,42.31222479325161,-1.6588984933679285,-1.7952035401571416,0.13630504678921307,32.45753815265101,-24.26646171718257,-46.782192862905646,56.66575178576293,2.469817309550848,1.4348029861767693,4.20556963353734,1.5605261332016838,34.50957938758658,34.04945373535156,33.58932808311655,0.8223114013671875,-8.660728398362018,-3.2079756076519317,28.571428571428573,0.0,-28.571428571428573,0.530200156684433,-0.0059896272118086236,1.0424985112780008,1.0221163794465997,0.09381601690032648,0.02689977973568282,1.1792778951411562,0.061874604179860675,0.9026599113362888,0.4347466960352423,3.4876128288841945,1.6042692939244663,53082455.77764492,68060443.02357344,-37049267.864684254,10522695.540681683,324269027.2049065,365802897.9044774,41533870.69957087,365802897.9044774,28636973.65806686,38837246.77271094,462822737.0121553,417771530.7558106,28636973.65806686,28636973.65806686,28636973.65806686,28636973.65806686,28636973.65806686,28636973.65806686,28636973.65806686,28636973.65806686,0.04836336390564004,0.04719091872004877,17850477.950627144,17352188.74675085,26031555.238772485,17355709.277220756,26028283.120126277,26028283.120126277,1064580228.5168766,759334124.4481884,305246104.0686881,305246104.0686881,305246104.0686881,595338354.1136091,606212783.2099681,268167525.0743641,268167525.0743641,359969983.1061608,339686681.3954318,0.007698333710851582,0.0,34.11673355102539,2022-07-05,0,0,0,0,0,0,0,1,0,0,0,-11.175024713487353,0
33.98591232299805,34.09337387084961,35.195089721679686,39.17117065429687,34.053862194979736,34.29666074202553,35.40773706149537,37.88890945241481,37.3316238415355,56.206657464936654,47.45181770494864,-1.5882875466644037,-1.753820341458594,0.16553279479419025,32.225083099685875,11.752500778405471,-51.73258930906615,51.93053398603937,2.802948915250192,1.406405562843592,4.145039419458153,1.037239059512288,34.404976557147116,33.98591232299805,33.56684808884898,0.9251060485839844,-7.6020306735821634,-2.792086087740387,21.42857142857143,64.28571428571429,42.85714285714286,0.12612894357000326,-0.0054778349005987215,1.0310056043018705,1.003870699790798,0.09381601690032648,0.02689977973568282,1.1792778951411562,0.061874604179860675,0.9026599113362888,0.4347466960352423,3.4876128288841945,1.6042692939244663,53374834.30783003,68435320.41014981,-37253335.48597302,10580654.619829364,326055103.2288921,367817742.77289826,41762639.544006154,367817742.77289826,28794706.305218074,39051162.594077736,465371967.8192358,420072619.21010566,28794706.305218074,28794706.305218074,28794706.305218074,28794706.305218074,28794706.305218074,28794706.305218074,28794706.305218074,28794706.305218074,0.04862974964545529,0.047450846623747295,17948798.50550441,17447764.721278507,26174937.223415893,17451304.642854363,26171647.08191776,26171647.08191776,1070443943.7108705,763516542.0091908,306927401.70167965,306927401.70167965,306927401.70167965,598617481.8477833,609551807.3741251,269644593.64016396,269644593.64016396,361952700.2399009,341557677.96435237,0.00774073618568586,0.0,33.929847717285156,2022-07-06,0,0,0,0,0,0,0,1,0,0,0,-12.861478760034565,0
34.086832427978514,34.18962287902832,34.813834762573244,38.989700622558594,34.1402324708068,34.299626611195606,35.303473819682566,37.748676651240146,39.9295919731042,66.31539362720798,55.73967155496798,-1.4843027344847854,-1.6999168200638324,0.21561408557904693,31.83458185661566,61.93486223326425,-41.584029029143636,54.45443437737543,2.885985439848815,1.3586775516587977,3.959661410771432,0.7382134062564703,34.52868535735583,34.086832427978514,33.644979498601195,0.9624900817871094,-6.540519835675605,-2.380868447132599,14.285714285714286,57.142857142857146,42.85714285714286,0.013160734632006447,0.0112916894991133,1.0209135475603206,1.0002724635379983,0.09381601690032648,0.02689977973568282,1.1792778951411562,0.061874604179860675,0.9026599113362888,0.4347466960352423,3.4876128288841945,1.6042692939244663,52778871.6767427,67671198.25146137,-36837379.23766028,10462515.147405097,322414498.8182245,363710832.9794307,41296334.161206186,363710832.9794307,28473195.818982672,38615132.507832184,460175805.5084303,415382251.79934496,28473195.818982672,28473195.818982672,28473195.818982672,28473195.818982672,28473195.818982672,28473195.818982672,28473195.818982672,28473195.818982672,0.04808676878333819,0.04692102893404514,17748389.20548664,17252949.769537095,25882678.059364043,17256450.165726062,25879424.654305644,25879424.654305644,1058491783.1580867,754991413.3946419,303500369.7634448,303500369.7634448,303500369.7634448,591933551.974777,602745789.07697,266633847.02955216,266633847.02955216,357911277.22919774,337743977.83642805,0.00765430613745061,0.0,34.31297302246094,2022-07-07,0,0,0,0,0,0,0,1,0,0,0,-16.013064011544266,0
34.195228576660156,34.26063995361328,34.50219612121582,38.834208221435546,34.19158071092524,34.29865398937133,35.20735985506157,37.613210005746886,39.84279116686263,77.67708895151928,66.73304668122127,-1.3874094267612236,-1.6374153414033106,0.250005914642087,31.510965583019875,48.670118871124664,-42.07926066317096,62.6053549344183,2.1146036652963662,1.315693793187629,3.8364820633300676,0.7569049330624367,34.500401178918615,34.195228576660156,33.8900559744017,0.7101707458496094,-5.389666563544996,-1.9441933509631042,7.142857142857143,50.0,42.85714285714286,-0.012343585903542459,-0.0005448618890175894,1.0223325437846151,0.9997276403763945,0.09381601690032648,0.02689977973568282,1.1792778951411562,0.061874604179860675,0.9026599113362888,0.4347466960352423,3.4876128288841945,1.6042692939244663,52807644.54970662,67708089.80917658,-36857461.46373781,10468218.880919203,322590265.9599141,363909113.186272,41318847.226357974,363909113.186272,28488718.23581633,38636183.89197199,460426674.4560285,415608701.141341,28488718.23581633,28488718.23581633,28488718.23581633,28488718.23581633,28488718.23581633,28488718.23581633,28488718.23581633,28488718.23581633,0.048112983714531155,0.04694660835175465,17758064.89827241,17262355.369092394,25896788.232319795,17265857.673553586,25893533.05363859,25893533.05363859,1059068829.4010738,755403003.7022086,303665825.6988652,303665825.6988652,303665825.6988652,592256249.8338438,603074381.323596,266779204.85105795,266779204.85105795,358106395.7564589,337928101.98042524,0.007658478950758722,0.0,34.29427719116211,2022-07-08,0,0,0,0,0,0,0,1,0,0,0,-14.931865145412607,0
34.21391830444336,34.176539993286134,34.25877227783203,38.66395149230957,34.26630715404456,34.319945998628036,35.131969396511245,37.48781981102282,40.74418531002068,83.34655583338655,75.77967947070458,-1.285993993409619,-1.5671310718045723,0.2811370783949534,31.240060021740053,41.50479019992332,-44.35016055131635,64.14006828753315,-2.385357054289672,1.2757800540400968,3.7069646363956883,0.7569014451221818,34.55702231077329,34.21391830444336,33.87081429811343,-0.8409996032714844,-4.446685577008829,-1.5923370214608994,0.0,42.85714285714286,42.85714285714286,0.5061788862934197,0.003542365055368535,1.0223632670153187,1.0112576519144083,0.09381601690032648,0.02689977973568282,1.1792778951411562,0.061874604179860675,0.9026599113362888,0.4347466960352423,3.4876128288841945,1.6042692939244663,52621240.904755495,67469089.6636346,-36727359.74799058,10431267.523361249,321451567.16140807,362624564.6004133,41172997.43900526,362624564.6004133,28388157.02040095,38499803.53329709,458801432.294914,414141660.19628936,28388157.02040095,28388157.02040095,28388157.02040095,28388157.02040095,28388157.02040095,28388157.02040095,28388157.02040095,28388157.02040095,0.04794315156976618,0.04678089334989307,17695381.39756825,17201421.65412217,25805376.16953619,17204911.595935438,25802132.481183257,25802132.481183257,1055330463.6447927,752736536.1008259,302593927.5439667,302593927.5439667,302593927.5439667,590165667.5960733,600945612.5853965,265837511.34047928,265837511.34047928,356842329.9565446,336735262.7527396,0.007631445584597897,0.0,34.4157600402832,2022-07-11,0,0,0,0,0,0,0,1,0,0,0,-9.88325610446153,0
34.59330520629883,34.32137947082519,34.184016418457034,38.50771156311035,34.84876078946395,34.62789546438707,35.21594069782472,37.43000993844556,51.119163149937584,83.5644027865458,81.52934919048384,-1.064413809062387,-1.4665876192561353,0.4021738101937484,29.154166566765443,203.9138439815081,-12.796216610388353,64.96548868743626,4.190317731475468,1.3348322911794892,3.706460249881774,2.1025113739915895,36.051285357019914,34.59330520629883,33.135325055577745,1.448394775390625,-3.2960404418098554,-1.1731532659286117,7.142857142857143,100.0,92.85714285714286,0.6440672852078142,0.04642954327172211,1.0474403750365648,1.0304812658592972,0.09381601690032648,0.02689977973568282,1.1792778951411562,0.061874604179860675,0.9026599113362888,0.4347466960352423,3.4876128288841945,1.6042692939244663,50286463.37739296,64475520.68597816,-35097785.59305616,9968437.522078449,307188925.645554,346535098.2605545,39346172.61500046,346535098.2605545,27128589.022480905,36791586.954746366,438444647.5588265,395766406.6913207,27128589.022480905,27128589.022480905,27128589.022480905,27128589.022480905,27128589.022480905,27128589.022480905,27128589.022480905,27128589.022480905,0.04581593847194831,0.04470524905444653,16910246.381464556,16438203.379026301,24660404.836100288,16441538.473907469,24657305.06853945,24657305.06853945,1008505991.0916137,719338001.245026,289167989.84658766,289167989.84658766,289167989.84658766,563980318.9719648,574281963.3192939,254042437.01809397,254042437.01809397,341009418.40848315,321794491.4857024,0.007292842249787543,0.0,36.013668060302734,2022-07-12,0,0,0,0,0,0,0,1,0,0,0,-14.400620203845726,0
35.058660888671874,34.522286605834964,34.23914909362793,38.35969490051269,35.3180492360261,34.924028312525856,35.31505359604621,37.38399488710065,52.48149590446849,86.83703087723241,84.58266316572156,-0.859299758180704,-1.345130047041049,0.48583028886034496,27.41827424388904,159.61812192007505,-6.66664893523999,68.5382759825451,5.866320568166494,1.3623004539629622,3.7573834065814258,1.7193865701481101,36.82519732972384,35.058660888671874,33.292124447619905,2.0090713500976562,-2.566080649054529,-0.9086919197669374,0.0,92.85714285714286,92.85714285714286,0.826087136800424,0.006746273899143951,1.0496894467524698,1.0407725458029733,0.09381601690032648,0.02689977973568282,1.1792778951411562,0.061874604179860675,0.9026599113362888,0.4347466960352423,3.4876128288841945,1.6042692939244663,49949490.43380385,64043465.92340835,-34862592.99189843,9901638.357667355,305130432.1751364,344212943.4643136,39082511.289177276,344212943.4643136,26946798.538832888,36545044.07774163,435506600.74531347,393114349.61513317,26946798.538832888,26946798.538832888,26946798.538832888,26946798.538832888,26946798.538832888,26946798.538832888,26946798.538832888,26946798.538832888,0.045508922813791465,0.0444056762001238,16796929.693090305,16328049.882281544,24495153.81923407,16331362.62846957,24492074.823422316,24492074.823422316,1001747925.2102461,714517669.3418677,287230255.8683784,287230255.8683784,287230255.8683784,560201049.2551022,570433661.5968697,252340081.71113825,252340081.71113825,338724291.56131697,319638125.1448662,0.0072439724276726165,0.0,36.25662612915039,2022-07-13,0,0,0,0,0,0,0,1,0,0,0,-16.13403585286356,0
35.38384780883789,34.7353401184082,34.297084426879884,38.20887489318848,35.52500203178107,35.10855182357407,35.37446826530762,37.3273247983238,50.49939126990864,82.23682363555103,84.21275243310971,-0.7141503426219487,-1.218934106157229,0.5047837635352803,25.47424778071579,156.7610751385631,-18.82090218845516,62.65925608972939,6.301797360657546,1.3444216064996193,3.7408527287243887,1.1119965894761634,37.07874957630718,35.38384780883789,33.6889460413686,2.130535125732422,-1.6478965260779275,-0.5800177500798185,35.714285714285715,100.0,64.28571428571429,0.12604823819048738,-0.008763046642222716,1.031233661130316,1.0039153668964944,0.09381601690032648,0.02689977973568282,1.1792778951411562,0.061874604179860675,0.9026599113362888,0.4347466960352423,3.4876128288841945,1.6042692939244663,50391069.72818341,64609643.240663655,-35170796.32049908,9989173.954951875,307827942.795634,347255963.67075044,39428020.87511645,347255963.67075044,27185022.15595538,36868121.14292823,439356704.0353485,396589683.50955176,27185022.15595538,27185022.15595538,27185022.15595538,27185022.15595538,27185022.15595538,27185022.15595538,27185022.15595538,27185022.15595538,0.045911245196854016,0.044798245313293926,16945423.227202483,16472398.276689442,24711703.6307592,16475740.309264805,24708597.415034164,24708597.415034164,1010603894.2725685,720834374.5876971,289769519.6848714,289769519.6848714,289769519.6848714,565153515.8747284,575476589.7947484,254570898.36728328,254570898.36728328,341718789.2500389,322463891.26444924,0.007308012885449778,0.0,35.938907623291016,2022-07-14,0,0,0,0,0,0,0,1,0,0,0,-17.134678297353545,0
35.92209091186523,35.0586597442627,34.40688190460205,38.065530395507814,36.01183225662032,35.4498138022513,35.52789916444964,37.31391961824439,56.347865356197346,86.39130629521503,85.15505360266613,-0.5088025563730483,-1.0769077962003928,0.5681052398273445,23.973878483910934,161.69628708787903,-2.892549252962054,65.88421365926482,9.579188970296215,1.3384992256280255,3.6189844387285177,1.2615082742973058,37.60028972215939,35.92209091186523,34.24389210157108,3.233196258544922,-0.4609721794958831,-0.1613724292852936,28.571428571428573,100.0,71.42857142857143,0.3925938484578794,0.029121226888085827,1.0351837979254288,1.0135724098424859,0.09381601690032648,0.02689977973568282,1.1792778951411562,0.061874604179860675,0.9026599113362888,0.4347466960352423,3.4876128288841945,1.6042692939244663,48965144.64147119,62781372.64356495,-34175562.024748534,9706508.518105002,299117280.60110205,337429599.73802346,38312319.13692141,337429599.73802346,26415762.735901356,35824857.343980856,426924149.0275153,385367314.5084975,26415762.735901356,26415762.735901356,26415762.735901356,26415762.735901356,26415762.735901356,26415762.735901356,26415762.735901356,26415762.735901356,0.04461208650382521,0.04353058137645976,16465915.564139126,16006275.885008806,24012432.146097917,16009523.347492374,24009413.827513207,24009413.827513207,982006655.6478375,700436795.7382401,281569859.90959746,281569859.90959746,281569859.90959746,549161266.0479964,559192226.104311,247367260.2566648,247367260.2566648,332049111.7293803,313339073.0259578,0.007101216741537977,0.0,36.98549270629883,2022-07-15,0,0,0,0,0,0,0,1,0,0,0,-20.010107755897696,0
36.50518646240234,35.35955238342285,34.63909225463867,37.91377571105957,36.4516341020698,35.791890891472654,35.69964570049908,37.31459876235123,58.108713439391614,81.34279876434995,83.32364289837197,-0.3145384142912917,-0.9244339198185726,0.6098955055272809,23.419177826749426,169.39277817930537,-16.059567385200328,63.168208014440154,8.766677617993125,1.3323320081763055,3.5689467774016514,1.2521581813039475,37.61409554475408,36.50518646240234,35.396277380050606,3.0089263916015625,0.7313240433565202,0.2551155334863964,21.42857142857143,100.0,78.57142857142857,-0.17094109054866954,0.009348127099873427,1.029433916199882,0.9950186611372718,0.09381601690032648,0.02689977973568282,1.1792778951411562,0.061874604179860675,0.9026599113362888,0.4347466960352423,3.4876128288841945,1.6042692939244663,48511651.55689259,62199919.886860624,-33859043.38371741,9616611.21420455,296346991.26112795,334304478.97847575,37957487.71734776,334304478.97847575,26171111.855927147,35493063.67359618,422970170.11779904,381798216.25642747,26171111.855927147,26171111.855927147,26171111.855927147,26171111.855927147,26171111.855927147,26171111.855927147,26171111.855927147,26171111.855927147,0.044198909480327314,0.04312742076565272,16313415.680920811,15858032.977184106,23790039.83005551,15861250.363134876,23787049.465776157,23787049.465776157,972911752.9245384,693949666.0590057,278962086.8655326,278962086.8655326,278962086.8655326,544075182.0938959,554013239.9225028,245076256.26394826,245076256.26394826,328973822.62296957,310437067.859099,0.007035448474989168,0.0,37.33123779296875,2022-07-18,0,0,0,0,0,0,0,1,0,0,0,-21.37671977568321,0
37.05651168823242,35.82490844726563,34.91288585662842,37.81079940795898,37.22452079786424,36.33341876383274,35.9920884137328,37.3716848575317,64.52326783758443,89.2701858385954,85.66809696605343,-0.04395615836190814,-0.7483383675272397,0.7043822091653316,23.34436806282384,166.59108249283133,-2.2189003903127014,68.44962307718525,13.640111915954133,1.3499669805033654,3.48196217936,1.579221620755142,39.03770816380236,37.05651168823242,35.07531521266248,4.653560638427734,1.987847561588791,0.6930490395961613,14.285714285714286,100.0,85.71428571428572,0.8660733444368385,0.038548317215332695,1.0276406446009843,1.0239388255119646,0.09381601690032648,0.02689977973568282,1.1792778951411562,0.061874604179860675,0.9026599113362888,0.4347466960352423,3.4876128288841945,1.6042692939244663,46711020.32784305,59891214.35740008,-32602280.339256547,9259666.646988213,285347331.79841393,321895932.4635457,36548600.66513175,321895932.4635457,25199705.61032725,34175649.880945355,407270574.8076431,367626820.9457465,25199705.61032725,25199705.61032725,25199705.61032725,25199705.61032725,25199705.61032725,25199705.61032725,25199705.61032725,25199705.61032725,0.04255835645551685,0.041526638723261906,15707902.473581675,15269422.43737332,22907013.025493044,15272520.402000906,22904133.65605998,22904133.65605998,936799700.8874983,668191989.294921,268607711.5925773,268607711.5925773,268607711.5925773,523880471.4957593,533449653.462424,235979638.31001437,235979638.31001437,316763136.7455773,298914419.97756654,0.0067743102158726405,0.0,38.770294189453125,2022-07-19,0,0,0,0,0,0,0,1,0,0,0,-23.861173426215636,0
37.56111373901367,36.30988731384277,35.20163059234619,37.724456253051756,37.742892659595036,36.77818560369163,36.257569172716025,37.4268986428464,64.56120610200993,88.23558953294487,86.28285804529669,0.1692846576920104,-0.5648137624833897,0.7340984201754001,23.347155968366508,140.26272408627005,-3.779045208969249,68.98387320852362,14.293576281808118,1.3156146501202086,3.392539932878326,0.8690343551391706,39.74517417801874,37.56111373901367,35.3770533000086,4.849788665771484,2.908970405140845,1.0156138982528304,7.142857142857143,100.0,92.85714285714286,0.0645178491589171,0.00024096266997264415,1.0227772826052428,1.001447909635121,0.09381601690032648,0.02689977973568282,1.1792778951411562,0.061874604179860675,0.9026599113362888,0.4347466960352423,3.4876128288841945,1.6042692939244663,46699767.42719669,59876786.28710696,-32594426.299269248,9257435.950504478,285278590.30760735,321818386.24594957,36539795.93834219,321818386.24594957,25193634.884799097,34167416.808965,407172461.4441942,367538257.94579476,25193634.884799097,25193634.884799097,25193634.884799097,25193634.884799097,25193634.884799097,25193634.884799097,25193634.884799097,25193634.884799097,0.0425481039507866,0.04151663476410087,15704118.367290327,15265743.962948889,22901494.620202996,15268841.18126248,22898615.944423333,22898615.944423333,936574021.510648,668031018.7570168,268543002.7536313,268543002.7536313,268543002.7536313,523754266.26934946,533321142.97585964,235922789.7246949,235922789.7246949,316686827.042188,298842410.1125248,0.006772678253237875,0.0,38.77963638305664,2022-07-20,0,0,0,0,0,0,0,1,0,0,0,-21.855429880967147,0
38.01525802612305,36.69955291748047,35.4445878982544,37.6695108795166,37.89847145934265,37.03844805008186,36.443479638060964,37.45759395327744,60.322535260837974,87.9930133385637,88.49959623670128,0.2889538334923998,-0.39406024328823175,0.6830140767806315,22.656553609117868,95.51383584818484,-12.984949131131335,66.77920710138154,11.35621805148228,1.3150866810619384,3.441767725713523,1.3082230833044264,39.49050289315255,38.01525802612305,36.54001315909355,3.896656036376953,3.53736381001645,1.239163276476738,0.0,92.85714285714286,92.85714285714286,0.36585286428046,-0.01469862477792061,1.020448870973235,1.0073909641767127,0.09381601690032648,0.02689977973568282,1.1792778951411562,0.061874604179860675,0.9026599113362888,0.4347466960352423,3.4876128288841945,1.6042692939244663,47396429.76411244,60770022.03880127,-33080666.60510112,9395537.4297716,289534347.034995,326619239.89846677,37084892.86347175,326619239.89846677,25569470.94397452,34677122.82575869,413246618.42923,373021155.9513499,25569470.94397452,25569470.94397452,25569470.94397452,25569470.94397452,25569470.94397452,25569470.94397452,25569470.94397452,25569470.94397452,0.04318283219811459,0.04213597565997849,15938390.793122297,15493476.76441445,23243136.766191132,15496620.186712924,23240215.146621674,23240215.146621674,950545736.6275892,677996636.9238526,272549099.7037366,272549099.7037366,272549099.7037366,531567578.65206397,541277173.0432764,239442261.6851821,239442261.6851821,321411128.6212396,303300510.51148486,0.006873712372228614,0.0,38.20962905883789,2022-07-21,0,0,0,0,0,0,0,1,0,0,0,-19.882637767466935,0
38.13860549926758,37.030348205566405,35.645494079589845,37.58821388244629,37.7997243302356,37.1409538722527,36.55383682224768,37.46326595793407,56.09614692146734,63.87034058049546,80.03298115066796,0.3309653331513047,-0.24905512800032445,0.5800204611516292,22.249293504718338,79.27549269585703,-22.68655875254176,57.95432046881513,9.645786853649941,1.2905679374211771,3.4321579729427905,0.9718242700912825,39.323354165753074,38.13860549926758,36.95385683278208,3.307952880859382,4.088465223573887,1.4366555580726015,7.142857142857143,85.71428571428572,78.57142857142857,-0.8846160899977544,-0.015896490015149922,1.0258577093303205,0.9776482465414016,0.09381601690032648,0.02689977973568282,1.1792778951411562,0.061874604179860675,0.9026599113362888,0.4347466960352423,3.4876128288841945,1.6042692939244663,48162037.106078506,61751656.631868735,-33615027.554987974,9547306.085633453,294211273.6082532,331895208.7707674,37683935.16251421,331895208.7707674,25982501.519955106,35237271.76452458,419921902.7636552,379046667.51680666,25982501.519955106,25982501.519955106,25982501.519955106,25982501.519955106,25982501.519955106,25982501.519955106,25982501.519955106,25982501.519955106,0.04388037615959665,0.04281660946481855,16195847.927996581,15743747.082715888,23618589.437353954,15746941.281564467,23615620.624073833,23615620.624073833,965900158.8585153,688948499.8730369,276951658.98547846,276951658.98547846,276951658.98547846,540154133.44095,550020569.5350169,243310037.26312104,243310037.26312104,326602969.46424633,308199805.6445852,0.0069847453062477464,0.0,37.60223007202149,2022-07-22,0,0,0,0,0,0,0,1,0,0,0,-18.68787979222091,0
38.26382293701172,37.38450469970703,35.78052234649658,37.54354721069336,37.85225788072022,37.289384983059385,36.68750236124214,37.48264082161075,57.95096333777183,48.14306181772353,66.66880524559419,0.3884353005139687,-0.1215570422974658,0.5099923428114345,21.344199221740787,58.64494266287644,-19.12742613000417,63.047500723285566,10.290532410909691,1.2657982354999333,3.334793050117605,0.9437921105237663,39.18345753084868,38.26382293701172,37.34418834317476,3.54156494140625,4.590086151275707,1.6185137919890593,0.0,78.57142857142857,78.57142857142857,0.34653371858062965,0.009443453459750284,1.0254664227286705,1.0086912955088785,0.09381601690032648,0.02689977973568282,1.1792778951411562,0.061874604179860675,0.9026599113362888,0.4347466960352423,3.4876128288841945,1.6042692939244663,47711476.00294866,61173963.157839194,-33300555.31072728,9457989.997271435,291458895.0969746,328790292.941358,37331397.84438335,328790292.941358,25739432.388117526,34907623.24898232,415993487.6237213,375500644.65490186,25739432.388117526,25739432.388117526,25739432.388117526,25739432.388117526,25739432.388117526,25739432.388117526,25739432.388117526,25739432.388117526,0.043469870460996846,0.04241605541951814,16044334.006513381,15596462.61388493,23397634.960535903,15599626.930655353,23394693.920827392,23394693.920827392,956864057.66267,682503311.6136874,274360746.0489825,274360746.0489825,274360746.0489825,535100932.6868527,544875067.1965678,241033845.36221826,241033845.36221826,323547563.1100014,305316562.89241964,0.006919402253101292,0.0,37.95732498168945,2022-07-25,0,0,0,0,0,0,0,1,0,0,0,-17.996072474306,0
37.91059951782226,37.48355560302734,35.90246753692627,37.492526092529296,37.5695642849821,37.237529003140565,36.71766185955297,37.46387753815566,51.644020870789205,24.979431221676084,45.66427787329831,0.3530004257377257,-0.0266455486904275,0.37964597442815323,20.345608301390048,29.964840078099037,-38.98927013259866,55.842384759355404,2.7503697527965665,1.2508079528686604,3.3801804312739985,1.0559342786621144,39.098377387600884,37.91059951782226,36.72282164804364,0.990509033203125,4.737316114322408,1.6782946953406679,0.0,71.42857142857143,71.42857142857143,-0.6818229107964942,-0.025111039533038504,1.0222840520641918,0.9850745702131551,0.09381601690032648,0.02689977973568282,1.1792778951411562,0.061874604179860675,0.9026599113362888,0.4347466960352423,3.4876128288841945,1.6042692939244663,48940420.845565185,62749672.66891351,-34158305.88006317,9701607.445366042,298966248.3790655,337259222.6132819,38292974.234216385,337259222.6132819,26402424.719004523,35806768.42649027,426708583.73908025,385172732.3643515,26402424.719004523,26402424.719004523,26402424.719004523,26402424.719004523,26402424.719004523,26402424.719004523,26402424.719004523,26402424.719004523,0.044589560682044484,0.04350860163520705,16457601.488100056,15998193.893194143,24000307.63434708,16001439.715948056,23997290.839791212,23997290.839791212,981510814.5283973,700083126.6842693,281427687.844128,281427687.844128,281427687.844128,548883980.0078821,558909875.1672994,247242357.98789394,247242357.98789394,331881451.3552656,313180859.8449779,0.007097631149486986,0.0,37.00417709350586,2022-07-26,0,0,0,0,0,0,0,1,0,0,0,-16.363631771521717,0
37.774169921875,37.66764183044434,36.09496421813965,37.451036529541014,37.74553899109484,37.3938852577187,36.849073911340334,37.48872502306408,57.37455809623049,40.9588819259481,38.027124988449195,0.40843097960777186,0.06036975696921238,0.3480612226385595,19.96243092092789,59.66815359264103,-17.87001517418356,61.429104029648265,5.077312675516343,1.2595820500501884,3.306207581758623,1.3736453134100515,38.646021993755916,37.774169921875,36.902317849994084,1.8408622741699219,5.05554155229681,1.8003720748118894,14.285714285714286,64.28571428571429,50.0,0.019048068853518917,0.029545618783840766,1.0262368621951592,1.0004908087794766,0.09381601690032648,0.02689977973568282,1.1792778951411562,0.061874604179860675,0.9026599113362888,0.4347466960352423,3.4876128288841945,1.6042692939244663,47535942.02399352,60948899.712707326,-33178040.15368736,9423193.36643494,290386596.69323045,327580649.61868536,37194052.9254549,327580649.61868536,25644735.150437146,34779195.572496645,414463017.4262053,374119150.5621092,25644735.150437146,25644735.150437146,25644735.150437146,25644735.150437146,25644735.150437146,25644735.150437146,25644735.150437146,25644735.150437146,0.04330994165631657,0.042260003676769506,15985305.738604117,15539082.097296612,23311553.365355138,15542234.77231625,23308623.14594492,23308623.14594492,953343685.4287381,679992332.4536589,273351352.9750793,273351352.9750793,273351352.9750793,533132257.56451267,542870432.3248117,240147064.37190324,240147064.37190324,322357208.1704387,304193281.12427443,0.006893945270605028,0.0,38.09748840332031,2022-07-27,0,0,0,0,0,0,0,1,0,0,0,-19.524156736118094,0
37.262089538574216,37.63867378234863,36.18700695037842,37.35703094482422,37.04676837484122,37.07667469128511,36.73480279048258,37.41658785127074,44.622103197206066,34.94556799685993,33.62796038149466,0.251902099517217,0.0986762254788133,0.15322587403840368,19.75845081417943,-89.73870325073771,-65.16254138463327,51.256102801972744,-0.806035853937026,1.423916027833497,3.9942409470711238,3.5602577390165067,39.04305177413279,37.262089538574216,35.48112730301564,-0.28968048095703125,4.671309126034201,1.6682910185593798,7.142857142857143,57.142857142857146,50.0,-0.12707147388409845,-0.06426306204408361,1.0489718998410749,0.9940073075603063,0.09381601690032648,0.02689977973568282,1.1792778951411562,0.061874604179860675,0.9026599113362888,0.4347466960352423,3.4876128288841945,1.6042692939244663,50800540.296970725,65134651.88821978,-35456589.14156322,10070344.54258006,310329308.2856914,350077715.574928,39748407.28923662,350077715.574928,27405923.72730005,37167706.1808317,442926853.27949625,399812314.1097315,27405923.72730005,27405923.72730005,27405923.72730005,27405923.72730005,27405923.72730005,27405923.72730005,27405923.72730005,27405923.72730005,0.046284313357262116,0.04516226939708607,17083119.29368038,16606250.610605558,24912507.372294597,16609619.800055878,24909375.91590834,24909375.91590834,1018815915.8398546,726691770.8080196,292124145.03183496,292124145.03183496,292124145.03183496,569745871.8783945,580152829.6090273,256639504.79126734,256639504.79126734,344495546.8730521,325084186.3620065,0.0073673967447139615,0.0,35.649227142333984,2022-07-28,0,0,0,0,0,0,0,1,0,0,0,-13.23721692914814,0
36.865882873535156,37.50224418640137,36.280451965332034,37.22639488220215,36.57157783216954,36.81204233774712,36.628745072039116,37.3461803569788,44.50015031495788,42.73832275535754,39.547590892721814,0.12415879040840849,0.10377273846473234,0.020386051943676153,19.56904071505586,-99.40947935836438,-75.83324720874225,50.428672406770325,-3.6887326885341465,1.3762721292923525,3.8636324856631257,0.756901448257473,39.01189649325247,36.865882873535156,34.71986925381784,-1.3642959594726562,4.26805867923513,1.5280034236418913,0.0,50.0,50.0,0.48148217918770303,-0.0007862833995221363,1.021536760049156,1.010336586121923,0.09381601690032648,0.02689977973568282,1.1792778951411562,0.061874604179860675,0.9026599113362888,0.4347466960352423,3.4876128288841945,1.6042692939244663,50840515.35021375,65185906.484371245,-35484490.00699623,10078268.918126304,310573507.0786387,350353192.47414,39779685.395501316,350353192.47414,27427489.506989967,37196953.52790349,443275393.362714,400126927.270346,27427489.506989967,27427489.506989967,27427489.506989967,27427489.506989967,27427489.506989967,27427489.506989967,27427489.506989967,27427489.506989967,0.04632073458191755,0.04519780768296198,17096562.03659866,16619318.104542539,24932111.07734976,16622689.945215205,24928977.156813808,24928977.156813808,1019617624.2516639,727263606.1085794,292354018.14308447,292354018.14308447,292354018.14308447,570194206.1171681,580609353.1049811,256841454.96361434,256841454.96361434,344766631.15183604,325339995.7999045,0.007373194164887266,0.0,35.62119674682617,2022-07-29,0,0,0,0,0,0,0,1,0,0,0,-11.542471671576951,0
36.434166717529294,37.34899482727051,36.35427360534668,37.11575614929199,36.31396662199975,36.62780631300404,36.549697370098265,37.28549658618199,45.515888580468946,29.581745141033092,35.75521196441681,0.03682341596053362,0.0903828739638926,-0.05355945800335897,19.557554725111867,-96.52014046682213,-71.87487109451419,52.198788729669175,-4.105123970995772,1.3547253934671386,3.784281889430953,1.0746178277393597,38.38810897722757,36.434166717529294,34.48022445783102,-1.5324935913085938,3.9880221644963,1.431144763261841,85.71428571428572,42.85714285714286,-42.85714285714286,0.2695660538833574,0.004984320321854474,1.030798112511502,1.0081579308760793,0.09381601690032648,0.02689977973568282,1.1792778951411562,0.061874604179860675,0.9026599113362888,0.4347466960352423,3.4876128288841945,1.6042692939244663,50588366.725892454,64862610.45694217,-35308501.127293244,10028284.734729648,309033186.6861116,348615580.75049025,39582394.064378574,348615580.75049025,27291460.127662577,37012471.513974324,441076924.68351287,398142457.7273027,27291460.127662577,27291460.127662577,27291460.127662577,27291460.127662577,27291460.127662577,27291460.127662577,27291460.127662577,27291460.127662577,0.046091002262685005,0.04497364463207446,17011769.926045556,16536892.933036074,24808457.7770975,16540248.05072745,24805339.39955411,24805339.39955411,1014560728.5943754,723656669.4649198,290904059.12945557,290904059.12945557,290904059.12945557,567366270.8832698,577729762.9071826,255567624.06139705,255567624.06139705,343056726.53820276,323726439.52864033,0.007336626070470372,0.0,35.798744201660156,2022-08-01,0,0,0,0,0,0,0,1,0,0,0,-9.631936998597464,0
36.06412582397461,36.987362670898435,36.40613555908203,37.00455673217773,35.9273019565773,36.35983655168192,36.41677120396818,37.201907411262404,42.475659859897604,25.709767138580172,32.67661167832356,-0.08345614461777018,0.05561507024756004,-0.13907121486533022,19.546889163021017,-103.2152732292132,-86.24989217083437,50.99968578223846,-9.327557707066536,1.3146935992796178,3.739815164779621,0.7942802748418458,38.142913299832585,36.06412582397461,33.98533834811663,-3.616321563720703,3.574123417717414,1.282471436720627,78.57142857142857,35.714285714285715,-42.85714285714286,-0.3882381452459756,-0.01801101100909097,1.0226304164814417,0.9913042997517684,0.09381601690032648,0.02689977973568282,1.1792778951411562,0.061874604179860675,0.9026599113362888,0.4347466960352423,3.4876128288841945,1.6042692939244663,51516226.04025022,66052278.77717339,-35956106.965696454,10212217.089149546,314701274.8113132,355009663.7119397,40308388.90062648,355009663.7119397,27792022.551808096,37691330.48223718,449166874.19964164,405444930.8402465,27792022.551808096,27792022.551808096,27792022.551808096,27792022.551808096,27792022.551808096,27792022.551808096,27792022.551808096,27792022.551808096,0.04693637380806894,0.04579852232181273,17323788.8782509,16840201.99659201,25263478.567708433,16843618.65169608,25260302.994888015,25260302.994888015,1033169149.5206449,736929515.0738388,296239634.4468061,296239634.4468061,296239634.4468061,577772538.4337505,588326110.968777,260255081.19395322,260255081.19395322,349348852.567815,329664021.8555824,0.007471189751332633,0.0,35.15397262573242,2022-08-02,0,0,0,0,0,0,0,1,0,0,0,-8.639025336168151,0
35.73333053588867,36.753750228881835,36.5318187713623,36.93634185791016,36.09937195868174,36.37505026281078,36.419317942913175,37.17216641328704,49.71057288162923,46.93242241453991,34.07464489805101,-0.07387196552983255,0.029717663092081518,-0.10358962862191406,18.8196170983355,-58.4812538628421,-57.49993506591578,53.10382210106983,-6.02410088916332,1.3249112312434685,3.6355201787154527,1.4577404467735278,36.56468584498308,35.73333053588867,34.90197522679426,-2.3361244201660156,3.1602681144482703,1.1362543350611034,71.42857142857143,28.571428571428573,-42.85714285714286,0.8266677856445287,0.03668260628428288,1.039808916875034,1.032839028961494,0.09381601690032648,0.02689977973568282,1.1792778951411562,0.061874604179860675,0.9026599113362888,0.4347466960352423,3.4876128288841945,1.6042692939244663,49693344.64373491,63715044.8717573,-34683814.26266202,9850861.804031381,303565693.9777136,342447786.39084023,38882092.413126655,342447786.39084023,26808612.764731646,36357637.57755315,433273281.0185391,391098421.4285774,26808612.764731646,26808612.764731646,26808612.764731646,26808612.764731646,26808612.764731646,26808612.764731646,26808612.764731646,26808612.764731646,0.04527554868148128,0.04417795962253628,16710793.422437638,16244318.072386011,24369540.315004174,16247613.830493033,24366477.108579017,24366477.108579017,996610865.5220608,710853554.0257298,285757311.496331,285757311.496331,285757311.496331,557328284.4057978,567508422.9275126,251046057.5071953,251046057.5071953,336987280.82258886,317998990.10284036,0.007206824640485822,0.0,36.443511962890625,2022-08-03,0,0,0,0,0,0,0,1,0,0,0,-9.51281673381171,0
35.8529411315918,36.55751533508301,36.628534126281735,36.85055938720703,36.148674679404365,36.35181932790875,36.40293338843093,37.13589636260322,48.70667458471459,58.56916357255775,43.73711770855923,-0.08117496970602645,0.007539136532459924,-0.08871410623848637,17.878011106102246,-35.35304537203857,-61.87487492136141,52.41715993214685,-5.135744539593712,1.2836717532812827,3.5414291748276816,0.7475585397728679,36.76922793581806,35.8529411315918,34.93665432736554,-1.9623489379882812,2.3565377263431877,0.8490906495314405,64.28571428571429,21.42857142857143,-42.85714285714286,-0.4874997019764849,-0.005384548071021067,1.0206825033802678,0.9900459574627182,0.09381601690032648,0.02689977973568282,1.1792778951411562,0.061874604179860675,0.9026599113362888,0.4347466960352423,3.4876128288841945,1.6042692939244663,49962369.423638605,64059978.90761394,-34871581.972103365,9904191.398722395,305209107.08653444,344301695.4207674,39092588.33423297,344301695.4207674,26953746.508500785,36554466.86157987,435618891.88252544,393215710.3230928,26953746.508500785,26953746.508500785,26953746.508500785,26953746.508500785,26953746.508500785,26953746.508500785,26953746.508500785,26953746.508500785,0.04552065684649569,0.04441712577142913,16801260.61788841,16332259.910985122,24501469.65617853,16335573.5113325,24498389.866477683,24498389.866477683,1002006216.1604385,714701900.766859,287304315.3935795,287304315.3935795,287304315.3935795,560345491.6419237,570580742.363166,252405145.14459944,252405145.14459944,338811628.3223113,319720540.72365975,0.0072458402154408005,0.0,36.24728012084961,2022-08-04,0,0,0,0,0,0,0,1,0,0,0,-6.599658366911328,0
35.98189468383789,36.423888778686525,36.727118492126465,36.79598762512207,36.187771288955126,36.33620936066291,36.389888733157186,37.10178138791512,48.812672534735185,76.11346772570498,60.538351237600835,-0.08448113331808571,-0.010864917437649203,-0.07361621588043651,17.280475579782156,-44.13123515176174,-61.458311180143845,51.68755947686802,-3.553687005811712,1.236700847790795,3.410086742670408,0.6260790764144559,36.91279302026334,35.98189468383789,35.05099634741245,-1.3362655639648509,1.5088806845055622,0.5450952236468964,57.142857142857146,14.285714285714286,-42.85714285714286,0.656721856566987,0.000515470047538269,1.01747973224469,1.0114673561025465,0.09381601690032648,0.02689977973568282,1.1792778951411562,0.061874604179860675,0.9026599113362888,0.4347466960352423,3.4876128288841945,1.6042692939244663,49936628.58732679,64026974.91980828,-34853615.97701881,9899088.714991894,305051861.9887335,344124309.64651483,39072447.65778137,344124309.64651483,26939859.817679886,36535633.836669244,435394459.0800055,393013123.8294692,26939859.817679886,26939859.817679886,26939859.817679886,26939859.817679886,26939859.817679886,26939859.817679886,26939859.817679886,26939859.817679886,0.04549720440038056,0.04439424186946225,16792604.533231374,16323845.457591088,24488846.389366046,16327157.35075674,24485768.18638663,24485768.18638663,1001489978.0738316,714333683.1492479,287156294.9245838,287156294.9245838,287156294.9245838,560056799.1370482,570286776.6113157,252275104.884292,252275104.884292,338637071.0551962,319555819.2703093,0.007242107126136214,0.0,36.26596450805664,2022-08-05,0,0,0,0,0,0,0,1,0,0,0,-6.3385718064922285,0
36.12580032348633,36.27998352050781,36.832244110107425,36.73300582885742,36.29793832593753,36.36931173143372,36.40211574903768,37.07889868250285,50.3060740184828,69.60984982386563,68.09749370737607,-0.06598155921086146,-0.021888245792291657,-0.044093313418569806,16.123450311088032,-7.618819511658259,-55.83316981471492,55.115312712896305,-3.7912381404150763,1.2050998239605872,3.2999913324591166,0.7942865141678865,37.11931023506475,36.12580032348633,35.13229041190791,-1.4390525817871094,0.821824995642525,0.2977651449350205,50.0,7.142857142857143,-42.85714285714286,0.20548167115198643,0.006957153774020064,1.018751593540041,1.0038531087773703,0.09381601690032648,0.02689977973568282,1.1792778951411562,0.061874604179860675,0.9026599113362888,0.4347466960352423,3.4876128288841945,1.6042692939244663,49591612.11593468,63584607.031032756,-34612809.33989035,9830695.057769492,302944232.37911946,341746725.1280314,38802492.748911895,341746725.1280314,26753730.004013352,36283205.99316038,432386281.23169994,390297762.2796339,26753730.004013352,26753730.004013352,26753730.004013352,26753730.004013352,26753730.004013352,26753730.004013352,26753730.004013352,26753730.004013352,0.04518286029336953,0.04408751822565148,16676582.981007298,16211062.602227129,24319650.838750385,16214351.613237416,24316593.903340694,24316593.903340694,994570597.4879887,709398290.1575946,285172307.3303941,285172307.3303941,285172307.3303941,556187318.4355325,566346616.1136173,250532114.4388108,250532114.4388108,336297398.3411341,317347980.5696118,0.007192070783740096,0.0,36.518272399902344,2022-08-08,0,0,0,0,0,0,0,1,0,0,0,-5.475947780883953,0
36.26036148071289,36.16224365234375,36.822899627685544,36.60853729248047,36.14088502124677,36.27066930969399,36.34732171692602,37.02979592679157,46.317636690177096,58.13529954318318,67.95287236425122,-0.10589757786815568,-0.03869011220746446,-0.06720746566069122,15.766693013795408,-46.753779176677334,-67.90680298338307,51.332337019294386,-3.1817993916347764,1.1924424181303213,3.328355132638452,1.0278961423368642,36.740577211271635,36.26036148071289,35.78014575015414,-1.177398681640625,0.2533662224159746,0.0919467241336136,42.85714285714286,0.0,-42.85714285714286,-0.3727263584628885,-0.018935561366779208,1.028924594376195,0.9894193587764617,0.09381601690032648,0.02689977973568282,1.1792778951411562,0.061874604179860675,0.9026599113362888,0.4347466960352423,3.4876128288841945,1.6042692939244663,50548781.67332586,64811855.9058325,-35280872.465535,10020437.670195464,308791370.3213716,348342791.43186456,39551421.11049296,348342791.43186456,27270104.74590799,36983509.50698883,440731784.9927197,397830913.96461266,27270104.74590799,27270104.74590799,27270104.74590799,27270104.74590799,27270104.74590799,27270104.74590799,27270104.74590799,27270104.74590799,0.046054936367193634,0.04493845306132228,16998458.33189147,16523952.92689614,24789045.327778403,16527305.419230763,24785929.39034421,24785929.39034421,1013766841.7311957,723090413.0475868,290676428.6836088,290676428.6836088,290676428.6836088,566922310.6388303,577277693.3007871,255367644.135427,255367644.135427,342788286.98515457,323473125.79358,0.007330885210516649,0.0,35.826778411865234,2022-08-09,0,0,0,0,0,0,0,1,0,0,0,-4.799178004157893,0
36.31269149780273,36.0230110168457,36.84532642364502,36.48668510437012,36.32897736361112,36.34966798944778,36.38140174848924,37.01706518646013,51.57024624094235,60.800526527025575,62.84855863135809,-0.06589351233537855,-0.04413079223304728,-0.021762720102331268,14.955068810518991,21.987466115622652,-46.046318053794245,50.610038286145084,-3.6546408000458386,1.1953733394893133,3.256689993399388,1.2334753171562127,36.90522519456002,36.31269149780273,35.720157801045445,-1.3923263549804759,-0.3076569119801379,-0.1119551291832579,35.714285714285715,7.142857142857143,-28.571428571428573,0.19117234570116193,0.02451751665686186,1.0174448515433914,1.0033204916564826,0.09381601690032648,0.02689977973568282,1.1792778951411562,0.061874604179860675,0.9026599113362888,0.4347466960352423,3.4876128288841945,1.6042692939244663,49339109.2406827,63260856.79561857,-34436573.20829538,9780640.650140855,301401747.94570553,340006672.1831696,38604924.23746405,340006672.1831696,26617509.513057426,36098464.79508812,430184723.8599557,388310504.69765353,26617509.513057426,26617509.513057426,26617509.513057426,26617509.513057426,26617509.513057426,26617509.513057426,26617509.513057426,26617509.513057426,0.044952805216524824,0.04386304024157877,16591671.743553707,16128521.629201634,24195823.81438278,16131793.893736029,24192782.44380245,24192782.44380245,989506597.2510191,705786286.0238134,283720311.22720575,283720311.22720575,283720311.22720575,553355410.1532338,563462980.2958584,249256493.89453673,249256493.89453673,334585091.4328129,315732157.36624616,0.007155451313744553,0.0,36.70516204833984,2022-08-10,0,0,0,0,0,0,0,1,0,0,0,-5.906305919806161,0
36.34633178710938,36.099636459350585,36.86915512084961,36.35791801452637,36.357812098201684,36.36163409452688,36.384647445526724,36.99347367198651,49.838330893130596,52.18509193438586,57.0403060015315,-0.05690878696768209,-0.04668639117997424,-0.010222395787707853,13.913531166118966,33.118348507136226,-51.09475234663837,49.30051755502961,2.14942787396053,1.1880826513786826,3.262575696493996,1.0933037059404853,36.939289817384704,36.34633178710938,35.75337375683405,0.7662544250488281,-0.7033382320799586,-0.2566143916203458,28.571428571428573,0.0,-28.571428571428573,-0.7521355817259361,-0.007892091051812322,1.0300925446708595,0.9779172575379282,0.09381601690032648,0.02689977973568282,1.1792778951411562,0.061874604179860675,0.9026599113362888,0.4347466960352423,3.4876128288841945,1.6042692939244663,49731595.52068384,63764088.79018657,-34710511.727302246,9858444.390903091,303799360.1575512,342711381.6113387,38912021.45378741,342711381.6113387,26829248.38415688,36385623.44831921,433606788.1124229,391399464.9123726,26829248.38415688,26829248.38415688,26829248.38415688,26829248.38415688,26829248.38415688,26829248.38415688,26829248.38415688,26829248.38415688,0.045310399011114486,0.044211965095693535,16723656.362284074,16256821.948230168,24388298.486638103,16260120.24320885,24385232.92234525,24385232.92234525,997377995.2022291,711400725.3223829,285977269.8798462,285977269.8798462,285977269.8798462,557757281.4028766,567945255.968406,251239297.30465844,251239297.30465844,337246672.8821194,318243766.14533687,0.007212372010349776,0.0,36.41548156738281,2022-08-11,0,0,0,0,0,0,0,1,0,0,0,-4.849886341018846,0
36.46781005859375,36.22485237121582,36.863548278808594,36.270266647338865,36.52966002062729,36.45467441651808,36.43119110456975,36.98876316977051,52.55081929630065,64.67123922070867,59.21895256070667,-0.012695354002822512,-0.03988818374454389,0.02719282974172138,12.946389067747516,46.19995719294297,-39.17277967207647,45.24151978263742,3.515207890268046,1.1466048378777036,3.1095754941881366,0.6073932623649796,37.18167820300731,36.46781005859375,35.75394191418019,1.2521591186523366,-1.2494688650974717,-0.45710169963347624,21.42857142857143,14.285714285714286,-7.142857142857143,-0.06153972557720809,0.012573616450696878,1.016700964965552,0.9989873185942442,0.09381601690032648,0.02689977973568282,1.1792778951411562,0.061874604179860675,0.9026599113362888,0.4347466960352423,3.4876128288841945,1.6042692939244663,49114054.24032724,62972299.25236877,-34279494.51119471,9736027.317657359,300026936.5327113,338455768.5915428,38428832.058831416,338455768.5915428,26496096.62771933,35933805.55959889,428222482.85740864,386539268.40827394,26496096.62771933,26496096.62771933,26496096.62771933,26496096.62771933,26496096.62771933,26496096.62771933,26496096.62771933,26496096.62771933,0.04474775786667031,0.04366296373656922,16515990.630789226,16054953.125496259,24085457.18594238,16058210.463950567,24082429.688244388,24082429.688244388,984993070.1317976,702566918.3599765,282426151.771821,282426151.771821,282426151.771821,550831339.4120853,560892804.968773,248119537.4073738,248119537.4073738,333058917.79428977,314291979.3435408,0.007122812497950318,0.0,36.87335586547851,2022-08-12,0,0,0,0,0,0,0,1,0,0,0,-5.220455882597866,0
36.57246704101563,36.34913368225098,36.84906425476074,36.1781298828125,36.700292451088764,36.56138039751693,36.489321219564225,36.99083352828977,53.54462172942821,61.84896643018052,59.568432528424985,0.03550725563898993,-0.02480909586783713,0.06031635150682706,12.762678141701327,93.6376843871063,-34.79320855893308,46.895177861735334,3.4716667806853563,1.142130255417644,3.083375371605334,1.083960683436871,37.42517271242877,36.57246704101563,35.71976136960249,1.2428131103515625,-1.2176254496735717,-0.44673880552633705,14.285714285714286,7.142857142857143,-7.142857142857143,0.2758618421701656,0.0045615985468434594,1.0295692036948207,1.0081383442855503,0.09381601690032648,0.02689977973568282,1.1792778951411562,0.061874604179860675,0.9026599113362888,0.4347466960352423,3.4876128288841945,1.6042692939244663,48891032.97535319,62686349.29252905,-34123835.273797035,9691817.138681278,298664548.7610891,336918879.9185024,38254331.15741329,336918879.9185024,26375780.90387635,35770634.2862192,426277973.8712462,384784038.0992319,26375780.90387635,26375780.90387635,26375780.90387635,26375780.90387635,26375780.90387635,26375780.90387635,26375780.90387635,26375780.90387635,0.04454456345076353,0.043464695245896544,16440993.419099996,15982049.432031523,23976087.89822684,15985291.979286982,23973074.148047283,23973074.148047283,980520330.0192313,699376642.8821092,281143687.1371221,281143687.1371221,281143687.1371221,548330077.7263383,558345855.3264797,246992855.1582034,246992855.1582034,331546535.59928906,312864815.6550901,0.007090468626566931,0.0,37.04155731201172,2022-08-15,0,0,0,0,0,0,0,1,0,0,0,-5.549934903651018,0
36.85840759277344,36.55938453674317,36.7733736038208,36.103934631347656,36.885688690943944,36.687762356269175,36.56238407204899,37.0012510828923,54.84601048974861,68.19166414001467,64.90395659696792,0.09001311510034071,-0.0018446536742015595,0.09185776877454227,12.592089424658438,116.33737246423244,-15.160315509586281,46.016493507421316,5.980856181764382,1.1172840800499482,2.998898567291417,0.794283800269902,37.43244418030342,36.85840759277344,36.28437100524346,2.102508544921875,-1.1405965588628688,-0.4197236085549392,7.142857142857143,0.0,-7.142857142857143,0.3176467420329127,0.00580223603538621,1.0216010755217024,1.006818193640591,0.09381601690032648,0.02689977973568282,1.1792778951411562,0.061874604179860675,0.9026599113362888,0.4347466960352423,3.4876128288841945,1.6042692939244663,48608992.12957516,62324726.518428236,-33926982.91097902,9635907.329937872,296941623.37354505,334975274.3109321,38033650.93738709,334975274.3109321,26223625.2405273,35564281.92804367,423818876.7123091,382564309.67577845,26223625.2405273,26223625.2405273,26223625.2405273,26223625.2405273,26223625.2405273,26223625.2405273,26223625.2405273,26223625.2405273,0.04428759636322419,0.043213957663509675,16346149.203153659,15889852.755774984,23837775.498227574,15893076.597539585,23834779.133662477,23834779.133662477,974863939.3407896,695342103.8701128,279521835.47067684,279521835.47067684,279521835.47067684,545166890.7475435,555124889.6873957,245568011.59220496,245568011.59220496,329633921.77985233,311059972.27479106,0.007049565384260563,0.0,37.2564811706543,2022-08-16,0,0,0,0,0,0,0,1,0,0,0,-6.6967673274620765,0
36.794864654541016,36.553778076171874,36.653764152526854,36.00151901245117,36.71960824635521,36.63315962916164,36.54572343253744,36.977180348550554,48.88299929294463,54.11818383586981,61.38627146868831,0.062366710867081565,0.010997619234055065,0.0513690916330265,11.923196558921358,12.610395579691714,-47.540878942057105,47.00112166034536,-0.15383974456133487,1.1382646777669485,3.128179524641528,1.411012448087952,37.48190370810797,36.794864654541016,36.10782560097406,-0.056064605712890625,-1.0459385247259025,-0.38504113906468973,0.0,85.71428571428572,85.71428571428572,-0.25384771132702044,-0.023325708337723294,1.033889447767885,0.9915965921261034,0.09381601690032648,0.02689977973568282,1.1792778951411562,0.061874604179860675,0.9026599113362888,0.4347466960352423,3.4876128288841945,1.6042692939244663,49769910.5469888,63813214.95864605,-34737253.965430066,9866039.694295406,304033418.21167153,342975418.8991829,38942000.68751139,342975418.8991829,26849918.610937636,36413656.2533187,433940854.52068096,391701013.2668313,26849918.610937636,26849918.610937636,26849918.610937636,26849918.610937636,26849918.610937636,26849918.610937636,26849918.610937636,26849918.610937636,0.04534530778715159,0.04424602759837216,16736540.87416686,16269346.7939356,24407088.117018256,16272647.630040454,24404020.1909034,24404020.1909034,998146411.4117247,711948814.2629994,286197597.1487252,286197597.1487252,286197597.1487252,558186997.8574764,568382821.6084056,251432861.1785757,251432861.1785757,337506499.9600052,318488952.69412106,0.007217928683535192,0.0,36.387447357177734,2022-08-17,0,0,0,0,0,0,0,1,0,0,0,-0.30818500241801194,0
36.79673385620117,36.571532821655275,36.56452407836914,35.89125411987305,36.621348022798,36.59528107398381,36.53420954140851,36.95551945549695,49.13914910892757,41.55875273829337,54.622866904725925,0.04297758867491552,0.017393613122227158,0.025583975552688366,11.302081755022641,-19.310146091849433,-46.2293229610525,50.86884191526484,0.4898228342707034,1.0990103411267762,3.017201217612492,0.5887039648045373,37.47967266443578,36.79673385620117,36.11379504796656,0.17754745483398438,-0.775692881008734,-0.2856058463072131,7.142857142857143,78.57142857142857,71.42857142857143,0.01587032473311808,0.001027283341393348,1.0163977381088074,1.0002565645681296,0.09381601690032648,0.02689977973568282,1.1792778951411562,0.061874604179860675,0.9026599113362888,0.4347466960352423,3.4876128288841945,1.6042692939244663,49718835.21581811,63747727.979640886,-34701605.58409392,9855914.877127942,303721410.26648027,342623447.5391552,38902037.27267491,342623447.5391552,26822364.442768797,36376287.499149084,433495531.7823125,391299038.28329957,26822364.442768797,26822364.442768797,26822364.442768797,26822364.442768797,26822364.442768797,26822364.442768797,26822364.442768797,26822364.442768797,0.045298773112147916,0.04420062103670191,16719365.348665504,16252650.71660095,24382040.852621183,16255948.165291693,24378976.074901424,24378976.074901424,997122084.5049772,711218191.6626085,285903892.8423687,285903892.8423687,285903892.8423687,557614170.1095978,567799530.6093595,251174833.45638865,251174833.45638865,337160140.9638113,318162110.0585953,0.007210521434982274,0.0,36.424827575683594,2022-08-18,0,0,0,0,0,0,0,1,0,0,0,-1.5905661068958115,0
36.50144882202149,36.484629440307614,36.45425910949707,35.78865173339844,36.21320891339203,36.377399186819495,36.42589727028199,36.89439832761786,42.78939094141726,22.72380225862989,39.46691294426433,-0.05470056411266455,0.0029747776752488144,-0.057675341787913365,11.432982203907425,-135.50797435168258,-88.6925958034199,43.34653121096365,-2.3962793359142642,1.1106173982968606,3.137609325169305,1.2615091415079576,37.79778781215199,36.50144882202149,35.20510983189099,-0.8690338134765625,-0.9564919530703403,-0.35197568551087954,0.0,71.42857142857143,71.42857142857143,-0.6122436269224261,-0.028219677333207627,1.0260430378532917,0.9844075238758119,0.09381601690032648,0.02689977973568282,1.1792778951411562,0.061874604179860675,0.9026599113362888,0.4347466960352423,3.4876128288841945,1.6042692939244663,51162628.07151518,65598907.99671908,-35709310.81302882,10142122.295789039,312541222.72510904,352572942.2045883,40031719.4794793,352572942.2045883,27601263.18380471,37432624.072201885,446083874.79250395,402662030.8687498,27601263.18380471,27601263.18380471,27601263.18380471,27601263.18380471,27601263.18380471,27601263.18380471,27601263.18380471,27601263.18380471,0.0466142111087797,0.04548416962735474,17204881.554695055,16724613.925089445,25090074.663902603,16728007.128896758,25086920.88763417,25086920.88763417,1026077665.133866,731871365.444877,294206299.688989,294206299.688989,294206299.688989,573806813.2305603,584287947.9707769,258468737.83892456,258468737.83892456,346950985.8344991,327401268.20584726,0.007419908869110375,0.0,35.39693069458008,2022-08-19,0,0,0,0,0,0,0,1,0,0,0,-0.34321242388668805,0
36.0958984375,36.33418273925781,36.30708312988281,35.70324310302735,35.81340773872945,36.12947304183491,36.29141232924602,36.820649584942814,40.67940242891296,18.704588445541756,27.662381147488315,-0.16116836555157477,-0.029853850970115902,-0.13131451458145887,12.106723897872426,-218.0900402000805,-84.39302950650209,48.21161051277108,-4.119765015231303,1.094696771550048,3.1264718569587973,0.8877286238414825,37.695805610154906,36.0958984375,34.49599126484509,-1.5044670104980469,-1.0318696570169408,-0.3789311188917921,100.0,64.28571428571429,-35.714285714285715,0.3928583592754818,-0.01082368718580573,1.0151638605107873,1.0059060730390101,0.09381601690032648,0.02689977973568282,1.1792778951411562,0.061874604179860675,0.9026599113362888,0.4347466960352423,3.4876128288841945,1.6042692939244663,51722455.75306807,66316699.204099424,-36100046.42290339,10253098.628023984,315961086.6903324,356430838.09955245,40469751.40922002,356430838.09955245,27903279.553146053,37842216.38476819,450964978.6531998,407068007.6468687,27903279.553146053,27903279.553146053,27903279.553146053,27903279.553146053,27903279.553146053,27903279.553146053,27903279.553146053,27903279.553146053,0.04712426946027737,0.045981862927907007,17393139.45533874,16907616.679081336,25364613.303892866,16911047.011736248,25361425.018622,25361425.018622,1037305131.3922873,739879590.6896639,297425540.7026233,297425540.7026233,297425540.7026233,580085476.9743598,590681297.5620948,261296934.11641067,261296934.11641067,350747365.6010099,330983732.59100264,0.007501098411870404,0.0,35.0138053894043,2022-08-22,0,0,0,0,0,0,0,1,0,0,0,3.1225040607783976,1
35.64736328125,36.25288543701172,36.20756454467774,35.653343505859375,35.546873622287734,35.92662437775662,36.169735477832525,36.74979294982366,40.67940242891296,15.117330625879513,18.848573776683693,-0.2427466331683661,-0.07243240740976595,-0.17031422575860014,12.210376527665673,-143.44351345640627,-84.39302950650209,43.30062568181249,-2.2691770192535543,1.0572194638609798,3.0194360541596836,0.5700144639030924,36.91785384907591,35.64736328125,34.37687271342409,-0.8129730224609375,-1.0759119768444858,-0.3941456965911101,92.85714285714286,57.142857142857146,-35.714285714285715,-0.2131100382720089,0.0,1.016332011653875,0.996542626098577,0.09381601690032648,0.02689977973568282,1.1792778951411562,0.061874604179860675,0.9026599113362888,0.4347466960352423,3.4876128288841945,1.6042692939244663,51722455.75306807,66316699.204099424,-36100046.42290339,10253098.628023984,315961086.6903324,356430838.09955245,40469751.40922002,356430838.09955245,27903279.553146053,37842216.38476819,450964978.6531998,407068007.6468687,27903279.553146053,27903279.553146053,27903279.553146053,27903279.553146053,27903279.553146053,27903279.553146053,27903279.553146053,27903279.553146053,0.04712426946027737,0.045981862927907007,17393139.45533874,16907616.679081336,25364613.303892866,16911047.011736248,25361425.018622,25361425.018622,1037305131.3922873,739879590.6896639,297425540.7026233,297425540.7026233,297425540.7026233,580085476.9743598,590681297.5620948,261296934.11641067,261296934.11641067,350747365.6010099,330983732.59100264,0.007501098411870404,0.0,35.0138053894043,2022-08-23,0,0,0,0,0,0,0,1,0,0,0,1.3877953195559396,1
35.43430938720703,36.114587020874026,36.06879901885986,35.65670761108399,35.47197504384612,35.81672501579412,36.08901570727351,36.693808045397745,43.28981537342796,25.777302118139342,19.866407063186845,-0.2792953714313384,-0.11380500021408045,-0.16549037121725796,12.17397761552246,-99.86701700265056,-74.85531880905884,45.29996701217146,-3.7678192499343455,1.0250890297214323,2.902111622340773,0.6073933859073151,36.47305638086883,35.43430938720703,34.39556239354523,-1.382984161376946,-0.989562488828379,-0.36120038154797385,85.71428571428572,50.0,-35.714285714285715,0.30769275913471156,0.008807168890357486,1.0173657900234916,1.005319169442975,0.09381601690032648,0.02689977973568282,1.1792778951411562,0.061874604179860675,0.9026599113362888,0.4347466960352423,3.4876128288841945,1.6042692939244663,51270904.240262724,65737735.86189401,-35784882.915346265,10163586.20776053,313202657.9845536,353319097.13886184,40116439.154308274,353319097.13886184,27659676.114156093,37511843.24591282,447027928.19091576,403514190.0256569,27659676.114156093,27659676.114156093,27659676.114156093,27659676.114156093,27659676.114156093,27659676.114156093,27659676.114156093,27659676.114156093,0.046712861400570675,0.04558042839692048,17241292.48057427,16760008.454022935,25143173.131682638,16763408.83891382,25140012.6810344,25140012.6810344,1028249167.31438,733420234.8140509,294828932.50032914,294828932.50032914,294828932.50032914,575021168.4284794,585524484.537335,259015738.7598916,259015738.7598916,347685242.94570214,328094151.9825537,0.007435611723617384,0.0,35.32217788696289,2022-08-24,0,0,0,0,0,0,0,1,0,0,0,-0.44974365238198144,0
35.353945922851565,36.07533988952637,36.08748817443848,35.68156379699707,35.6556534471995,35.8542314227236,36.08272947361949,36.66750224965298,48.80378933121139,48.2519637915627,29.71553217852716,-0.2488407140586233,-0.14081214298298902,-0.10802857107563427,11.320707958316294,-26.758613315239128,-53.17914335168018,46.876342750788844,-1.0777595038811705,1.022619303057918,2.838794692198239,0.9905128564322325,36.092536549806916,35.353945922851565,34.615355295896215,-0.3924713134765625,-0.6561991660254255,-0.23882364615415952,78.57142857142857,42.85714285714286,-35.714285714285715,0.5222184546263714,0.019841142558823632,1.0237092083136285,1.0123423682617203,0.09381601690032648,0.02689977973568282,1.1792778951411562,0.061874604179860675,0.9026599113362888,0.4347466960352423,3.4876128288841945,1.6042692939244663,50273422.10535055,64458799.62927884,-35088683.3468598,9965852.311331224,307109259.38790345,346445227.9816537,39335968.59375027,346445227.9816537,27121553.5046535,36782045.43875731,438330941.49281347,395663768.783855,27121553.5046535,27121553.5046535,27121553.5046535,27121553.5046535,27121553.5046535,27121553.5046535,27121553.5046535,27121553.5046535,0.045804056584112865,0.0446936552123768,16905860.88468166,16433940.30169383,24654009.416209053,16437274.531652777,24650910.452540744,24650910.452540744,1008244445.5363512,719151448.4048655,289092997.1314857,289092997.1314857,289092997.1314857,563834056.5332828,574133029.2561347,253976553.7503325,253976553.7503325,340920981.15726674,321711037.42623276,0.00729095092688762,0.0,36.02301025390625,2022-08-25,0,0,0,0,0,0,0,1,0,0,0,-1.1413802247031095,0
35.28853530883789,35.89499206542969,36.059922218322754,35.68717048645019,35.460394839636905,35.71162164123053,35.98626739275208,36.60485030356901,42.72018887952873,52.0213523302659,42.016872746655956,-0.29817780804528127,-0.17228527599544746,-0.1258925320498338,11.03528754018092,-70.45619828783062,-82.65876085139288,42.26331484505019,-4.891006523914565,1.0376805123852928,2.9588940215178194,1.2334762336411629,36.057612422357664,35.28853530883789,34.51945819531812,-1.8034782409667898,-0.7011524386503508,-0.2543376775888291,71.42857142857143,35.714285714285715,-35.714285714285715,-0.7575737433929288,-0.026458994478152364,1.035275349388364,0.9740461969457076,0.09381601690032648,0.02689977973568282,1.1792778951411562,0.061874604179860675,0.9026599113362888,0.4347466960352423,3.4876128288841945,1.6042692939244663,51639758.18193962,66210667.3100297,-36042327.08005062,10236705.238716908,315455905.4482595,355860950.9169555,40405045.46869598,355860950.9169555,27858665.78893153,37781711.53565433,450243943.50791085,406417158.1265518,27858665.78893153,27858665.78893153,27858665.78893153,27858665.78893153,27858665.78893153,27858665.78893153,27858665.78893153,27858665.78893153,0.04704892379911671,0.04590834382822904,17365330.056764893,16880583.569137633,25324058.5413182,16884008.417130716,25320875.35370645,25320875.35370645,1035646613.5660114,738696618.1454046,296949995.4206069,296949995.4206069,296949995.4206069,579157994.7174906,589736873.9474738,260879153.8412841,260879153.8412841,350186565.5617893,330454532.0654324,0.007489105117847036,0.0,35.06987762451172,2022-08-26,0,0,0,0,0,0,0,1,0,0,0,0.5861623141402739,1
35.28105926513672,35.68847885131836,36.018806266784665,35.73295837402344,35.299071616724085,35.577949555715605,35.890091943051736,36.54099049444467,42.16520116346726,46.71899351095018,48.997436544259564,-0.340889085296908,-0.20600603785573957,-0.1348830474411684,11.184013548608785,-102.14623654819289,-85.54916928141299,41.7621412760166,-5.575176345092836,1.0136202419485043,2.898009836613807,0.7008367262702535,36.0613188432786,35.28105926513672,34.50079968699484,-2.0651321411132812,-0.7554383710409683,-0.27326654776548764,64.28571428571429,28.571428571428573,-35.714285714285715,0.5733337402343753,-0.0026647499205404435,1.0202976991749415,1.0116216298696157,0.09381601690032648,0.02689977973568282,1.1792778951411562,0.061874604179860675,0.9026599113362888,0.4347466960352423,3.4876128288841945,1.6042692939244663,51777732.891548134,66387573.591482475,-36138627.4847691,10264056.382145654,316298762.5506333,356811765.03949237,40513002.48885903,356811765.03949237,27933100.516312823,37882659.349144824,451446936.69660133,407503051.8515933,27933100.516312823,27933100.516312823,27933100.516312823,27933100.516312823,27933100.516312823,27933100.516312823,27933100.516312823,27933100.516312823,0.04717463239704827,0.046031004944998614,17411727.957455996,16925686.290334895,25391721.128176894,16929120.28907585,25388529.435502343,25388529.435502343,1038413726.4610868,740670319.319959,297743407.1411277,297743407.1411277,297743407.1411277,580705429.4645135,591312574.0822741,261576188.97005734,261576188.97005734,351122218.46554536,331337463.5450863,0.007509115031530637,0.0,34.97642517089844,2022-08-29,0,0,0,0,0,0,0,1,0,0,0,1.977006956153764,1
35.23059844970703,35.43898086547851,35.99918270111084,35.76229995727539,35.119881515234674,35.42950442054111,35.78260712107117,36.47120660494707,40.850795772694184,23.10271167529399,40.61435250550333,-0.3876124840006199,-0.24232732708471563,-0.14528515691590424,11.130077536323999,-88.67621882824453,-92.19658953432189,41.80482411867931,-6.696767327462072,0.9999554033379268,2.8766174232681156,0.8223125014004182,36.10090443012601,35.23059844970703,34.360292469288055,-2.4949798583984375,-0.9052293666113086,-0.32633813222249586,57.142857142857146,21.42857142857143,-35.714285714285715,-0.5681835915486849,-0.0061448206211023315,1.0237901382397137,0.9867374007989008,0.09381601690032648,0.02689977973568282,1.1792778951411562,0.061874604179860675,0.9026599113362888,0.4347466960352423,3.4876128288841945,1.6042692939244663,52097864.92626243,66798035.53770368,-36362065.85687229,10327517.122323696,318254378.6191282,359017865.42228335,40763486.80315509,359017865.42228335,28105805.65044638,38116880.74395236,454238148.6392511,410022566.9762664,28105805.65044638,28105805.65044638,28105805.65044638,28105805.65044638,28105805.65044638,28105805.65044638,28105805.65044638,28105805.65044638,0.04746630432265765,0.04631560603604777,17519381.413635463,17030334.64182626,25548713.389052577,17033789.87233892,25545501.962739393,25545501.962739393,1044834044.2417734,745249745.3228904,299584298.9188829,299584298.9188829,299584298.9188829,584295822.4833331,594968549.0916398,263193465.60484537,263193465.60484537,353293141.44639915,333386061.0880482,0.007555542484794819,0.0,34.76150131225586,2022-08-30,0,0,0,0,0,0,0,1,0,0,0,3.844096237275335,1
35.025018310546876,35.22966384887695,35.89172096252442,35.78809066772461,34.84468007387715,35.22309946974492,35.64086141346078,36.385836824014326,38.07230096252733,13.045732477535074,27.62247922125972,-0.4570733389810897,-0.28527652946399046,-0.17179680951709925,11.365306852531829,-101.37946413640842,-99.4609042064625,36.883759921574956,-5.752451238112832,0.9952763709824033,2.90216459566873,0.934448950360597,36.15772669746027,35.025018310546876,33.89230992363348,-2.093170166015625,-1.2547988296815136,-0.45105122297238154,100.0,14.285714285714286,-85.71428571428572,-0.7500000000000057,-0.01344084989013461,1.0272628132955302,0.9799732981382954,0.09381601690032648,0.02689977973568282,1.1792778951411562,0.061874604179860675,0.9026599113362888,0.4347466960352423,3.4876128288841945,1.6042692939244663,52807644.54970662,67708089.80917658,-36857461.46373781,10468218.880919203,322590265.9599141,363909113.186272,41318847.226357974,363909113.186272,28488718.23581633,38636183.89197199,460426674.4560285,415608701.141341,28488718.23581633,28488718.23581633,28488718.23581633,28488718.23581633,28488718.23581633,28488718.23581633,28488718.23581633,28488718.23581633,0.048112983714531155,0.04694660835175465,17758064.89827241,17262355.369092394,25896788.232319795,17265857.673553586,25893533.05363859,25893533.05363859,1059068829.4010738,755403003.7022086,303665825.6988652,303665825.6988652,303665825.6988652,592256249.8338438,603074381.323596,266779204.85105795,266779204.85105795,358106395.7564589,337928101.98042524,0.007658478950758722,0.0,34.29427719116211,2022-08-31,0,0,0,0,0,0,0,1,0,0,0,6.866488565844932,1
34.66619033813477,35.01006813049317,35.79080047607422,35.805658416748045,34.639410179866665,35.04233054649052,35.50638607806887,36.301249905105756,37.68587174129288,13.749239256082992,16.63256113630399,-0.5115030601906696,-0.3305218356093263,-0.1809812245813433,12.287582000160366,-138.0130814923498,-82.63732625305268,42.334199207852144,-6.02873734755539,0.9815868030022156,2.8677160296708406,0.8036224192597743,35.35777482769184,34.66619033813477,33.974605848577696,-2.1959571838378906,-1.5491644229178247,-0.5545591207650986,100.0,7.142857142857143,-92.85714285714286,0.38750208616455284,-0.0019072219820180925,1.0223214071890228,1.0085352801733418,0.09381601690032648,0.02689977973568282,1.1792778951411562,0.061874604179860675,0.9026599113362888,0.4347466960352423,3.4876128288841945,1.6042692939244663,52908552.90484351,67837470.92492911,-36927891.14948768,10488222.248944683,323206692.86928976,364604494.89367586,41397802.024386115,364604494.89367586,28543156.37108344,38710012.47869556,461306488.331021,416402873.85573417,28543156.37108344,28543156.37108344,28543156.37108344,28543156.37108344,28543156.37108344,28543156.37108344,28543156.37108344,28543156.37108344,0.04820492119988503,0.04703631704958479,17791998.188321203,17295341.4244436,25946273.535558265,17298850.42134081,25943012.1366654,25943012.1366654,1061092568.4726208,756846477.9419525,304246090.5306683,304246090.5306683,304246090.5306683,593387972.4187059,604226775.9127407,267288984.2774231,267288984.2774231,358790689.24593216,338573837.44573796,0.0076731132810789115,0.0,34.2288703918457,2022-09-01,0,0,0,0,0,0,0,1,0,0,0,5.29620714300282,1
34.51854629516602,34.903540802001956,35.694085121154785,35.820609436035156,34.53682592313377,34.913117248886415,35.394507157268784,36.22401098371604,38.7381985873258,24.164609262375304,16.98652699866443,-0.5401187997714345,-0.37244122844174793,-0.16767757132968658,12.133649371184466,-85.46742742577781,-79.35782718620685,39.793494132079765,-3.0095075025112883,0.9782198162593213,2.849323015741878,0.9344489886016945,35.11036817422812,34.51854629516602,33.926724416103916,-1.0652732849121094,-1.888847133728161,-0.675199190775551,92.85714285714286,0.0,-92.85714285714286,-0.34999847412109863,0.0030029333906020916,1.0273897574903532,0.9905635353820111,0.09381601690032648,0.02689977973568282,1.1792778951411562,0.061874604179860675,0.9026599113362888,0.4347466960352423,3.4876128288841945,1.6042692939244663,52750147.72488127,67634369.41864954,-36817331.15640526,10456821.1116689,322239030.5247717,363512889.89868486,41273859.37391318,363512889.89868486,28457699.79415185,38594116.91632672,459925363.1009803,415156187.4780413,28457699.79415185,28457699.79415185,28457699.79415185,28457699.79415185,28457699.79415185,28457699.79415185,28457699.79415185,28457699.79415185,0.04806059842410496,0.04689549300776303,17738729.963806015,17243560.16186069,25868591.877242234,17247058.653021976,25865340.242791038,25865340.242791038,1057915718.0384803,754580522.8938565,303335195.1446237,303335195.1446237,303335195.1446237,591611402.7830279,602417755.5195993,266488736.3528099,266488736.3528099,357716490.4523837,337560166.7496682,0.007650140418971985,0.0,34.33165740966797,2022-09-02,0,0,0,0,0,0,0,1,0,0,0,6.8317785275690515,1
34.38959274291992,34.83532600402832,35.584754371643065,35.802107391357424,34.46843641864517,34.807397278119424,35.29328337178299,36.149801039635726,38.7381985873258,38.63713750916653,25.51699534254158,-0.5563833387618189,-0.4092296505057621,-0.1471536882560568,12.175169816183741,-90.41952375135682,-76.43984415025848,36.64818132438106,-1.948225770235068,0.9784305954624974,2.84993696572006,0.9811707251037873,34.76900883974918,34.38959274291992,34.01017664609066,-0.6821479797363281,-2.2411733559545644,-0.8000323711297455,85.71428571428572,0.0,-85.71428571428572,-0.3333321223174502,0.0,1.0289255994250421,0.9905635353820111,0.09381601690032648,0.02689977973568282,1.1792778951411562,0.061874604179860675,0.9026599113362888,0.4347466960352423,3.4876128288841945,1.6042692939244663,52750147.72488127,67634369.41864954,-36817331.15640526,10456821.1116689,322239030.5247717,363512889.89868486,41273859.37391318,363512889.89868486,28457699.79415185,38594116.91632672,459925363.1009803,415156187.4780413,28457699.79415185,28457699.79415185,28457699.79415185,28457699.79415185,28457699.79415185,28457699.79415185,28457699.79415185,28457699.79415185,0.04806059842410496,0.04689549300776303,17738729.963806015,17243560.16186069,25868591.877242234,17247058.653021976,25865340.242791038,25865340.242791038,1057915718.0384803,754580522.8938565,303335195.1446237,303335195.1446237,303335195.1446237,591611402.7830279,602417755.5195993,266488736.3528099,266488736.3528099,357716490.4523837,337560166.7496682,0.007650140418971985,0.0,34.33165740966797,2022-09-06,0,0,0,0,0,0,0,1,0,0,0,8.628210863351097,1
34.49985809326172,34.865228271484376,35.55905685424805,35.81705848693848,34.749900300418396,34.899293784636775,35.29514477103841,36.11697857000157,48.387477548494005,61.576424188719066,41.45939032008694,-0.4845156366165142,-0.42428684772791253,-0.06022878888860167,11.640689723816108,-4.696112141681912,-39.25246578347761,47.11479159161762,0.8540136418620614,0.9839658900453419,2.7864261912498445,1.0559247196223183,35.31628981964944,34.49985809326172,33.683426366874,0.2990226745605469,-2.209608899759464,-0.7883518414619601,78.57142857142857,0.0,-78.57142857142857,0.9272744297019673,0.028579181091926253,1.0299156502699698,1.0277400175432498,0.09381601690032648,0.02689977973568282,1.1792778951411562,0.061874604179860675,0.9026599113362888,0.4347466960352423,3.4876128288841945,1.6042692939244663,51284479.30365691,65755141.32694166,-35794357.724915706,10166277.233579697,313285585.0559671,353412645.8915728,40127060.83560566,353412645.8915728,27666999.602248926,37521775.3049947,447146288.35159725,403621028.9978034,27666999.602248926,27666999.602248926,27666999.602248926,27666999.602248926,27666999.602248926,27666999.602248926,27666999.602248926,27666999.602248926,0.04672522962508774,0.04559249678569168,17245857.479805112,16764446.023061784,25149830.322037507,16767847.30827696,25146669.034592677,25146669.034592677,1028521418.1716284,733614423.4348625,294906994.7367659,294906994.7367659,294906994.7367659,575173417.5243376,585679514.6097362,259084318.6908653,259084318.6908653,347777300.0155773,328181021.8940254,0.007437580460116542,0.0,35.312828063964844,2022-09-07,0,0,0,0,0,0,0,1,0,0,0,6.059816490055231,1
34.67927474975586,34.852146530151366,35.48336677551269,35.83593460083008,34.897053691489866,34.95239681899969,35.28526055223787,36.08067982112436,47.392271127747335,76.68335119197441,58.96563762995331,-0.4323772089608724,-0.4259049199745045,-0.006472288986367869,11.144386780903304,9.070805069050847,-39.73479718506757,48.79498828770228,-0.37035489076782113,0.9684137781608265,2.751850923428812,0.7662363236621275,35.62083146347156,34.67927474975586,33.737718036040164,-0.13081741333007812,-2.172080539003205,-0.7749935785929338,71.42857142857143,0.0,-71.42857142857143,0.4444465375631071,-0.003439758212285038,1.0219095897173018,1.0096514910915568,0.09381601690032648,0.02689977973568282,1.1792778951411562,0.061874604179860675,0.9026599113362888,0.4347466960352423,3.4876128288841945,1.6042692939244663,51461494.40164141,65982103.81038728,-35917906.639246136,10201367.471115002,314366931.2895411,354632495.93179727,40265564.64225615,354632495.93179727,27762495.87542996,37651286.627374314,448689672.3367852,405014179.849031,27762495.87542996,27762495.87542996,27762495.87542996,27762495.87542996,27762495.87542996,27762495.87542996,27762495.87542996,27762495.87542996,0.0468865078755982,0.04574986526043218,17305383.81590261,16822310.704457052,25236638.25572811,16825723.729653675,25233466.056685574,25233466.056685574,1032071494.5707433,736146589.7122709,295924904.8584725,295924904.8584725,295924904.8584725,577158703.9159242,587701064.171589,259978582.15384722,259978582.15384722,348977698.92134637,329313781.6789743,0.007463252243310825,0.0,35.19136047363281,2022-09-08,0,0,0,0,0,0,0,1,0,0,0,5.54961169422378,1
35.00446243286133,34.83532638549805,35.455333137512206,35.87686332702637,35.21630539678426,35.11647172597666,35.339503243203126,36.07182213431059,53.06985382156749,93.8494495527953,77.36974164449623,-0.33367598449969904,-0.40745913287954344,0.0737831483798444,10.741744669891935,125.52124019218058,-16.225233861206522,54.95606190259392,-0.46692779239615456,0.9526377147390389,2.6569315147014314,0.7475488902557998,36.19052900610426,35.00446243286133,33.8183958596184,-0.16820144653320312,-1.9134107768543382,-0.6822675313705062,64.28571428571429,28.571428571428573,-35.714285714285715,0.7681157016569062,0.018852591227250803,1.0182684304566152,1.0140063101786385,0.09381601690032648,0.02689977973568282,1.1792778951411562,0.061874604179860675,0.9026599113362888,0.4347466960352423,3.4876128288841945,1.6042692939244663,50509263.8962167,64761187.61292942,-35253290.759148486,10012603.941878406,308549964.92757887,348070465.7232382,39520500.79565934,348070465.7232382,27248785.657981068,36954596.72141752,440387231.87259066,397519899.6757463,27248785.657981068,27248785.657981068,27248785.657981068,27248785.657981068,27248785.657981068,27248785.657981068,27248785.657981068,27248785.657981068,0.046018931766293514,0.04490332129923186,16985169.36101379,16511034.912512582,24769665.87024087,16514384.78395229,24766552.368768875,24766552.368768875,1012974304.0919882,722525118.9924847,290449185.09950346,290449185.09950346,290449185.09950346,566479104.9122349,576826391.9942318,255168004.0786784,255168004.0786784,342520303.64960647,323220242.5694397,0.007325154107250219,0.0,35.85480880737305,2022-09-09,0,0,0,0,0,0,0,1,0,0,0,2.9450088056087784,1
35.38384857177734,34.95119743347168,35.423094749450684,35.92638916015625,35.553732965938856,35.31867470384418,35.42417799187407,36.07796981940617,55.95397469387833,90.82033907005604,87.11771327160857,-0.22272623812556702,-0.37051255392874816,0.14778631580318113,11.008786388018919,171.4569070612367,-11.212100595315151,59.627020749065885,3.3040049131122684,0.9359867657051885,2.5835584953293766,0.7195244282651316,36.67523240110526,35.38384857177734,34.09246474244942,1.1587104797363281,-1.6995941531860224,-0.6060144228813016,57.142857142857146,100.0,42.85714285714286,0.07272903820944836,0.010424802399117361,1.0142523771672922,1.0010328147689163,0.09381601690032648,0.02689977973568282,1.1792778951411562,0.061874604179860675,0.9026599113362888,0.4347466960352423,3.4876128288841945,1.6042692939244663,49988147.337920904,64093030.43547893,-34889573.84601437,9909301.43253098,305366578.6854881,344479336.70748365,39112758.02199554,344479336.70748365,26967653.20218041,36573327.01421601,435843647.9656384,393418588.6291478,26967653.20218041,26967653.20218041,26967653.20218041,26967653.20218041,26967653.20218041,26967653.20218041,26967653.20218041,26967653.20218041,0.04554414307430673,0.04444004263614172,16809929.1710623,16340686.484842174,24514111.105971113,16344001.794830363,24511029.72726326,24511029.72726326,1002523197.8538307,715070648.7775699,287452549.0762608,287452549.0762608,287452549.0762608,560634599.9892389,570875131.5532193,252535372.7192923,252535372.7192923,338986437.02761275,319885499.447358,0.007249578682013375,0.0,36.22858810424805,2022-09-12,0,0,0,0,0,0,0,1,0,0,0,2.347188464866215,1
35.52401580810547,34.956804275512695,35.32264156341553,35.94059280395508,35.379986507728766,35.26664177429225,35.38687471562974,36.03697075163764,46.1748128599753,71.06166157489055,85.24381673258061,-0.2286765548119405,-0.3421453541053866,0.11346879929344611,10.551090166476795,11.092759354701634,-50.00001337563782,50.28273644026847,0.1603034619352961,0.9699177762810015,2.7686232889845837,1.4110209137665706,36.419649685665746,35.52401580810547,34.62838193054519,0.05606842041015625,-1.800434377708323,-0.6411162889920732,50.0,92.85714285714286,42.85714285714286,-0.4534873405368998,-0.03301521189558043,1.023081069487181,0.9897043458645329,0.09381601690032648,0.02689977973568282,1.1792778951411562,0.061874604179860675,0.9026599113362888,0.4347466960352423,3.4876128288841945,1.6042692939244663,51694864.23453742,66281322.33715952,-36080788.7313392,10247629.077967385,315792536.18259937,356240698.86638707,40448162.683787696,356240698.86638707,27888394.45452405,37822029.326759845,450724409.86380225,406850855.84476084,27888394.45452405,27888394.45452405,27888394.45452405,27888394.45452405,27888394.45452405,27888394.45452405,27888394.45452405,27888394.45452405,0.04709913085973867,0.04595733374798744,17383861.02641264,16898597.25391836,25351082.465346873,16902025.756650746,25347895.880877543,25347895.880877543,1036751777.4701265,739484899.425691,297266878.0444355,297266878.0444355,297266878.0444355,579776028.4194862,590366196.630979,261157544.3853025,261157544.3853025,350560258.23542464,330807168.2021282,0.007497096925614233,0.0,35.032493591308594,2022-09-13,0,0,0,0,0,0,0,1,0,0,0,0.853558065403409,1
35.5688720703125,35.03436508178711,35.236672973632814,35.96900032043457,35.432360796819175,35.31581770169366,35.40118277842691,36.017368344710675,50.13441563391614,57.531309215105956,73.13776995335083,-0.19047823266420494,-0.3118119298171503,0.12133369715294534,10.636531612322873,8.235886119983652,-33.63592776730661,59.09887637095288,2.2312271722012333,0.9947503283500764,2.7991875136863924,1.317573505248049,36.43983053555105,35.5688720703125,34.69791360507395,0.7756080627441406,-1.58679666069244,-0.5644432703653948,42.85714285714286,85.71428571428572,42.85714285714286,0.5106365134204341,0.014404221109073356,1.03846153445938,1.019297705159595,0.09381601690032648,0.02689977973568282,1.1792778951411562,0.061874604179860675,0.9026599113362888,0.4347466960352423,3.4876128288841945,1.6042692939244663,50960813.410277545,65340148.3924155,-35568452.87166804,10102115.965924704,311308381.423468,351182192.91014016,39873811.48667216,351182192.91014016,27492388.01868645,37284968.39791151,444324264.90794176,401073701.5663644,27492388.01868645,27492388.01868645,27492388.01868645,27492388.01868645,27492388.01868645,27492388.01868645,27492388.01868645,27492388.01868645,0.04643033800494641,0.04530475405331135,17137015.66364386,16658642.484198956,24991105.062269855,16662022.30327013,24987963.726298433,24987963.726298433,1022030228.0846386,728984446.2764496,293045781.80818903,293045781.80818903,293045781.80818903,571543391.041495,581983182.1929102,257449189.33773014,257449189.33773014,345582412.7507557,326109810.3874691,0.007390640505633416,0.0,35.537109375,2022-09-14,0,0,0,0,0,0,0,1,0,0,0,-1.419968569661995,0
35.42683486938476,35.05305480957031,35.14135932922363,35.98002685546875,35.11529868754416,35.16406438665739,35.31356293943331,35.95712544762375,43.005111404030025,31.76639787570392,53.45312288856678,-0.2426142037379364,-0.2979723846013075,0.055358180863371076,10.715870097751376,-36.336286888325745,-67.87863233017487,53.55985135825774,0.544980950583196,1.0004556132137805,2.9014545723011884,1.074624316441934,36.6557885851165,35.42683486938476,34.19788115365303,0.18689727783203125,-1.559595042705024,-0.5539601643880232,35.714285714285715,78.57142857142857,42.85714285714286,-0.9255321307550266,-0.029713584604286858,1.0254880314393935,0.976965874468081,0.09381601690032648,0.02689977973568282,1.1792778951411562,0.061874604179860675,0.9026599113362888,0.4347466960352423,3.4876128288841945,1.6042692939244663,52521412.854671516,67341093.67672405,-36657684.06863876,10411478.307469394,320841739.59758747,361936627.51314217,41094887.91555469,361936627.51314217,28334301.6891298,38426765.34093857,457931037.53465664,413355989.73916787,28334301.6891298,28334301.6891298,28334301.6891298,28334301.6891298,28334301.6891298,28334301.6891298,28334301.6891298,28334301.6891298,0.047852198349093315,0.04669214505578197,17661811.390665352,17168788.741008025,25756420.646245677,17172272.062033184,25753183.11151204,25753183.11151204,1053328390.3267087,751308515.4130979,302019874.91361076,302019874.91361076,302019874.91361076,589046061.0111723,599805555.3066351,265333189.51263922,265333189.51263922,356165362.3789182,336096440.4046318,0.00761696792654701,0.0,34.48117446899414,2022-09-15,0,0,0,0,0,0,0,1,0,0,0,3.0081093851521508,1
34.74655532836914,34.875508880615236,34.9427885055542,35.94283561706543,34.22800282579441,34.67121833495512,35.04116752637251,35.81972488506184,33.23200643091629,22.16063416998762,37.152780420265806,-0.44245554133880205,-0.3268690159488064,-0.11558652538999564,12.322983294769822,-235.8594642909052,-98.43750757433259,41.55285739214371,-5.187022736145408,1.0785069627708896,3.3232468518374754,2.093174507013309,37.312812522297776,34.74655532836914,32.180298134440505,-1.7754592895507812,-1.6482996287700775,-0.5827721326779098,100.0,71.42857142857143,-28.571428571428573,-0.9545465382673003,-0.05880783928988864,1.0507789477576879,0.9538588214167436,0.09381601690032648,0.02689977973568282,1.1792778951411562,0.061874604179860675,0.9026599113362888,0.4347466960352423,3.4876128288841945,1.6042692939244663,55803070.87879389,71548719.2603862,-38948140.0280483,11062011.28961182,340888665.4511854,384551255.9731351,43662590.521949716,384551255.9731351,30104693.67674303,40827757.54522468,486543616.33139455,439183417.5789339,30104693.67674303,30104693.67674303,30104693.67674303,30104693.67674303,30104693.67674303,30104693.67674303,30104693.67674303,30104693.67674303,0.050842113169525076,0.04960957709268811,18765361.769842893,18241533.93718718,27365740.72909081,18245234.9040785,27362300.90578077,27362300.90578077,1119142757.76797,798251990.1634647,320890767.60450554,320890767.60450554,320890767.60450554,625851006.4158932,637282778.5285561,281911814.17453635,281911814.17453635,378419388.9908712,357096514.8615916,0.008092893507315397,0.0,32.45341110229492,2022-09-16,0,0,0,0,0,0,0,1,0,0,0,12.122104029319186,1
34.20644302368164,34.79514579772949,34.84934329986572,35.9275106048584,33.99467741079979,34.46336528874701,34.89705886489042,35.729854363326496,40.89747995129097,15.807317969757058,23.244783338482836,-0.5082598498186996,-0.36314718272278507,-0.14511266709591458,13.843284345979397,-155.31672921484468,-71.96469467463129,44.803195027228846,-2.3407865786028603,1.098253006827598,3.275626748208834,1.3549515795648048,36.40860189773424,34.20644302368164,32.004284149629044,-0.8036308288574219,-1.5195683648623655,-0.535570389185196,100.0,64.28571428571429,-35.714285714285715,0.8344843189716606,0.03311255864994833,1.0418954272571082,1.0349005758025607,0.09381601690032648,0.02689977973568282,1.1792778951411562,0.061874604179860675,0.9026599113362888,0.4347466960352423,3.4876128288841945,1.6042692939244663,54014512.17640435,69255492.69663772,-37699803.08723087,10707459.895819526,329962754.3940151,372225903.89924145,42263149.50522637,372225903.89924145,29139800.32929158,39519176.495712735,470949280.65456915,425107035.9195424,29139800.32929158,29139800.32929158,29139800.32929158,29139800.32929158,29139800.32929158,29139800.32929158,29139800.32929158,29139800.32929158,0.04921255940975548,0.04801952766648868,18163908.291237023,17656869.800348632,26488634.273163646,17660452.146589935,26485304.70052295,26485304.70052295,1083272822.886254,772667008.5267427,310605814.35951126,310605814.35951126,310605814.35951126,605791693.4372991,616857062.8560988,272876185.47869873,272876185.47869873,366290570.9764891,345651121.8179735,0.00783350607787697,0.0,33.52802658081055,2022-09-19,0,0,0,0,0,0,0,1,0,0,0,5.267573016840838,1
33.75790786743164,34.64096183776856,34.73814392089844,35.89499176025391,33.593057543886054,34.15908392898548,34.69636924062072,35.61455881221795,37.69582376400545,17.205920480390862,18.391290873378484,-0.6129122458692748,-0.41310019535208303,-0.1998120505171918,15.254992464959717,-147.6798695242272,-89.40383485741934,41.68598178091111,-4.491014171588425,1.097231643943925,3.346257214053012,1.083953926456175,36.01718707228382,33.75790786743164,31.498628662579463,-1.541839599609375,-1.4205269793052988,-0.49843228168976594,92.85714285714286,57.142857142857146,-35.714285714285715,-0.533334181045992,-0.02201766241662606,1.0259215921526228,0.9865054949014754,0.09381601690032648,0.02689977973568282,1.1792778951411562,0.061874604179860675,0.9026599113362888,0.4347466960352423,3.4876128288841945,1.6042692939244663,55230560.00160081,70814666.10917564,-38548552.09388372,10948520.729196405,337391322.6381611,380605957.3826494,43214634.74448832,380605957.3826494,29795834.964971833,40408885.69968033,481551928.4512848,434677621.0396556,29795834.964971833,29795834.964971833,29795834.964971833,29795834.964971833,29795834.964971833,29795834.964971833,29795834.964971833,29795834.964971833,0.05032049917318682,0.049100608284139875,18572838.785739865,18054385.15789491,27084982.26933006,18058048.154764723,27081577.736842364,27081577.736842364,1107660927.2546337,790062334.2912593,317598592.96337426,317598592.96337426,317598592.96337426,619430096.1858166,630744584.1817272,279019543.5972644,279019543.5972644,374537000.2096408,353432887.82912856,0.008009864572026747,0.0,32.789817810058594,2022-09-20,0,0,0,0,0,0,0,1,0,0,0,8.69192733909485,1
33.027167892456056,34.29801998138428,34.58162412643433,35.81238658905029,33.02317486263139,33.74532494191941,34.42846831295418,35.46823923135145,34.15974355520133,16.685089671835062,16.566109373994298,-0.7602261849252727,-0.48252539326672095,-0.27770079165855177,16.923772421882312,-149.7380977767617,-100.0,38.390965788290174,-9.71153756824802,1.0956163932150094,3.4363213043787386,1.0746181337391079,34.82910234769511,33.027167892456056,31.225233437216996,-3.4294185638427734,-1.444742166612024,-0.5040626403612976,100.0,50.0,-50.0,-0.37391281272183097,-0.027642980976200326,1.0337046178745404,0.987554260067406,0.09381601690032648,0.02689977973568282,1.1792778951411562,0.061874604179860675,0.9026599113362888,0.4347466960352423,3.4876128288841945,1.6042692939244663,56800700.690215275,72827844.83858635,-39644442.66837775,11259774.460401593,346982966.1710942,391426142.8017044,44443176.63061018,391426142.8017044,30642895.95490907,41557663.398418136,495241890.6120923,447035001.0699273,30642895.95490907,30642895.95490907,30642895.95490907,30642895.95490907,30642895.95490907,30642895.95490907,30642895.95490907,30642895.95490907,0.05175105253387918,0.05049648156336091,19100843.026140865,18567650.36367059,27854976.86489896,18571417.495288044,27851475.54550589,27851475.54550589,1139150441.2306013,812522889.0561662,326627552.1744351,326627552.1744351,326627552.1744351,637039774.5549213,648675920.3064784,286951745.23179436,286951745.23179436,385184652.2233759,363480574.43340963,0.008237575720971575,0.0,31.88340950012207,2022-09-21,0,0,0,0,0,0,0,1,0,0,0,9.290695927737643,1
32.298296737670896,33.86256580352783,34.3573561668396,35.70399044036865,32.294389473443715,33.21650562431012,34.0864064445841,35.286614896595246,30.591405292918516,6.810125289128859,13.56704514711823,-0.9504682676665865,-0.576113968146694,-0.3743542995198925,19.155436144480696,-168.63029592202912,-96.23821753298623,37.13518057119905,-12.373894387592943,1.1081338041155935,3.5935412633625985,1.2708601458231854,34.10626541145157,32.298296737670896,30.490328063890228,-4.354541778564453,-1.5829932142155039,-0.5483891046964189,100.0,42.85714285714286,-57.142857142857146,-0.7633579783872847,-0.032825561050793595,1.0399878339563269,0.9705882352941178,0.09381601690032648,0.02689977973568282,1.1792778951411562,0.061874604179860675,0.9026599113362888,0.4347466960352423,3.4876128288841945,1.6042692939244663,58728496.53877,75299596.33518715,-40989961.14025691,11641927.25423436,358759446.27742267,404711008.72658724,45951562.44916459,404711008.72658724,31682905.090214405,42968115.91047501,512050226.5859626,462207212.1298116,31682905.090214405,31682905.090214405,31682905.090214405,31682905.090214405,31682905.090214405,31682905.090214405,31682905.090214405,31682905.090214405,0.05350746509606322,0.05221031442706775,19749118.93545606,19197829.901132986,28800365.004644044,19201724.887875546,28796744.85169948,28796744.85169948,1177812807.4478886,840099630.7749175,337713176.6729711,337713176.6729711,337713176.6729711,658660680.9491758,670691753.4041088,296690786.7659893,296690786.7659893,398257684.1483348,375816977.5747131,0.00851715615015772,0.0,30.83681869506836,2022-09-22,0,0,0,0,0,0,0,1,0,0,0,12.969712954002302,1
31.797432708740235,33.271994018554686,34.053660202026364,35.584194107055666,31.512623301509677,32.62243023037039,33.69237639820862,35.07730023232256,27.926647299971112,5.74928512060973,9.748166693857854,-1.1595026731684186,-0.6927917091510389,-0.46671096401737966,21.701043753908866,-168.10479396831775,-93.65918538444394,32.07597665741944,-16.471201621683218,1.1244287358180451,3.754466996705767,1.336262847949918,34.378335164880895,31.797432708740235,29.21653025259958,-5.905717849731445,-2.1739787077702983,-0.7477381046001739,100.0,35.714285714285715,-64.28571428571429,-0.3398084501199943,-0.028787915712223944,1.0326258723235193,0.9891974607304015,0.09381601690032648,0.02689977973568282,1.1792778951411562,0.061874604179860675,0.9026599113362888,0.4347466960352423,3.4876128288841945,1.6042692939244663,60469281.10644099,77531568.59699391,-42204953.792678855,11987008.237002935,369393515.6712074,416707138.7125254,47313623.04131799,416707138.7125254,32622025.20209434,44241743.493116684,527228022.4575943,475907600.00557894,32622025.20209434,32622025.20209434,32622025.20209434,32622025.20209434,32622025.20209434,32622025.20209434,32622025.20209434,32622025.20209434,0.055093491897088696,0.05375789209352291,20334507.0092891,19766877.092773642,29654043.097872246,19770887.531693805,29650315.63916046,29650315.63916046,1212724621.6377342,865001212.7793818,347723408.85835254,347723408.85835254,347723408.85835254,678184190.2556173,690571878.43369,305485065.07058454,305485065.07058454,410062529.68978566,386956653.0880975,0.008769615090203133,0.0,29.9490909576416,2022-09-23,0,0,0,0,0,0,0,1,0,0,0,13.41653192224736,1
30.954561233520508,32.580502128601076,33.76584978103638,35.43075763702392,30.779638602577087,32.020837316614305,33.27535666549465,34.851275486141745,26.169452329770138,6.289421171307677,6.282943860348726,-1.360751276878851,-0.8263836226966014,-0.5343676541822496,24.1626385522675,-144.78250022349653,-99.1071219316932,31.703923925401163,-19.08691246713342,1.1128613262592715,3.796390409155565,0.9624850019952156,33.47619344069769,30.954561233520508,28.432929026343327,-6.914918899536136,-2.8253219349516585,-0.9640396191523593,100.0,28.571428571428573,-71.42857142857143,-0.3980571018003118,-0.021216729209858065,1.0329074319201443,0.987098809359548,0.09381601690032648,0.02689977973568282,1.1792778951411562,0.061874604179860675,0.9026599113362888,0.4347466960352423,3.4876128288841945,1.6042692939244663,61780051.73466643,79212192.22964962,-43119815.23612279,12246846.257727912,377400724.64970446,425739947.9009592,48339223.25125474,425739947.9009592,33329160.985515796,45200755.68660023,538656552.672768,486223676.07631177,33329160.985515796,33329160.985515796,33329160.985515796,33329160.985515796,33329160.985515796,33329160.985515796,33329160.985515796,33329160.985515796,0.05628773349652104,0.05492318238145387,20775290.72689777,20195356.502994217,30296843.01197081,20199453.874741208,30293034.754491325,30293034.754491325,1239012412.4809966,883751529.6732571,355260882.8077395,355260882.8077395,355260882.8077395,692884942.4532357,705541154.0454838,312106953.79374003,312106953.79374003,418951306.10349995,395344571.8128378,0.008959710849086837,0.0,29.31366920471191,2022-09-26,0,0,0,0,0,0,0,1,0,0,0,16.002551922547017,1
30.28362693786621,32.02076740264893,33.48878583908081,35.27283580780029,30.33147451231376,31.55071168300936,32.90962234799869,34.63887826440235,27.113653319095533,6.484564940750715,6.174423744222678,-1.4932270642143166,-0.9597523110001445,-0.5334747532141721,26.482089175028552,-123.83145359387849,-96.34298809352414,34.50111877718762,-15.977587335975885,1.0901057933262905,3.703415573474088,0.7942838651975386,32.209862028772775,30.28362693786621,28.357391846959644,-5.597347259521484,-3.7463355139320744,-1.2697120935488968,100.0,21.42857142857143,-78.57142857142857,-0.4235289893772147,0.004144043730140545,1.0272349347565746,0.988700546030919,0.09381601690032648,0.02689977973568282,1.1792778951411562,0.061874604179860675,0.9026599113362888,0.4347466960352423,3.4876128288841945,1.6042692939244663,61525089.07503868,78885288.14590824,-42941862.28097675,12196304.239612859,375843213.9354793,423982944.0400236,48139730.10454435,423982944.0400236,33191613.48774864,45014214.81194161,536433548.58910036,484217059.4072481,33191613.48774864,33191613.48774864,33191613.48774864,33191613.48774864,33191613.48774864,33191613.48774864,33191613.48774864,33191613.48774864,0.05605543731298389,0.05469651762054792,20689552.31733769,20112011.448052403,30171809.713102236,20116091.91018587,30168017.172078602,30168017.172078602,1233899080.7318635,880104338.806158,353794741.9257056,353794741.9257056,353794741.9257056,690025446.8266762,702629426.9740199,310818906.65241796,310818906.65241796,417222318.5701546,393713007.8910123,0.00892273464651922,0.0,29.43514633178711,2022-09-27,0,0,0,0,0,0,0,1,0,0,0,16.190474462520445,1
29.96778106689453,31.497474479675294,33.2659197807312,35.1035135269165,30.322376389963733,31.324069585237417,32.66148499535726,34.4688901028675,33.6508365578151,17.14017118781988,9.971385766626062,-1.5106771681546363,-1.069937282431043,-0.44073988572359335,27.972058050187876,-90.17519698353634,-84.61541806738032,33.665782462085936,-14.72525290258313,1.0856619818819078,3.582548601142701,1.027892433104931,31.092166107202797,29.96778106689453,28.843396026586266,-5.232929229736328,-4.693645340423049,-1.5822733243306502,92.85714285714286,14.285714285714286,-78.57142857142857,0.8363648658958677,0.029523679063150787,1.0349761032571207,1.029197082501151,0.09381601690032648,0.02689977973568282,1.1792778951411562,0.061874604179860675,0.9026599113362888,0.4347466960352423,3.4876128288841945,1.6042692939244663,59760732.39133798,76623092.55256034,-41710417.3068201,11846550.485085772,365065147.6782839,411824373.4091099,46759225.73082602,411824373.4091099,32239776.66832535,43723340.926848605,521050228.8565581,470331153.3814137,32239776.66832535,32239776.66832535,32239776.66832535,32239776.66832535,32239776.66832535,32239776.66832535,32239776.66832535,32239776.66832535,0.05444793398437751,0.05312798406960472,20096237.452415697,19535258.738637265,29306571.89017554,19539222.1852451,29302888.107955895,29302888.107955895,1198514522.6136916,854865562.3025962,343648960.31109536,343648960.31109536,343648960.31109536,670237567.9737525,682480103.4332701,301905544.25640595,301905544.25640595,405257622.5831153,382422489.057546,0.008666857137893865,0.0,30.304180145263672,2022-09-28,0,0,0,0,0,0,0,1,0,0,0,9.34319596568958,1
29.71361083984375,31.005953788757324,33.02950429916382,34.91924015045166,30.070240113247305,31.004414671524152,32.36667381101985,34.27661863059091,31.099176482189023,26.91178342537007,16.845506517980194,-1.5660219610422352,-1.1691542181532815,-0.39686774288895377,29.379964375401464,-88.79084986656264,-94.57756183644999,32.16833196425592,-14.254754905751533,1.0768632792473454,3.6422392640077144,0.962480144998036,30.442180574203334,29.71361083984375,28.985041105484164,-4.9152069091796875,-5.457332919416282,-1.8282849360734978,85.71428571428572,7.142857142857143,-78.57142857142857,-0.4264705469865378,-0.024360090981197402,1.0216561216810691,0.9909176037345564,0.09381601690032648,0.02689977973568282,1.1792778951411562,0.061874604179860675,0.9026599113362888,0.4347466960352423,3.4876128288841945,1.6042692939244663,61252857.5747164,78536242.5668092,-42751856.41879709,12142338.96704759,374180211.67812675,422106936.7931864,47926725.11505971,422106936.7931864,33044749.779402494,44815039.36305866,534059978.5227896,482074532.8616415,33044749.779402494,33044749.779402494,33044749.779402494,33044749.779402494,33044749.779402494,33044749.779402494,33044749.779402494,33044749.779402494,0.05580740750871455,0.054454500660018446,20598006.77139828,20023021.360702433,30038307.801132333,20027083.767919686,30034532.04105365,30034532.04105365,1228439418.6160681,876210120.5580359,352229298.05803233,352229298.05803233,352229298.05803233,686972275.0966674,699520486.1183239,309443618.9680178,309443618.9680178,415376225.2209233,391970936.73848057,0.008883254013881094,0.0,29.565967559814453,2022-09-29,0,0,0,0,0,0,0,1,0,0,0,14.064489175658835,1
29.4874755859375,30.642454147338867,32.75898151397705,34.73141586303711,29.65296497153499,30.60696012908528,32.02874437074276,34.0625714171603,28.723893215171863,25.477790569626432,23.176581727605434,-1.6511707092121348,-1.265557516365052,-0.38561319284708273,30.980399997408608,-93.85785815773617,-99.31788097467164,32.37089858767887,-11.200660549138775,1.0566783750689528,3.666677666016472,0.7942746207498494,30.448207315895438,29.4874755859375,28.52674385597956,-3.6349964141845703,-6.429919838932281,-2.1380314215635643,100.0,0.0,-100.0,-0.621951730105412,-0.02528423499727306,1.0266320126808017,0.983732050313362,0.09381601690032648,0.02689977973568282,1.1792778951411562,0.061874604179860675,0.9026599113362888,0.4347466960352423,3.4876128288841945,1.6042692939244663,62841763.49045204,80573481.40520687,-43860844.31360099,12457312.585904077,383886487.8491833,433056437.5266933,49169949.67750996,433056437.5266933,33901934.25188937,45977546.45215293,547913553.56943,494579599.6849326,33901934.25188937,33901934.25188937,33901934.25188937,33901934.25188937,33901934.25188937,33901934.25188937,33901934.25188937,33901934.25188937,0.057255057846077234,0.05586705644374809,21132321.350461233,20542420.754471347,30817504.835420713,20546588.540982157,30813631.13170702,30813631.13170702,1260305273.3148637,898939108.2184708,361366165.0963929,361366165.0963929,361366165.0963929,704792412.0676817,717666125.0742844,317470620.7477337,317470620.7477337,426151130.55010575,402138706.28981155,0.009113686607763282,0.0,28.81841468811035,2022-09-30,0,0,0,0,0,0,0,1,0,0,0,10.051856659829088,1
29.459442138671875,30.20700168609619,32.50107374191284,34.56284130096436,29.49314397048459,30.3463313725941,31.756816522899047,33.87084320348279,31.403947134321363,25.726824744817687,26.038799579938033,-1.6707398803295632,-1.3465939891579544,-0.32414589117160886,32.72662064253078,-87.76719777549309,-87.03942291293112,40.583281497495186,-12.987715223654195,1.059294604157063,3.631016273963451,1.093305582302495,30.44663947445523,29.459442138671875,28.47224480288852,-4.354524612426758,-7.023479494123208,-2.3168948369148445,100.0,0.0,-100.0,0.3247855863140435,0.012321541074219233,1.038741723401866,1.0123216329081217,0.09381601690032648,0.02689977973568282,1.1792778951411562,0.061874604179860675,0.9026599113362888,0.4347466960352423,3.4876128288841945,1.6042692939244663,62076880.6556935,79592775.74959709,-43326989.038540356,12305687.551294295,379213987.13083225,427785461.3931833,48571474.26235102,427785461.3931833,33489294.5337452,45417927.591824345,541244586.1697407,488559790.16322446,33489294.5337452,33489294.5337452,33489294.5337452,33489294.5337452,33489294.5337452,33489294.5337452,33489294.5337452,33489294.5337452,0.05655817398227182,0.05518706673421676,20875107.85163851,20292387.271215104,30442407.461485893,20296504.32922652,30438580.906822655,30438580.906822655,1244965381.2340078,887997609.202869,356967772.03113866,356967772.03113866,356967772.03113866,696213982.8811655,708931002.6068764,313606505.31139696,313606505.31139696,420964202.8341093,397244047.4427565,0.009002758746092023,0.0,29.17350196838379,2022-10-03,0,0,0,0,0,0,0,1,0,0,0,3.1069705845259574,1
29.77528533935547,30.02945613861084,32.3352089881897,34.42398204803467,30.000216758724754,30.46779154761428,31.686106600261528,33.75882434590327,43.305664813817685,47.359507355439725,32.854707556627915,-1.5201828212554318,-1.38131175557745,-0.1388710656779819,31.99597569566938,-14.332342179210897,-60.761226802299426,50.060471571957635,-5.414654894205828,1.123797828149104,3.6234755240266745,1.9623397400456355,31.359356074893768,29.77528533935547,28.191214603817173,-1.775455474853512,-6.94701321438604,-2.2808342102246435,92.85714285714286,0.0,-92.85714285714286,0.8976369911360922,0.06310042479014988,1.0396256002494728,1.0355694045798984,0.09381601690032648,0.02689977973568282,1.1792778951411562,0.061874604179860675,0.9026599113362888,0.4347466960352423,3.4876128288841945,1.6042692939244663,58392301.61905648,74868539.12724967,-40755311.56625477,11575282.319846094,356705705.5834466,402394215.46428764,45688509.88084099,402394215.46428764,31501534.33562572,42722142.266841434,509118963.3157934,459561278.2862573,31501534.33562572,31501534.33562572,31501534.33562572,31501534.33562572,31501534.33562572,31501534.33562572,31501534.33562572,31501534.33562572,0.05320115829455725,0.051911433244992235,19636063.879627496,19087930.73356236,28635495.52949812,19091803.423211817,28631896.10034354,28631896.10034354,1171070345.005042,835290428.350788,335779916.6542541,335779916.6542541,335779916.6542541,654890137.0428803,666852336.8775959,294992361.9617602,294992361.9617602,395977833.3427016,373665589.9852267,0.008468399161696429,0.0,31.01436233520508,2022-10-04,0,0,0,0,0,0,0,1,0,0,0,0.5724746498530245,1
29.879944610595704,29.923862838745116,32.1109414100647,34.30044803619385,30.275970006304785,30.533188811950744,31.604332305138033,33.64386952847431,42.49948047513986,76.22026693372833,49.76886634466188,-1.3998092623218632,-1.3850112569263326,-0.014798005395530556,31.317519673583792,-2.0760753475750024,-55.144645620677004,55.77472994018855,-3.311857217319192,1.1082703530876221,3.5950732231843885,0.9064131772883606,31.648380943542556,29.879944610595704,28.111508277648852,-1.0559329986572266,-7.181329745902063,-2.346305101345745,85.71428571428572,0.0,-85.71428571428572,0.5154652959937706,-0.006025783529590711,1.0300215835585729,1.0153893497743762,0.09381601690032648,0.02689977973568282,1.1792778951411562,0.061874604179860675,0.9026599113362888,0.4347466960352423,3.4876128288841945,1.6042692939244663,58746294.07028972,75322415.69917877,-41002383.050715744,11645455.312663728,358868167.47631985,404833655.4374466,45965487.961126745,404833655.4374466,31692506.5194219,42981137.29604301,512205402.19208986,462347282.92868,31692506.5194219,31692506.5194219,31692506.5194219,31692506.5194219,31692506.5194219,31692506.5194219,31692506.5194219,31692506.5194219,0.05352368040639317,0.05222613663896547,19755103.85908694,19203647.75793016,28809092.886918563,19207543.92503921,28805471.63689524,28805471.63689524,1178169740.8243637,840354220.9745586,337815519.8498052,337815519.8498052,337815519.8498052,658860286.5056071,670895004.9484992,296780698.2049038,296780698.2049038,398378375.1944937,375930868.0179943,0.008519737254118738,0.0,30.827476501464844,2022-10-05,0,0,0,0,0,0,0,1,0,0,0,2.061231212346425,1
30.048144912719728,29.880877876281737,31.871721839904787,34.14663764953613,30.319636361014712,30.510239768038712,31.49029771135675,33.51693225561001,40.665083638872126,86.75211171679528,70.1106286686544,-1.3230920039538532,-1.3726274063318367,0.049535402377983484,30.687524795932884,0.07062176930162245,-60.06831993963538,56.14653721146602,-1.3939493204029318,1.0838401734566048,3.5644465942856787,0.7662478382533813,31.825091803155413,30.048144912719728,28.271198022284043,-0.42984962463378906,-7.313975200340997,-2.377393820346928,78.57142857142857,0.0,-78.57142857142857,-0.4634114571218513,-0.013640669907259206,1.0253086313643924,0.98845694791756,0.09381601690032648,0.02689977973568282,1.1792778951411562,0.061874604179860675,0.9026599113362888,0.4347466960352423,3.4876128288841945,1.6042692939244663,59558714.83951615,76364072.80914219,-41569417.75657008,11806503.935608115,363831066.96276486,410432225.9509451,46601158.98818022,410432225.9509451,32130792.04760203,43575536.80969569,519288849.98120373,468741227.28195673,32130792.04760203,32130792.04760203,32130792.04760203,32130792.04760203,32130792.04760203,32130792.04760203,32130792.04760203,32130792.04760203,0.054263876027168215,0.052948388123479295,20028303.333663907,19469220.974596113,29207502.79131018,19473171.023011718,29203831.46189417,29203831.46189417,1194463016.5495453,851975740.8241333,342487275.725412,342487275.725412,342487275.725412,667971870.2956446,680173020.6023594,300884970.7712497,300884970.7712497,403887673.6300927,381129732.89627427,0.008637559350016675,0.0,30.40696907043457,2022-10-06,0,0,0,0,0,0,0,1,0,0,0,0.1843933220712647,1
30.240640258789064,29.86405792236328,31.568025970458983,34.02927093505859,30.140054713495484,30.37763097720568,31.327497112032965,33.37042085023146,38.03294456514824,72.64954669987623,78.54064178346657,-1.2978514346899033,-1.35767221200345,0.059820777313546625,30.752315956394956,-39.45647583690671,-69.18823800437386,51.03640643056775,-0.5616181787369223,1.0811787631443652,3.630444596007939,1.0465804290852496,31.603238079973913,30.240640258789064,28.878042437604215,-0.1681995391845703,-7.358249862012234,-2.3790118999970282,71.42857142857143,0.0,-71.42857142857143,-0.38999822616239077,-0.0205899394486605,1.0318268010892162,0.9879108027715089,0.09381601690032648,0.02689977973568282,1.1792778951411562,0.061874604179860675,0.9026599113362888,0.4347466960352423,3.4876128288841945,1.6042692939244663,60810805.64558296,77969459.25402741,-42443323.21149468,12054709.677948251,371479813.8360488,419060659.55652976,47580845.72048098,419060659.55652976,32806271.1848341,44491616.499391176,530205754.3587824,478595479.2194887,32806271.1848341,32806271.1848341,32806271.1848341,32806271.1848341,32806271.1848341,32806271.1848341,32806271.1848341,32806271.1848341,0.0554046545086758,0.05406151136907155,20449354.30047489,19878518.46614308,29821526.21024578,19882551.555626944,29817777.699214615,29817777.699214615,1219573970.76067,869886654.3647003,349687316.3959696,349687316.3959696,349687316.3959696,682014507.7125541,694472160.3323836,307210414.6059848,307210414.6059848,412378522.43699855,389142146.1218448,0.008819145011798564,0.0,29.78089141845703,2022-10-07,0,0,0,0,0,0,0,1,0,0,0,5.491059042521713,1
30.322871017456055,29.891156578063963,31.23582935333252,33.908540115356445,29.954921729569907,30.233453665298967,31.16151222152685,33.22195947421135,37.2197489897153,47.05234016868972,68.81799952845371,-1.2789398566338512,-1.3419257409295302,0.06298588429567897,30.81247917682402,-33.62398145872929,-71.20329716727242,50.76568678591421,0.9244375213297351,1.0480044223124978,3.5423918086232042,0.6167379914982192,31.44663720988744,30.322871017456055,29.19910482502467,0.2709865570068395,-7.168115431107901,-2.3047351714892237,64.28571428571429,0.0,-64.28571428571429,-0.2878788316653699,-0.006589314402344004,1.020866322234349,0.9940345201952286,0.09381601690032648,0.02689977973568282,1.1792778951411562,0.061874604179860675,0.9026599113362888,0.4347466960352423,3.4876128288841945,1.6042692939244663,61214165.02480839,78486632.35096912,-42724850.68545434,12134668.82601116,373943847.4154916,421840297.9070175,47896450.49152595,421840297.9070175,33023875.885829818,44786730.346698575,533722620.5089589,481770013.3067885,33023875.885829818,33023875.885829818,33023875.885829818,33023875.885829818,33023875.885829818,33023875.885829818,33023875.885829818,33023875.885829818,0.05577215477136049,0.05442010253447903,20584995.306520328,20010373.105845705,30019333.033753857,20014432.94689869,30015559.658768553,30015559.658768553,1227663431.0883715,875656631.2162818,352006799.8720898,352006799.8720898,352006799.8720898,686538324.5824866,699078609.0795622,309248147.8807134,309248147.8807134,415113838.0285322,391723334.33048284,0.008877642589975553,0.0,29.58465576171875,2022-10-10,0,0,0,0,0,0,0,1,0,0,0,5.906505627017938,1
29.990207290649415,29.882746315002443,30.951756858825682,33.77958610534668,29.75362905343723,30.073015490003133,30.98908664815971,33.070158855660786,36.226710732471815,28.97327962792094,49.55838883216226,-1.2681839999482776,-1.3271773927332797,0.05899339278500215,31.30697501934274,-43.63646218807977,-68.73394824706139,50.73979985608451,-0.2857218023217811,1.0906205704411611,3.7157812224497375,1.644630496113784,31.082553530100608,29.990207290649415,28.897861051198223,-0.08410263061523438,-6.767648393826639,-2.1630103771503144,57.142857142857146,0.0,-57.142857142857146,-0.5681817442917729,-0.007896392725622259,1.0569210939372284,0.9691453253715504,0.09381601690032648,0.02689977973568282,1.1792778951411562,0.061874604179860675,0.9026599113362888,0.4347466960352423,3.4876128288841945,1.6042692939244663,61701383.3796886,79111326.45369239,-43064908.1126043,12231251.592108341,376920157.00137764,425197826.93457407,48277669.93319643,425197826.93457407,33286720.906656962,45143198.773101814,537970648.020587,485604537.4437888,33286720.906656962,33286720.906656962,33286720.906656962,33286720.906656962,33286720.906656962,33286720.906656962,33286720.906656962,33286720.906656962,0.056216058849523014,0.0548532453016558,20748836.266278494,20169640.508434925,30258264.170842454,20173732.662745446,30254460.762652386,30254460.762652386,1237434701.46344,882626194.276208,354808507.18723196,354808507.18723196,354808507.18723196,692002649.26828,704642744.9247485,311709528.735931,311709528.735931,418417829.53393465,394841155.1558317,0.00894830189597359,0.0,29.351043701171875,2022-10-11,0,0,0,0,0,0,0,1,0,0,0,11.684190689090483,1
29.728561401367188,29.804253005981444,30.65086374282837,33.66689159393311,29.675501720642725,29.97233032001233,30.849101925006757,32.93090741249972,37.51930570249237,20.841603713795838,32.2890745034688,-1.2318868760251505,-1.3081192893916538,0.07623241336650333,31.76614973025298,-63.51602132100803,-55.44872820838017,50.24144983522181,-2.5901809138124454,1.0641138319054653,3.604813598127627,0.719526230941419,30.460690536859627,29.728561401367188,28.99643226587475,-0.7849330902099609,-6.170662861406224,-1.960786183675129,50.0,0.0,-50.0,0.5584416227811603,0.005730745236671719,1.0248307143528015,1.013799753121998,0.09381601690032648,0.02689977973568282,1.1792778951411562,0.061874604179860675,0.9026599113362888,0.4347466960352423,3.4876128288841945,1.6042692939244663,61349803.286732405,78660542.92202796,-42819520.35032013,12161556.808358328,374772431.6737276,422775011.0537937,48002579.380066164,422775011.0537937,33097050.14419523,44885968.721656784,534905242.3509137,482837518.6337918,33097050.14419523,33097050.14419523,33097050.14419523,33097050.14419523,33097050.14419523,33097050.14419523,33097050.14419523,33097050.14419523,0.05589573463451599,0.054540686522164095,20630607.510557722,20054712.062808163,30085849.830236603,20058780.899651326,30082068.094212245,30082068.094212245,1230383686.0155277,877596909.9647099,352786776.0508179,352786776.0508179,352786776.0508179,688059555.2494875,700627626.4915514,309933379.497689,309933379.497689,416033646.694843,392591314.35115504,0.008897313658108212,0.0,29.51924705505371,2022-10-12,0,0,0,0,0,0,0,1,0,0,0,13.306932594376267,1
29.70800361633301,29.87807426452637,30.442014026641846,33.544104957580565,29.885061195516375,30.03266665187621,30.797204612650273,32.82789850005909,43.29528329061713,44.22800409564493,31.3476291457872,-1.1267946164558076,-1.2718543548044845,0.14505973834867691,30.912474942916422,11.059804623721707,-28.52575064567958,50.84896412831248,2.496832156619777,1.1316103377210187,3.7341724220771617,2.0090649133232112,30.36466377138649,29.70800361633301,29.05134346127953,0.7382125854492188,-5.369060113883627,-1.6957263946533203,42.85714285714286,50.0,7.142857142857143,0.6232559955075277,0.02659055255528875,1.0701468073503804,1.0431006801547524,0.09381601690032648,0.02689977973568282,1.1792778951411562,0.061874604179860675,0.9026599113362888,0.4347466960352423,3.4876128288841945,1.6042692939244663,59760732.39133798,76623092.55256034,-41710417.3068201,11846550.485085772,365065147.6782839,411824373.4091099,46759225.73082602,411824373.4091099,32239776.66832535,43723340.926848605,521050228.8565581,470331153.3814137,32239776.66832535,32239776.66832535,32239776.66832535,32239776.66832535,32239776.66832535,32239776.66832535,32239776.66832535,32239776.66832535,0.05444793398437751,0.05312798406960472,20096237.452415697,19535258.738637265,29306571.89017554,19539222.1852451,29302888.107955895,29302888.107955895,1198514522.6136916,854865562.3025962,343648960.31109536,343648960.31109536,343648960.31109536,670237567.9737525,682480103.4332701,301905544.25640595,301905544.25640595,405257622.5831153,382422489.057546,0.008666857137893865,0.0,30.304180145263672,2022-10-13,0,0,0,0,0,0,0,1,0,0,0,12.231744502401103,1
29.874334716796874,30.05748748779297,30.349970817565918,33.4314102935791,30.127556437269707,30.138099428039872,30.77961816580514,32.7410219675382,45.429588414147645,63.74817501881475,42.93926094275181,-1.0070173527471233,-1.2188869543930123,0.21186960164588897,29.559447725399604,108.38885613753844,-17.948859593743048,49.95620139521677,6.225645137260871,1.11886234105386,3.6549142544376196,0.9531383843807966,30.859650496453884,29.874334716796874,28.889018937139863,1.7941322326660156,-4.756620495902371,-1.4939209497891923,35.714285714285715,42.85714285714286,7.142857142857143,-0.19607909135447785,0.010175717476418544,1.0315887404411062,0.9939320155189667,0.09381601690032648,0.02689977973568282,1.1792778951411562,0.061874604179860675,0.9026599113362888,0.4347466960352423,3.4876128288841945,1.6042692939244663,59158749.66845363,75851251.64558217,-41290259.29371915,11727217.63168131,361387767.8531764,407675977.83672076,46288209.983544335,407675977.83672076,31915018.457249694,43282906.300773636,515801577.72770995,465593406.4188126,31915018.457249694,31915018.457249694,31915018.457249694,31915018.457249694,31915018.457249694,31915018.457249694,31915018.457249694,31915018.457249694,0.053899468223604904,0.052592814448487214,19893803.7261669,19338475.87174188,29011360.48230111,19342399.39369877,29007713.80761282,29007713.80761282,1186441627.806867,846254317.454975,340187310.3518918,340187310.3518918,340187310.3518918,663486120.6603874,675605334.424604,298864384.7137947,298864384.7137947,401175375.3055102,378570264.99597406,0.008579554020111539,0.0,30.612546920776367,2022-10-14,0,0,0,0,0,0,0,1,0,0,0,10.364863941218923,1
30.07243766784668,30.19765434265137,30.20232801437378,33.31759441375733,30.276761130502397,30.217566898754036,30.76014696115396,32.65608661653544,45.207481411537096,77.27032930768478,61.748836140714786,-0.9046803794587,-1.1560456394061498,0.25136525994744985,27.974381098789543,101.37129793313105,-26.315789580423072,49.30726521735508,4.804594765835835,1.1210415860271048,3.6665096778609287,1.1493717706792879,31.13999263421213,30.07243766784668,29.004882701481225,1.4016685485839844,-3.8673012729973046,-1.2067576921903154,28.571428571428573,100.0,71.42857142857143,-0.7073164680232122,-0.0012209504784205238,1.0379746701270216,0.9740994662717279,0.09381601690032648,0.02689977973568282,1.1792778951411562,0.061874604179860675,0.9026599113362888,0.4347466960352423,3.4876128288841945,1.6042692939244663,59231067.86910577,75943975.47877614,-41340734.283020265,11741553.487028698,361829543.8077952,408174338.4905798,46344794.68278458,408174338.4905798,31954032.748821832,43335817.18750146,516432115.7665269,466162567.82902515,31954032.748821832,31954032.748821832,31954032.748821832,31954032.748821832,31954032.748821832,31954032.748821832,31954032.748821832,31954032.748821832,0.05396535725236031,0.05265710616745461,19918122.76768935,19362116.056604426,29046825.21744695,19366044.37484335,29043174.08490664,29043174.08490664,1187891985.0943797,847288815.1391796,340603169.9552002,340603169.9552002,340603169.9552002,664297194.637994,676431223.4504945,299229729.39505726,299229729.39505726,401665789.3431739,379033045.57430524,0.0085900420360451,0.0,30.575170516967773,2022-10-17,0,0,0,0,0,0,0,1,0,0,0,13.571768777610005,1
30.427528381347656,30.208867835998536,30.119161987304686,33.20975891113281,30.560006509893853,30.382826966012715,30.795037466632323,32.59610272054098,49.15621267919016,79.5275388554067,73.51534772730204,-0.7702116096011444,-1.0788788334451487,0.30866722384400425,26.502531466904635,118.35473293622839,-9.064274730100049,50.41085086675313,0.36155808157434244,1.1010388769134056,3.5373041412578208,0.8410036584353158,31.480059547874486,30.427528381347656,29.374997214820826,0.11213493347167969,-2.638628683186115,-0.8181832142365302,21.42857142857143,100.0,78.57142857142857,-0.10937462747061028,0.018031845526520485,1.0194056821871331,0.9979029450993313,0.09381601690032648,0.02689977973568282,1.1792778951411562,0.061874604179860675,0.9026599113362888,0.4347466960352423,3.4876128288841945,1.6042692939244663,58181940.11256277,74598821.06094465,-40608488.29501896,11533581.723031493,355420653.4871794,400944567.9761366,45523914.488957174,400944567.9761366,31388048.310311336,42568233.378876686,507284834.0018587,457905683.2823618,31388048.310311336,31388048.310311336,31388048.310311336,31388048.310311336,31388048.310311336,31388048.310311336,31388048.310311336,31388048.310311336,0.053009498169921905,0.05172441942640865,19565323.869989358,19019165.40399622,28532334.56800567,19023024.14206634,28528748.105994336,28528748.105994336,1166851499.1100385,832281248.2363617,334570250.87367684,334570250.87367684,334570250.87367684,652530858.9874448,664449964.3335302,293929635.61007,293929635.61007,394551301.2271581,372319438.9643788,0.00843789128384523,0.0,31.12649726867676,2022-10-18,0,0,0,0,0,0,0,1,0,0,0,11.620479594373478,1
30.713468933105467,30.221015167236327,30.072439002990723,33.11220233917236,30.689654277876826,30.485758392890908,30.80969578541427,32.53150848890576,47.95758665262972,76.0846038089205,77.6274906573373,-0.670244574233962,-0.9971519816029113,0.3269074073689493,24.740775706731593,104.0464906870668,-27.543482432585026,49.47376562199104,0.39404234846196484,1.1205104691098853,3.6205120879698023,1.3736411676641218,31.295102953782703,30.713468933105467,30.131834912428232,0.12147331237792969,-1.6633904364950265,-0.5131698510585707,14.285714285714286,100.0,85.71428571428572,-0.5850339429923799,-0.005704061504300917,1.0448718344328147,0.9746909763997318,0.09381601690032648,0.02689977973568282,1.1792778951411562,0.061874604179860675,0.9026599113362888,0.4347466960352423,3.4876128288841945,1.6042692939244663,58515717.36337174,75026778.41951914,-40841450.44025504,11599747.39561041,357459625.174479,403244700.54935354,45785075.37487452,403244700.54935354,31568114.778583206,42812438.159286335,510195017.7623632,460532589.497591,31568114.778583206,31568114.778583206,31568114.778583206,31568114.778583206,31568114.778583206,31568114.778583206,31568114.778583206,31568114.778583206,0.05331360223609241,0.052021151272793206,19677565.916230474,19128274.256828308,28696018.422013387,19132155.13164708,28692411.385242462,28692411.385242462,1173545474.6756828,837055866.3807334,336489608.29494935,336489608.29494935,336489608.29494935,656274287.8892564,668261770.5738566,295615846.5806118,295615846.5806118,396814757.00693995,374455355.34186363,0.008486297647570779,0.0,30.948949813842773,2022-10-19,0,0,0,0,0,0,0,1,0,0,0,12.41257714470143,1
30.784487915039062,30.246245765686034,30.063561820983885,32.9912845993042,30.67952787022843,30.517306876898314,30.79537000155878,32.45808756992638,45.987323177131245,61.78703022890088,72.46639096440933,-0.607392666047641,-0.9192001184918572,0.31180745244421626,23.10485964371377,69.28377768946257,-35.235684476503245,48.89796914732236,0.8297636765855598,1.1005455797675485,3.5896007906113954,0.8410020183171696,31.21629699610678,30.784487915039062,30.352678833971343,0.2523059844970703,-1.1582324611315176,-0.35515144543770205,7.142857142857143,92.85714285714286,85.71428571428572,-0.6999987284310091,-0.00935976052995402,1.0274473219290292,0.9811603684422768,0.09381601690032648,0.02689977973568282,1.1792778951411562,0.061874604179860675,0.9026599113362888,0.4347466960352423,3.4876128288841945,1.6042692939244663,59068585.1754572,75735645.92899594,-41227328.361003816,11709344.051899027,360836972.8305263,407054634.4504174,46217661.619891144,407054634.4504174,31866376.43093412,43216938.35310922,515015438.9400714,464883790.45046467,31866376.43093412,31866376.43093412,31866376.43093412,31866376.43093412,31866376.43093412,31866376.43093412,31866376.43093412,31866376.43093412,0.053817319458588836,0.05251265716868366,19863483.363806427,19309001.89059672,28967143.952646866,19312919.432671178,28963502.835895084,28963502.835895084,1184633359.233907,844964532.0570924,339668827.1768147,339668827.1768147,339668827.1768147,662474894.2566048,674575636.9954754,298408882.2585632,298408882.2585632,400563939.5581391,377993281.9427794,0.008566477828631933,0.0,30.65927505493164,2022-10-20,0,0,0,0,0,0,0,1,0,0,0,11.207611658119893,1
30.848030853271485,30.36118278503418,30.11262035369873,32.881580200195316,30.763105784131778,30.592389555996526,30.808216821594943,32.39817282647587,48.134023025120456,44.905852206374846,60.92582874806538,-0.5296107030515707,-0.8412822354037999,0.3116715323522292,21.778974091710243,49.63815756645934,-31.564230078685668,48.84394961274482,3.8594217256005647,1.091351201685788,3.528425382811983,0.9718242866229012,31.252576616634204,30.848030853271485,30.443485089908766,1.1493701934814453,-0.6879642100146789,-0.21001244813968256,0.0,85.71428571428572,85.71428571428572,0.43269057950548223,0.008838648549951422,1.0321185011279745,1.0137824480003628,0.09381601690032648,0.02689977973568282,1.1792778951411562,0.061874604179860675,0.9026599113362888,0.4347466960352423,3.4876128288841945,1.6042692939244663,58551072.82057354,75072109.93339136,-40866127.02661786,11606756.014680233,357675603.87300116,403488342.7944549,45812738.92145373,403488342.7944549,31587188.374213334,42838305.62521256,510503279.86574054,460810845.340494,31587188.374213334,31587188.374213334,31587188.374213334,31587188.374213334,31587188.374213334,31587188.374213334,31587188.374213334,31587188.374213334,0.05334581455215148,0.05205258268422054,19689455.18924864,19139831.645377986,28713356.684225596,19143714.86503862,28709747.46806698,28709747.46806698,1174254536.081298,837561619.2654766,336692916.8158215,336692916.8158215,336692916.8158215,656670811.7386357,668665537.3136952,295794458.99250543,295794458.99250543,397054514.2514984,374681602.93629307,0.008491425106427981,0.0,30.930261611938477,2022-10-21,0,0,0,0,0,0,0,1,0,0,0,10.68883809657713,1
31.034922790527343,30.553680229187012,30.22241840362549,32.77430568695068,31.01194725717021,30.75916058276935,30.875018096038,32.3633280177218,52.48235246720926,46.05204818765751,50.914976874311044,-0.4164175315622103,-0.7563092946354819,0.3398917630732716,20.360069282046663,102.16743022645812,-14.245494270222107,44.59277294232173,6.50666499902004,1.0701318619604332,3.396205715705784,0.7942804455308199,31.595771824776968,31.034922790527343,30.47407375627772,1.9249744415283203,-0.26836275953189964,-0.0818247550573119,50.0,78.57142857142857,28.571428571428573,0.5176508603279764,0.018731448138963325,1.0257809658067998,1.0132212276906685,0.09381601690032648,0.02689977973568282,1.1792778951411562,0.061874604179860675,0.9026599113362888,0.4347466960352423,3.4876128288841945,1.6042692939244663,57474492.347846605,73691756.61606836,-40114720.225112155,11393342.21583486,351099010.9576074,396069389.56439847,44970378.60679108,396069389.56439847,31006393.718302667,42050636.31192532,501116639.5209817,452337901.39914834,31006393.718302667,31006393.718302667,31006393.718302667,31006393.718302667,31006393.718302667,31006393.718302667,31006393.718302667,31006393.718302667,0.052364943331831525,0.05109549016015077,19327424.53883964,18787906.94087531,28185403.264697153,18791718.759650245,28181860.411312968,28181860.411312968,1152663479.886134,822161346.639047,330502133.247087,330502133.247087,330502133.247087,644596584.2502002,656370762.4175392,290355676.6926828,290355676.6926828,389753860.03528666,367792320.1652095,0.008335292997914481,0.0,31.50963020324707,2022-10-24,0,0,0,0,0,0,0,1,0,0,0,10.471926930801535,1
31.27974967956543,30.85363903045654,30.368192672729492,32.680487174987796,31.458175409402536,31.048518970241684,31.015552726307448,32.36283012345299,57.9883512903605,68.09927626399254,53.01905888600826,-0.2558994843166609,-0.6562273325717177,0.40032784825505685,20.01558794308352,157.24984169250874,-4.106317777363754,50.12254772333602,10.219697954303243,1.0884738557749396,3.3646139135773425,1.3269197753635211,32.48513513059764,31.27974967956543,30.07436422853322,2.9995880126953125,0.5833610849673397,0.17760468751956537,42.85714285714286,100.0,57.142857142857146,0.7535198592324917,0.02669030087612545,1.0425532522953058,1.0318926890955709,0.09381601690032648,0.02689977973568282,1.1792778951411562,0.061874604179860675,0.9026599113362888,0.4347466960352423,3.4876128288841945,1.6042692939244663,55980359.70418809,71776032.70741288,-39071879.99232123,11097155.788958324,341971683.8251976,385772992.3292476,43801308.50404999,385772992.3292476,30200337.620647024,40957469.137520276,488089386.9293926,440578722.72986907,30200337.620647024,30200337.620647024,30200337.620647024,30200337.620647024,30200337.620647024,30200337.620647024,30200337.620647024,30200337.620647024,0.0510036408127611,0.04976718891426992,18824980.154528186,18299488.097669438,27452682.898285057,18303200.822696332,27449232.146504156,27449232.146504156,1122698323.8299897,800788072.0578115,321910251.77217823,321910251.77217823,321910251.77217823,627839362.756358,639307454.1148636,282807460.4823947,282807460.4823947,379621644.134254,358231026.2903566,0.008118604988088,0.0,32.35063171386719,2022-10-25,0,0,0,0,0,0,0,1,0,0,0,6.525764209853071,1
31.51336212158203,31.11341552734375,30.4588342666626,32.57769779205322,31.677787614243616,31.242790434547885,31.120453611794908,32.353190197981334,56.04558767829586,77.61217465154894,63.92116636773296,-0.14585757659178,-0.5541533813757302,0.4082958047839502,20.159447686288853,158.89932065338724,-20.512863668313116,48.83290201750774,8.800241293510002,1.0788070399502645,3.3589894325991474,0.9531384342294871,32.8202357723219,31.51336212158203,30.20648847084216,2.5977649688720703,1.362664456625029,0.41451152165730676,35.714285714285715,100.0,64.28571428571429,-0.22548964609348934,-0.00722148772882425,1.029728954151477,0.99335261409308,0.09381601690032648,0.02689977973568282,1.1792778951411562,0.061874604179860675,0.9026599113362888,0.4347466960352423,3.4876128288841945,1.6042692939244663,56387561.78971081,72298132.78614494,-39356089.50977055,11177876.688297173,344459191.6507845,388579111.61545604,44119919.964671575,388579111.61545604,30420015.38848562,41255394.462378144,491639757.40449125,443783499.8281326,30420015.38848562,30420015.38848562,30420015.38848562,30420015.38848562,30420015.38848562,30420015.38848562,30420015.38848562,30420015.38848562,0.05137464216069731,0.05012919629013496,18961913.37931192,18432598.884322915,27652374.179092232,18436338.615774598,27648898.32648437,27648898.32648437,1130864850.470622,806613018.0697119,324251832.4009102,324251832.4009102,324251832.4009102,632406276.924802,643957787.3742678,284864606.7443756,284864606.7443756,382383018.40940833,360836804.8486795,0.008177659858405977,0.0,32.11701202392578,2022-10-26,0,0,0,0,0,0,0,1,0,0,0,7.27139202606588,1
31.976848602294922,31.380668258666994,30.62937126159668,32.50948299407959,32.11076089566111,31.55804807526574,31.297239692433116,32.37764185525642,61.197398463756784,79.61340141664448,75.10828411072862,0.01059948066940919,-0.44120280896670233,0.4518022896361115,20.874176059109057,182.52969908133707,-14.705860076625221,48.423801459522494,8.819005498322706,1.1165532480409757,3.385884565480802,1.6072539532202228,33.38332354124769,31.976848602294922,30.570373663342156,2.672527313232422,2.2146183054745414,0.6746002466250687,28.571428571428573,100.0,71.42857142857143,-0.026314732770271892,0.02676760322317273,1.0326180075754756,0.9991506574304623,0.09381601690032648,0.02689977973568282,1.1792778951411562,0.061874604179860675,0.9026599113362888,0.4347466960352423,3.4876128288841945,1.6042692939244663,54917550.58564573,70413336.53223047,-38330085.00290237,10886471.92724838,335479217.078409,378448940.5349855,42969723.456576474,378448940.5349855,29626972.34797122,40179875.497504465,478822818.19290227,432214162.6157971,29626972.34797122,29626972.34797122,29626972.34797122,29626972.34797122,29626972.34797122,29626972.34797122,29626972.34797122,29626972.34797122,0.050035316657269714,0.04882233928376015,18467580.511683185,17952065.12794162,26931482.92981529,17955707.36542549,26928097.691912428,26928097.691912428,1101383455.1466885,785584795.9534723,315798659.19321626,315798659.19321626,315798659.19321626,615919585.8338213,627169950.9731226,277438249.75597614,277438249.75597614,372414378.10177535,351429869.5400598,0.007964470083332504,0.0,32.976707458496094,2022-10-27,0,0,0,0,0,0,0,1,0,0,0,5.016018006983745,1
32.56181297302246,31.704921913146972,30.881204700469972,32.458088111877444,32.69220175229946,31.975690873504,31.540843861303884,32.435580741935624,65.62998908876233,80.97264629427296,79.39940745415544,0.20312888529160844,-0.3123364701150402,0.5154653554066486,21.708797208551026,168.25515250955152,-1.7606035588271844,56.75640303973181,10.592181543049373,1.127574522008705,3.3305914698311763,1.2708510835891857,34.16036731755652,32.56181297302246,30.963258628488404,3.2425365447998047,3.0082183785587326,0.9198328409439469,21.42857142857143,100.0,78.57142857142857,0.47793927902254224,0.026636255550545496,1.0388904936482075,1.0182686250064865,0.09381601690032648,0.02689977973568282,1.1792778951411562,0.061874604179860675,0.9026599113362888,0.4347466960352423,3.4876128288841945,1.6042692939244663,53492705.21933357,68586450.31435259,-37335604.30548737,10604020.52663763,326775150.6579167,368630017.1934196,41854866.53550285,368630017.1934196,28858295.41650408,39137401.66516674,466399677.20225126,421000291.27065784,28858295.41650408,28858295.41650408,28858295.41650408,28858295.41650408,28858295.41650408,28858295.41650408,28858295.41650408,28858295.41650408,0.04873714169624538,0.04755563523088186,17988435.935159657,17486295.68738016,26232740.9383891,17489843.42638137,26229443.53107024,26229443.53107024,1072807870.5500802,765202662.2926866,307605208.2573936,307605208.2573936,307605208.2573936,599939445.4499636,610897917.9162103,270240066.2902721,270240066.2902721,362752022.5282361,342311960.6774471,0.007757830526900169,0.0,33.85508346557617,2022-10-28,0,0,0,0,0,0,0,1,0,0,0,-0.9546353556155576,0
33.053330993652345,32.04412689208984,31.120890617370605,32.42949390411377,33.11720793699847,32.33778713402991,31.771927332265083,32.495645038581145,66.16143762961903,89.62574344758082,83.40393038616607,0.3606015413397756,-0.177748867824077,0.5383504091638527,22.648365081640453,147.58805137380978,-3.5533464410397713,62.6973520207634,11.0941320426857,1.103768042036606,3.2495094743703588,0.7942838023993204,34.5644501442704,33.053330993652345,31.542211843034288,3.392049789428711,3.4834933716027465,1.0705427512144432,14.285714285714286,100.0,85.71428571428572,0.17646742032914195,0.0033122600608659347,1.023802921047622,1.0041435830944845,0.09381601690032648,0.02689977973568282,1.1792778951411562,0.061874604179860675,0.9026599113362888,0.4347466960352423,3.4876128288841945,1.6042692939244663,53316108.40286994,68360024.13664494,-37212347.33364307,10569013.2063116,325696359.6139979,367413049.62331134,41716690.00931347,367413049.62331134,28763024.79823519,39008196.374269836,464859940.18846846,419610432.3943154,28763024.79823519,28763024.79823519,28763024.79823519,28763024.79823519,28763024.79823519,28763024.79823519,28763024.79823519,28763024.79823519,0.048576244541543565,0.047398638613263724,17929050.258060627,17428567.738541692,26146138.129317477,17432103.765302684,26142851.60781254,26142851.60781254,1069266182.8780984,762676479.450441,306589703.42765737,306589703.42765737,306589703.42765737,597958850.2322978,608881145.2170933,269347915.94580734,269347915.94580734,361554460.1301191,341181877.5708778,0.00773221940538187,0.0,33.967220306396484,2022-10-31,0,0,0,0,0,0,0,1,0,0,0,0.21160555744789908,1
33.486914825439456,32.38333225250244,31.296100044250487,32.419588813781736,33.584322248933226,32.7342896319886,32.033510526602,32.574974679138855,68.72218313443184,95.01494186384764,88.53777720190044,0.5238489205627488,-0.03742931014671183,0.5612782307094606,23.88442242092711,147.57241544136372,-2.3292136468818465,63.56614740624897,10.897639958799555,1.0743202795351678,3.1122983218325886,0.6914993670164691,35.176283862616636,33.486914825439456,31.797545788262276,3.392053604125973,3.8660706832850735,1.1958553240849419,7.142857142857143,100.0,92.85714285714286,0.1851820455219786,0.016231253586047156,1.01477430716277,1.0027143993948673,0.09381601690032648,0.02689977973568282,1.1792778951411562,0.061874604179860675,0.9026599113362888,0.4347466960352423,3.4876128288841945,1.6042692939244663,52464543.09954512,67268177.29273538,-36617991.42894811,10400204.844139535,320494334.7930799,361544725.5010067,41050390.7079268,361544725.5010067,28303621.53962208,38385157.154553995,457435193.56257176,412908411.26328915,28303621.53962208,28303621.53962208,28303621.53962208,28303621.53962208,28303621.53962208,28303621.53962208,28303621.53962208,28303621.53962208,0.04780038438114271,0.04664158718402411,17642687.326130856,17150198.517355446,25728531.80519075,17153678.066669166,25725297.77603317,25725297.77603317,1052187854.983699,750495004.7138686,301692850.2698304,301692850.2698304,301692850.2698304,588408246.7669028,599156090.770178,265045888.91095436,265045888.91095436,355779709.4453416,335732517.93518966,0.007608720336140657,0.0,34.518550872802734,2022-11-01,0,0,0,0,0,0,0,1,0,0,0,-3.4841848632160333,0
33.88498992919922,32.69917602539063,31.460095596313476,32.40146045684814,33.758677346863685,32.98394379757697,32.23102262337558,32.63506930124026,64.78474061533753,82.24438738545452,88.96169089896095,0.6129801466649596,0.09265258121562246,0.5203275654493371,25.347671727412536,122.01400236610519,-20.566044019070162,54.97307830274012,10.205314713034742,1.0710040056608434,3.140093929267525,1.0278924452946256,34.89829874524688,33.88498992919922,32.87168111315156,3.158437728881836,4.212249864858018,1.3105051578619573,0.0,100.0,100.0,-0.18181912761220095,-0.011911372861312164,1.0301452020697006,0.9945503880440947,0.09381601690032648,0.02689977973568282,1.1792778951411562,0.061874604179860675,0.9026599113362888,0.4347466960352423,3.4876128288841945,1.6042692939244663,53097001.279604055,68079092.750547,-37059419.99857511,10525578.939468723,324357882.47170603,365903134.1631467,41545251.69144061,365903134.1631467,28644820.67927839,38847888.84344306,462949558.3682761,417886007.30988216,28644820.67927839,28644820.67927839,28644820.67927839,28644820.67927839,28644820.67927839,28644820.67927839,28644820.67927839,28644820.67927839,0.048376616295608334,0.04720384983995723,17855369.287288167,17356943.543636445,26038688.330717422,17360465.038791988,26035415.315454666,26035415.315454666,1064871941.7312089,759542195.0024421,305329746.7287668,305329746.7287668,305329746.7287668,595501487.018243,606378895.894407,268241007.5688004,268241007.5688004,360068621.0462824,339779761.3635182,0.007700443186127978,0.0,34.10738754272461,2022-11-02,0,0,0,0,0,0,0,1,0,0,0,-1.4945341412476636,0
34.19709701538086,33.08697280883789,31.666609287261963,32.385761756896976,34.018199194377225,33.26636181427285,32.45066264871165,32.70966434391336,66.91872926138423,76.42363423723249,84.56098782884483,0.7101172301364187,0.21614551099978171,0.49397171913663696,25.28395055202543,90.83281825084106,-12.091959305965887,56.70359137324025,12.648595987754362,1.1126448320159297,3.2215797757188045,1.6539755746320495,34.7605834177974,34.19709701538086,33.633610612964326,3.8779678344726562,4.578556162849428,1.4319238540453796,0.0,92.85714285714286,92.85714285714286,0.564971605297472,0.012602998284205524,1.049887273974077,1.0278086770150057,0.09381601690032648,0.02689977973568282,1.1792778951411562,0.061874604179860675,0.9026599113362888,0.4347466960352423,3.4876128288841945,1.6042692939244663,52436148.58890771,67231770.85778227,-36598173.28347838,10394576.11453223,320320878.98348206,361349052.67231816,41028173.68883613,361349052.67231816,28288303.242055677,38364382.59541839,457187623.5333257,412684939.72264034,28288303.242055677,28288303.242055677,28288303.242055677,28288303.242055677,28288303.242055677,28288303.242055677,28288303.242055677,28288303.242055677,0.04777451417542668,0.046616344134810285,17633138.868384756,17140916.601122785,25714607.180542033,17144394.267257996,25711374.90168418,25711374.90168418,1051618396.8796952,750088826.8052143,301529570.0744809,301529570.0744809,301529570.0744809,588089792.3739947,598831819.5007119,264902442.53998712,264902442.53998712,355587156.72025156,335550815.0175878,0.007604602395189342,0.0,34.5372428894043,2022-11-03,0,0,0,0,0,0,0,1,0,0,0,-3.101296029228171,0
34.35595474243164,33.45888385772705,31.910033321380617,32.35828899383545,34.228590163194845,33.517818230010526,32.660063548913406,32.78573131477284,67.47245362887122,66.05288951552835,74.90697037940508,0.7870740590652687,0.3303312206128791,0.4567428384523896,25.760877377778886,106.88329350299597,-16.37007676041624,57.276795686988855,12.024180511477134,1.1125982778647616,3.2110200283776793,1.1119930738995762,34.89134002768747,34.35595474243164,33.820569457175814,3.7191104888916016,4.908714679302829,1.5447768186911546,28.571428571428573,100.0,71.42857142857143,-0.5294100676067712,0.0032466173337819537,1.0323281331788385,0.9832936285146352,0.09381601690032648,0.02689977973568282,1.1792778951411562,0.061874604179860675,0.9026599113362888,0.4347466960352423,3.4876128288841945,1.6042692939244663,52266459.39585771,67014201.389940135,-36479737.535264574,10360938.113259478,319284285.0891076,360179687.0570426,40895401.96793505,360179687.0570426,28196759.15502649,38240231.19796325,455708113.6723319,411349445.48269457,28196759.15502649,28196759.15502649,28196759.15502649,28196759.15502649,28196759.15502649,28196759.15502649,28196759.15502649,28196759.15502649,0.04761991054840707,0.0464654884745063,17576076.075139336,17085446.69373151,25631391.859442208,17088913.105753362,25628170.04059726,25628170.04059726,1048215243.1019061,747661456.1618385,300553786.9400674,300553786.9400674,300553786.9400674,586186668.5749673,596893933.310397,264045188.85295534,264045188.85295534,354436437.2393862,334464935.3609028,0.0075799930583362,0.0,34.64937210083008,2022-11-04,0,0,0,0,0,0,0,1,0,0,0,-0.18905387738250878,0
34.55219039916992,33.802760696411134,32.178220462799075,32.35585941314697,34.468526305492524,33.77792375002459,32.87800021950145,32.870541796157745,68.96438021233222,71.87906758514517,71.45186377930196,0.8622523309125327,0.4367154426728099,0.42553688823972285,26.176924955862766,93.53228150936295,-10.676072433315804,58.41104624985061,10.91338858837656,1.093866155050794,3.1299464329705735,0.8503485584692143,35.09302667056797,34.55219039916992,34.011354127771874,3.4387683868408203,5.2559222734581805,1.6664351683396568,21.42857142857143,92.85714285714286,71.42857142857143,0.0989012831637688,0.008630069497006732,1.0247349775690828,1.0024122259253605,0.09381601690032648,0.02689977973568282,1.1792778951411562,0.061874604179860675,0.9026599113362888,0.4347466960352423,3.4876128288841945,1.6042692939244663,51819255.618586145,66440812.560108796,-36167608.5598525,10272287.557742918,316552415.7418103,357097907.2998095,40545491.55799921,357097907.2998095,27955501.236531563,37913039.03623779,451808970.8544866,407829845.57245076,27955501.236531563,27955501.236531563,27955501.236531563,27955501.236531563,27955501.236531563,27955501.236531563,27955501.236531563,27955501.236531563,0.047212463705503666,0.046067919130824794,17425691.149485897,16939259.705247376,25412083.810097307,16942696.457855377,25408889.557871062,25408889.557871062,1039246473.8084201,741264293.7907745,297982180.01764554,297982180.01764554,297982180.01764554,581171121.4075667,591786772.3377132,261785957.84342608,261785957.84342608,351403798.04078215,331603176.89883757,0.0075151369045702385,0.0,34.94839859008789,2022-11-07,0,0,0,0,0,0,0,1,0,0,0,-2.3062238737204215,0
34.64563522338867,34.06627502441406,32.4599570274353,32.35604640960693,34.64094253496051,33.997533067092206,33.07874067420574,32.953492117637694,69.1548192602582,72.48682606577262,70.13959438881534,0.9143080424253256,0.532233962623313,0.3820740798020126,26.563254849797797,86.56150709480465,-9.964358211790442,56.497772971366146,8.145569778471229,1.0557808318618547,3.017743160030164,0.5606716304056434,35.28365349758301,34.64563522338867,34.007616949194336,2.635143280029297,5.577446978064976,1.7808456543164368,14.285714285714286,85.71428571428572,71.42857142857143,0.04999777476842001,0.0010694740050032348,1.0162031409289112,1.0008018919919603,0.09381601690032648,0.02689977973568282,1.1792778951411562,0.061874604179860675,0.9026599113362888,0.4347466960352423,3.4876128288841945,1.6042692939244663,51763895.47797474,66369831.750335366,-36128969.566074036,10261313.349858051,316214232.8397761,356716408.3738955,40502175.53411938,356716408.3738955,27925635.495296147,37872535.34418362,451326289.1204976,407394148.1212446,27925635.495296147,27925635.495296147,27925635.495296147,27925635.495296147,27925635.495296147,27925635.495296147,27925635.495296147,27925635.495296147,0.04716202514558714,0.04601870332387595,17407074.735553075,16921162.961325813,25384935.28169484,16924596.04234291,25381744.441988718,25381744.441988718,1038136214.1137729,740472377.831261,297663836.28251183,297663836.28251183,297663836.28251183,580550238.0194064,591154547.9157778,261506283.67089504,261506283.67089504,351028382.3108823,331248914.79527843,0.007507108247446848,0.0,34.985774993896484,2022-11-08,0,0,0,0,0,0,0,1,0,0,0,-3.296529798193519,0
34.776457977294925,34.33072395324707,32.72206974029541,32.35604640960693,34.68112879405896,34.13643638439469,33.239003592115274,33.024394438995266,66.51729979996544,74.07406589637559,72.81331984909775,0.9267821888936396,0.6111436078773783,0.3156385810162613,27.024587781898067,75.90853513197821,-14.234934095840153,54.31584423124948,8.233920659742711,1.0364348619355075,2.9815595495298464,0.7849372528929948,35.11935804188301,34.776457977294925,34.43355791270684,2.644489288330078,5.947940298861392,1.9077141835139315,7.142857142857143,78.57142857142857,71.42857142857143,0.1309530837734614,-0.006410424856380992,1.0227519012526507,1.0029657754084396,0.09381601690032648,0.02689977973568282,1.1792778951411562,0.061874604179860675,0.9026599113362888,0.4347466960352423,3.4876128288841945,1.6042692939244663,52097864.92626243,66798035.53770368,-36362065.85687229,10327517.122323696,318254378.6191282,359017865.42228335,40763486.80315509,359017865.42228335,28105805.65044638,38116880.74395236,454238148.6392511,410022566.9762664,28105805.65044638,28105805.65044638,28105805.65044638,28105805.65044638,28105805.65044638,28105805.65044638,28105805.65044638,28105805.65044638,0.04746630432265765,0.04631560603604777,17519381.413635463,17030334.64182626,25548713.389052577,17033789.87233892,25545501.962739393,25545501.962739393,1044834044.2417734,745249745.3228904,299584298.9188829,299584298.9188829,299584298.9188829,584295822.4833331,594968549.0916398,263193465.60484537,263193465.60484537,353293141.44639915,333386061.0880482,0.007555542484794819,0.0,34.76150131225586,2022-11-09,0,0,0,0,0,0,0,1,0,0,0,-2.213295796694635,0
35.124070739746095,34.660583877563475,33.020626068115234,32.395666999816896,35.21252142992603,34.525321896624774,33.52817531683384,33.15188119439389,73.78503273169963,76.75462107550398,74.43850434588403,1.046753164467809,0.6982655191954644,0.34848764527234455,28.411246209964503,138.72691371066483,-6.099547890584627,57.567089841051356,10.002815615584515,1.0958964415291308,3.0210535517787265,1.8688969762462335,36.301228688376874,35.124070739746095,33.94691279111532,3.2985992431640696,6.273378750175295,2.02523850171994,0.0,100.0,100.0,0.3065682455441817,0.04354833169620842,1.0362146144745923,1.010937451881669,0.09381601690032648,0.02689977973568282,1.1792778951411562,0.061874604179860675,0.9026599113362888,0.4347466960352423,3.4876128288841945,1.6042692939244663,49923768.11295488,64010485.67547279,-34844639.919809476,9896539.344312977,304973300.1842185,344035685.2841948,39062385.09997629,344035685.2841948,26932921.836751472,36526224.599483825,435282329.3779997,392911908.8425985,26932921.836751472,26932921.836751472,26932921.836751472,26932921.836751472,26932921.836751472,26932921.836751472,26932921.836751472,26932921.836751472,0.045485487237093065,0.04438280875861809,16788279.834781624,16319641.481429756,24482539.632376283,16322952.521664035,24479462.222144634,24479462.222144634,1001232058.455285,714149716.584323,287082341.87096196,287082341.87096196,287082341.87096196,559912564.4076347,570139907.2954901,252210134.9891906,252210134.9891906,338549859.8537818,319473522.17616457,0.007240242023590665,0.0,36.27530670166016,2022-11-10,0,0,0,0,0,0,0,1,0,0,0,-8.598491548426965,0
35.36328964233398,34.859622192382815,33.282272052764895,32.42799892425537,35.42350315787386,34.76534820883291,33.748869726065806,33.25751199515371,69.19243256317029,72.01626489177319,74.28165062121754,1.0945294697785997,0.7775183093120914,0.31701116046650823,29.732940014953915,132.98699950248397,-15.280115039221858,56.53395146175738,5.879126395352641,1.0810269641205896,3.0157982758838697,0.8877237578095531,36.543483130716155,35.36328964233398,34.18309615395181,1.9903831481933594,6.545472572481294,2.1267700684376223,0.0,100.0,100.0,-0.7578984564480699,-0.011849385352569852,1.0247976224011441,0.981576223465502,0.09381601690032648,0.02689977973568282,1.1792778951411562,0.061874604179860675,0.9026599113362888,0.4347466960352423,3.4876128288841945,1.6042692939244663,50522427.82925107,64778065.9412043,-35262478.61743421,10015213.468084559,308630380.49420464,348161181.2860593,39530800.79185465,348161181.2860593,27255887.34907692,36964227.981092036,440502007.41240996,397623502.9543432,27255887.34907692,27255887.34907692,27255887.34907692,27255887.34907692,27255887.34907692,27255887.34907692,27255887.34907692,27255887.34907692,0.04603092541041649,0.044915024188345795,16989596.106026452,16515338.086646402,24776121.44289522,16518688.831143444,24773007.129969604,24773007.129969604,1013238309.6401982,722713426.4740907,290524883.1661075,290524883.1661075,290524883.1661075,566626743.0369512,576976726.8716569,255234507.0181215,255234507.0181215,342609572.7062576,323304481.5644344,0.007327063219177339,0.0,35.84546661376953,2022-11-11,0,0,0,0,0,0,0,1,0,0,0,-8.681603724892446,0
35.42869873046875,34.990444564819335,33.51728572845459,32.446874656677245,35.37415011550315,34.85809290372906,33.89425775508447,33.3366465847854,63.54391885717951,61.088321517533984,69.95306916160366,1.0740158907390978,0.8368178255974927,0.23719806514160502,30.08373604191537,78.74028643781608,-30.50520187822621,48.3582942619139,3.8514300333220897,1.045194002615649,2.96295066251808,0.5793655030514202,36.54413993813801,35.42869873046875,34.313257522799496,1.3082237243652344,6.442731329947726,2.107002502832657,0.0,92.85714285714286,92.85714285714286,-0.5789508907657408,-0.015902222424657886,1.0151033298747691,0.9913339859457264,0.09381601690032648,0.02689977973568282,1.1792778951411562,0.061874604179860675,0.9026599113362888,0.4347466960352423,3.4876128288841945,1.6042692939244663,51338829.311991915,65824826.98091951,-35832291.68987177,10177051.19989238,313617597.2824774,353787183.77341753,40169586.49094012,353787183.77341753,27696320.396364495,37561539.94389249,447620162.8030659,404048776.4681506,27696320.396364495,27696320.396364495,27696320.396364495,27696320.396364495,27696320.396364495,27696320.396364495,27696320.396364495,27696320.396364495,0.046774747854658565,0.045640814573333514,17264134.20817398,16782212.56361083,25176483.483114433,16785617.453422997,25173318.845416248,25173318.845416248,1029611419.443151,734391889.6501726,295219529.79297835,295219529.79297835,295219529.79297835,575782971.9248303,586300203.1091202,259358889.77107346,259358889.77107346,348145865.69882536,328528819.9319019,0.007445462621844384,0.0,35.27544403076172,2022-11-14,0,0,0,0,0,0,0,1,0,0,0,-7.951513347865949,0
35.65296630859375,35.149300765991214,33.76631650924683,32.482383766174316,35.61847103850926,35.08518744569132,34.1050058626499,33.44529232202995,67.68845872167535,57.51238309142547,63.53898983357751,1.1120484551449508,0.8918639515069844,0.22018450363796638,30.849819279763363,117.28241792778128,-14.385089722538021,54.75878798053405,4.602053016571994,1.0519686288401624,2.9134664746101135,1.1400387697588386,36.772911291071026,35.65296630859375,34.53302132611647,1.588562011718757,6.201922707441827,2.043807885585686,0.0,85.71428571428572,85.71428571428572,0.4000000000000135,0.023576424807991714,1.023640702208917,1.0094044049590272,0.09381601690032648,0.02689977973568282,1.1792778951411562,0.061874604179860675,0.9026599113362888,0.4347466960352423,3.4876128288841945,1.6042692939244663,50156322.54486747,64308658.72401009,-35006952.89713555,9942639.311765555,306393923.97231853,345638269.1109586,39244345.13864009,345638269.1109586,27058380.5225486,36696370.71891187,437309957.4729196,394742167.43898183,27058380.5225486,27058380.5225486,27058380.5225486,27058380.5225486,27058380.5225486,27058380.5225486,27058380.5225486,27058380.5225486,0.04569736731034308,0.04458955234524386,16866482.84363572,16395661.48346855,24596583.970598172,16398987.947159627,24593492.225202825,24593492.225202825,1005895988.3100975,717476362.1465139,288419626.1635836,288419626.1635836,288419626.1635836,562520743.9032596,572795727.7045549,253384977.89232054,253384977.89232054,340126889.65958995,320961690.7633733,0.007273968451589775,0.0,36.10711288452149,2022-11-15,0,0,0,0,0,0,0,1,0,0,0,-8.771018829587742,0
35.800611114501955,35.288534545898436,33.99385528564453,32.48612171173096,35.57888913960513,35.160557972255965,34.237836289235325,33.52585832280512,62.132895918660644,41.80750996696036,53.4694048586399,1.0807205639618758,0.9296352739979626,0.15108528996391313,31.131445093670624,64.15100583813103,-29.603534246186385,51.288166993285614,4.0822176642176355,1.034229767956859,2.9133458301413153,0.8036245764739149,36.54229782214523,35.800611114501955,35.05892440685868,1.3923377990722656,5.829996222428853,1.9350288831270674,0.0,78.57142857142857,78.57142857142857,-0.5967698271088477,-0.016821825236129406,1.0164108725943577,0.9903545639729494,0.09381601690032648,0.02689977973568282,1.1792778951411562,0.061874604179860675,0.9026599113362888,0.4347466960352423,3.4876128288841945,1.6042692939244663,51014479.19845606,65408956.76356431,-35605909.28042433,10112754.297209125,311636213.8997898,351552015.68013895,39915801.780349106,351552015.68013895,27521339.689062156,37324232.43398911,444792173.68504757,401496064.0616202,27521339.689062156,27521339.689062156,27521339.689062156,27521339.689062156,27521339.689062156,27521339.689062156,27521339.689062156,27521339.689062156,0.04647923284232606,0.045352463561299974,17155062.303622164,16676185.359186077,25017422.682827067,16679568.737475445,25014278.038779117,25014278.038779117,1023106507.1716863,729752124.8565447,293354382.31514156,293354382.31514156,293354382.31514156,572145271.673021,582596056.7545379,257720303.80269158,257720303.80269158,345946338.5070341,326453229.9452829,0.007398423437681333,0.0,35.499725341796875,2022-11-16,0,0,0,0,0,0,0,1,0,0,0,-6.045965845837757,0
35.57821350097656,35.35114212036133,34.21905746459961,32.48556087493896,35.440365637747824,35.16105991076092,34.32597746493036,33.5900724526572,59.233138739983836,35.59647860011217,44.97212388616595,1.017024153282172,0.9471130498548045,0.0699111034273675,30.71156532891275,4.275600964350222,-43.12172601630152,49.31592298195678,1.8127554264645074,1.0064116848369056,2.862106660953324,0.64477660427751,36.28312556814873,35.57821350097656,34.873301433804386,0.6260757446289062,5.3031618921270685,1.77167985378167,0.0,71.42857142857143,71.42857142857143,0.5609747020348194,-0.009476318605980638,1.0109919532385605,1.0061497201297487,0.09381601690032648,0.02689977973568282,1.1792778951411562,0.061874604179860675,0.9026599113362888,0.4347466960352423,3.4876128288841945,1.6042692939244663,51502533.616016656,66034722.83621793,-35946550.243315876,10209502.798536709,314617630.8083889,354915306.1998277,40297675.39143877,354915306.1998277,27784635.749778174,37681312.55727337,449047490.7768653,405337168.2104282,27784635.749778174,27784635.749778174,27784635.749778174,27784635.749778174,27784635.749778174,27784635.749778174,27784635.749778174,27784635.749778174,0.04692389865622721,0.04578634959789444,17319184.41311659,16835726.06332516,25256763.823777184,16839141.810321342,25253589.09498774,25253589.09498774,1032894544.9661651,736733647.6292256,296160897.3369395,296160897.3369395,296160897.3369395,577618973.0949279,588169740.6109644,260185908.36716533,260185908.36716533,349255999.6346221,329576400.925465,0.007469203994465956,0.0,35.1633186340332,2022-11-17,0,0,0,0,0,0,0,1,0,0,0,-4.58616556371641,0
35.531490325927734,35.44738998413086,34.453136920928955,32.48070171356201,35.49752733800701,35.243021879445365,34.44844158622512,33.66935787563243,61.79344261785658,27.26257936328868,34.88885597678702,0.9913098779993632,0.9559524154837162,0.035357462515646976,31.02146919646344,58.57073303352389,-30.423384714926474,49.84637170436687,2.7777664625335374,1.0032735876293446,2.817246413267675,0.9624783239310517,36.18870763554413,35.531490325927734,34.87427301631134,0.9624786376953125,5.0366058165179926,1.6929106101011584,21.42857142857143,64.28571428571429,42.85714285714286,-0.168420756755023,0.0127556818274277,1.0251922775392117,0.9958191835511292,0.09381601690032648,0.02689977973568282,1.1792778951411562,0.061874604179860675,0.9026599113362888,0.4347466960352423,3.4876128288841945,1.6042692939244663,50853857.98387713,65203013.9362577,-35493802.59062435,10080913.868697895,310655014.2880357,350445139.50236696,39790125.21433125,350445139.50236696,27434687.603670873,37206715.53210226,443391726.982562,400231936.9653234,27434687.603670873,27434687.603670873,27434687.603670873,27434687.603670873,27434687.603670873,27434687.603670873,27434687.603670873,27434687.603670873,0.0463328910399764,0.045209669439007276,17101048.874754924,16623679.694343047,24938654.284519635,16627052.419924818,24935519.54151457,24935519.54151457,1019885213.6799654,727454469.8676537,292430743.81231165,292430743.81231165,292430743.81231165,570343848.4320973,580761728.781086,256908860.68166307,256908860.68166307,344857112.03754556,325425378.3407797,0.007375129193043322,0.0,35.61185073852539,2022-11-18,0,0,0,0,0,0,0,1,0,0,0,-6.605499712761047,0
35.531490325927734,35.480094528198244,34.64142761230469,32.461638832092284,35.423499568925244,35.248916816048336,34.527203723800035,33.732341646421816,58.81017308711344,30.76172874440171,31.206928902600808,0.9330305246314055,0.951368037313254,-0.018337512681848578,31.25223614709238,27.341385574664947,-39.94735668587699,39.873197901404545,0.9357952119917412,0.9823385543026644,2.7847659506313303,0.7101831210558203,36.18870763554413,35.531490325927734,34.87427301631134,0.3270454406738281,4.66119102276148,1.5750851753430481,14.285714285714286,57.142857142857146,42.85714285714286,-0.40789539727952895,-0.009446482021776559,1.020175263423745,0.9918549300550324,0.09381601690032648,0.02689977973568282,1.1792778951411562,0.061874604179860675,0.9026599113362888,0.4347466960352423,3.4876128288841945,1.6042692939244663,51338829.311991915,65824826.98091951,-35832291.68987177,10177051.19989238,313617597.2824774,353787183.77341753,40169586.49094012,353787183.77341753,27696320.396364495,37561539.94389249,447620162.8030659,404048776.4681506,27696320.396364495,27696320.396364495,27696320.396364495,27696320.396364495,27696320.396364495,27696320.396364495,27696320.396364495,27696320.396364495,0.046774747854658565,0.045640814573333514,17264134.20817398,16782212.56361083,25176483.483114433,16785617.453422997,25173318.845416248,25173318.845416248,1029611419.443151,734391889.6501726,295219529.79297835,295219529.79297835,295219529.79297835,575782971.9248303,586300203.1091202,259358889.77107346,259358889.77107346,348145865.69882536,328528819.9319019,0.007445462621844384,0.0,35.27544403076172,2022-11-21,0,0,0,0,0,0,0,1,0,0,0,-5.847989769062053,0
35.44365005493164,35.54830818176269,34.80729160308838,32.47434719085693,35.50497022246383,35.325097673047004,34.635842562442036,33.808246347720605,61.16570637232777,46.47281640188334,34.83237483652453,0.9080451847200237,0.9427034667946079,-0.03465828207458421,31.057634741283014,17.905698946771047,-28.836254048444015,48.728783546776114,1.9497539664721897,0.9689060629559163,2.716464243087082,0.7942836754481917,35.83209113295022,35.44365005493164,35.05520897691306,0.6821365356445312,4.30774639281847,1.4640888067392197,7.142857142857143,50.0,42.85714285714286,0.41176180196837947,0.011125798967606126,1.0227334127492307,1.0092543224998756,0.09381601690032648,0.02689977973568282,1.1792778951411562,0.061874604179860675,0.9026599113362888,0.4347466960352423,3.4876128288841945,1.6042692939244663,50773928.787506565,65100531.55416358,-35438015.454118334,10065069.262680762,310166744.43742967,349894329.8001557,39727585.36272601,349894329.8001557,27391567.32490001,37148236.13663512,442694829.1301649,399602875.2116682,27391567.32490001,27391567.32490001,27391567.32490001,27391567.32490001,27391567.32490001,27391567.32490001,27391567.32490001,27391567.32490001,0.04626006764184751,0.0451386114565906,17074170.420536444,16597551.541802257,24899457.12869801,16600918.966326132,24896327.312703386,24896327.312703386,1018282216.2132736,726311098.3816373,291971117.8316363,291971117.8316363,291971117.8316363,569447414.4688271,579848920.5870849,256505065.9728866,256505065.9728866,344315085.2785026,324913893.273558,0.007363537385206129,0.0,35.667911529541016,2022-11-22,0,0,0,0,0,0,0,1,0,0,0,-11.097381651098075,0
35.56325836181641,35.68193473815918,35.00632934570312,32.48556034088135,35.702569107049456,35.46558298271495,34.77507344946858,33.898031466485314,63.61967587623171,57.33779607144277,44.857447072575894,0.9124121376901684,0.9366452009737201,-0.02423306328355168,31.402648252622985,99.11337881933167,-25.506073791953533,51.41491806062827,3.8440962372753296,0.9530955233125977,2.6403171325826436,0.7475585079494564,36.22162101663882,35.56325836181641,34.904895706994,1.3362655639648438,4.004461122930938,1.3686668200370633,0.0,42.85714285714286,42.85714285714286,0.4500011920940365,0.012051598432492261,1.0209753342911085,1.009406861929591,0.09381601690032648,0.02689977973568282,1.1792778951411562,0.061874604179860675,0.9026599113362888,0.4347466960352423,3.4876128288841945,1.6042692939244663,50169308.42868817,64325308.76389505,-35016016.48473874,9945213.542738296,306473251.87552583,345727757.6974204,39254505.82189461,345727757.6974204,27065386.159485556,36705871.710663624,437423180.61236125,394844369.42799145,27065386.159485556,27065386.159485556,27065386.159485556,27065386.159485556,27065386.159485556,27065386.159485556,27065386.159485556,27065386.159485556,0.045709198734033944,0.04460109694654222,16870849.714561623,16399906.454877635,24602952.228190076,16403233.77981748,24599859.682316452,24599859.682316452,1006156423.0424927,717662122.6690203,288494300.37347245,288494300.37347245,288494300.37347245,562666385.1436143,572944029.2226001,253450581.3440464,253450581.3440464,340214951.30464906,321044790.38104206,0.007275851741760087,0.0,36.0977668762207,2022-11-23,0,0,0,0,0,0,0,1,0,0,0,-12.572366166382027,0
35.86041259765625,35.719313049316405,35.18994846343994,32.52891864776611,36.018076009110445,35.68076604280903,34.95355119839847,34.00591610753422,66.540105406807,76.20981745197831,60.006809975101426,0.9494158577823626,0.9391993323354486,0.010216525446913982,32.14459464623457,151.7750767445236,-12.90327081128228,51.40740527953193,1.0304064818703607,0.9524312329102026,2.5987855026247346,0.9437954576790659,36.80672192856996,35.86041259765625,34.91410326674254,0.3737831115722585,3.744543792902677,1.288040234492378,7.142857142857143,100.0,92.85714285714286,0.6138628071580212,0.015273048299697,1.0261862106357755,1.0160622479557275,0.09381601690032648,0.02689977973568282,1.1792778951411562,0.061874604179860675,0.9026599113362888,0.4347466960352423,3.4876128288841945,1.6042692939244663,49414596.903471395,63357644.40080651,-34489260.34565867,9795604.797540713,301862885.4462198,340526874.29890835,38663988.85268855,340526874.29890835,26658233.669073194,36153694.58702353,430842896.24837846,388904610.5274312,26658233.669073194,26658233.669073194,26658233.669073194,26658233.669073194,26658233.669073194,26658233.669073194,26658233.669073194,26658233.669073194,0.04502158193855759,0.04393014964913802,16617056.606413076,16153197.883409755,24232842.84891956,16156475.154431004,24229796.825114634,24229796.825114634,991020518.7929769,706866122.2425897,284154396.55038714,284154396.55038714,284154396.55038714,554202030.7600262,564325065.2443929,249637850.397493,249637850.397493,335096998.659046,316215220.05208725,0.007166398983943421,0.0,36.64908981323242,2022-11-25,0,0,0,0,0,0,0,1,0,0,0,-13.785039749299987,0
35.94638290405273,35.73893661499024,35.299279403686526,32.60068447113037,36.02595142957623,35.74639081148154,35.05718463383746,34.08575085902338,60.75383935578519,72.84698643280153,68.79819998540749,0.9191352549274754,0.935186516853854,-0.016051261926378624,32.67906320927807,80.71591685414994,-37.96970549636698,49.739882509355645,0.5474490229202322,0.9344597897638561,2.592718242746557,0.7008310288613515,36.86442654875702,35.94638290405273,35.02833925934845,0.19623565673828125,3.4322032350880125,1.187707216311722,0.0,92.85714285714286,92.85714285714286,-0.582090232070879,-0.01657305940802134,1.0174161202933558,0.9899897484904235,0.09381601690032648,0.02689977973568282,1.1792778951411562,0.061874604179860675,0.9026599113362888,0.4347466960352423,3.4876128288841945,1.6042692939244663,50247349.20697417,64425369.883265615,-35070485.58675613,9960683.801934693,306949985.79611003,346265553.8945542,39315568.09844418,346265553.8945542,27107487.672674637,36762969.46396509,438103613.4611387,395458568.8829392,27107487.672674637,27107487.672674637,27107487.672674637,27107487.672674637,27107487.672674637,27107487.672674637,27107487.672674637,27107487.672674637,0.04578030159663577,0.044670476103384,16897093.134758294,16425417.30012629,24641223.306667276,16428749.800880514,24638125.950189434,24638125.950189434,1007721547.872613,718778480.704513,288943067.16809994,288943067.16809994,288943067.16809994,563541639.8359207,573835271.285831,253844835.94401255,253844835.94401255,340744172.0656266,321544191.0323709,0.007287169679965825,0.0,36.04170227050781,2022-11-28,0,0,0,0,0,0,0,1,0,0,0,-12.514563750064035,0
36.22671813964844,35.87910423278809,35.43477439880371,32.663666343688966,36.24300768929756,35.91561433825585,35.211464212399626,34.187373186463255,64.25570826187968,74.12488019806442,74.39389469428137,0.9356252704992798,0.9352742675829392,0.00035100291634060365,33.33892295084106,113.77343106253288,-12.4061388616886,53.196610724568174,3.973518169625856,0.9217767545134803,2.5132200927100565,0.7568972962585931,36.998409260324145,36.22671813964844,35.455027018972736,1.4016761779785156,2.8718868694177955,1.0001586522811508,7.142857142857143,85.71428571428572,78.57142857142857,0.8266652425130158,0.01763007566799568,1.0194149619275843,1.0160496742102474,0.09381601690032648,0.02689977973568282,1.1792778951411562,0.061874604179860675,0.9026599113362888,0.4347466960352423,3.4876128288841945,1.6042692939244663,49376831.923909746,63309223.482782125,-34462902.0164671,9788118.531575702,301632187.506468,340266627.5043587,38634439.997890726,340266627.5043587,26637860.182031926,36126064.21821116,430513625.6645692,388607391.1714443,26637860.182031926,26637860.182031926,26637860.182031926,26637860.182031926,26637860.182031926,26637860.182031926,26637860.182031926,26637860.182031926,0.044987174309470496,0.04389657614439243,16604357.063313657,16140852.843155477,24214322.96062222,16144127.609530712,24211279.264733214,24211279.264733214,990263133.89089,706325901.6128138,283937232.27807623,283937232.27807623,283937232.27807623,553778483.2725184,563893781.2536175,249447065.30748218,249447065.30748218,334840901.63309526,315973553.37724465,0.007160922081810879,0.0,36.677120208740234,2022-11-29,0,0,0,0,0,0,0,1,0,0,0,-14.107016692275057,0
36.55190887451172,35.99777946472168,35.573540115356444,32.75374729156494,36.593293527484185,36.16620540472886,35.40978811634799,34.30919640283165,67.30510222939749,79.0487932153141,75.34021994872664,0.9870814330734419,0.9456357006810397,0.041445732392402124,34.31267994749335,160.1882936882484,-1.1363159884915066,60.34216880206389,3.286754948066406,0.9306914180085537,2.495561704106469,1.0465820434445092,37.46500336736975,36.55190887451172,35.63881438165369,1.1867523193359304,2.563284817332176,0.8983879578419192,0.0,100.0,100.0,0.5625014901175418,0.016815523999897275,1.028851080388702,1.016038724228456,0.09381601690032648,0.02689977973568282,1.1792778951411562,0.061874604179860675,0.9026599113362888,0.4347466960352423,3.4876128288841945,1.6042692939244663,48560265.612068616,62262251.105037734,-33892973.90041675,9626248.12519748,296643963.81353676,334639489.14335525,37995525.329818465,334639489.14335525,26197338.212584782,35528631.65985142,423394033.1389086,382180820.41348094,26197338.212584782,26197338.212584782,26197338.212584782,26197338.212584782,26197338.212584782,26197338.212584782,26197338.212584782,26197338.212584782,0.044243201689626296,0.043170639224423234,16329763.532716615,15873924.485005314,23813880.08846398,15877145.09513364,23810886.72750797,23810886.72750797,973886718.4043801,694645080.5887629,279241637.81561714,279241637.81561714,279241637.81561714,544620405.7684847,554568422.6332431,245321849.85357028,245321849.85357028,329303490.87897,310748160.23095703,0.007042498774646563,0.0,37.29386520385742,2022-11-30,0,0,0,0,0,0,0,1,0,0,0,-15.426744076503706,0
36.822899627685544,36.19307899475098,35.74080677032471,32.8651335144043,36.879769232352736,36.40011726606722,35.604353118799594,34.43247186319472,68.06090857657108,92.10947191732377,81.76104844356739,1.028819527791697,0.9622724661031712,0.06654706168852575,35.37481519860526,177.25860717022354,-4.137890419716719,63.859210150036375,5.5014377758960675,0.8969192892403457,2.3948040993112167,0.45788161525364046,37.834913021105265,36.822899627685544,35.81088623426582,1.9529953002929616,2.5070363547656926,0.8835934859055712,35.714285714285715,100.0,64.28571428571429,0.163268483701941,0.004259559511036848,1.012339503645529,1.002000045776367,0.09381601690032648,0.02689977973568282,1.1792778951411562,0.061874604179860675,0.9026599113362888,0.4347466960352423,3.4876128288841945,1.6042692939244663,48354297.6038108,61998166.22642114,-33749217.10172107,9585418.464808436,295385750.63001597,333220118.2195245,37834367.58950851,333220118.2195245,26086222.395871427,35377937.23083894,421598210.471658,380559803.2838848,26086222.395871427,26086222.395871427,26086222.395871427,26086222.395871427,26086222.395871427,26086222.395871427,26086222.395871427,26086222.395871427,0.044055544476139054,0.042987531276717506,16260500.96119314,15806595.351438982,23712873.69179608,15809802.301373215,23709893.027158473,23709893.027158473,969755985.07477,691698748.6053687,278057236.4694013,278057236.4694013,278057236.4694013,542310402.336279,552216224.7609138,244281319.03769466,244281319.03769466,327906752.55240226,309430124.2024094,0.007012628068061887,0.0,37.45272064208984,2022-12-01,0,0,0,0,0,0,0,1,0,0,0,-15.609900829150018,0
36.92195053100586,36.391181564331056,35.87116184234619,32.99128402709961,36.967960931513154,36.535431277661175,35.751018948421915,34.53881980306293,64.92332769662832,88.46166851043678,86.53997788102483,1.0251960554076263,0.9748571839640622,0.05033887144356408,35.836174168760145,112.66149888599391,-15.517489908580243,61.61781318961046,5.633784786978047,0.8775742746936916,2.3626053724384426,0.6260890855871892,37.943429977013764,36.92195053100586,35.90047108499796,1.9810256958007812,2.1916379922950315,0.7766705048389895,28.571428571428573,92.85714285714286,64.28571428571429,0.22000122070311945,-0.008233749296954862,1.012687135293984,1.0027749902130494,0.09381601690032648,0.02689977973568282,1.1792778951411562,0.061874604179860675,0.9026599113362888,0.4347466960352423,3.4876128288841945,1.6042692939244663,48755740.14495181,62512881.62152298,-34029406.70525626,9664997.632268194,297838074.66791934,335986547.2164542,38148472.54853491,335986547.2164542,26302792.99923684,35671648.642772585,425098363.8259465,383719251.4003303,26302792.99923684,26302792.99923684,26302792.99923684,26302792.99923684,26302792.99923684,26302792.99923684,26302792.99923684,26302792.99923684,0.04442129830986775,0.04334441835084065,16395497.37618755,15937823.393601034,23909740.500835203,15941056.967976004,23906735.090401553,23906735.090401553,977807002.796604,697441305.4638993,280365697.33270466,280365697.33270466,280365697.33270466,546812721.1949841,556800782.8149605,246309368.62847275,246309368.62847275,330629069.4202944,311999046.12912565,0.007070847654969869,0.0,37.144344329833984,2022-12-02,0,0,0,0,0,0,0,1,0,0,0,-14.22653529512229,0
37.09575729370117,36.521070098876955,35.984230041503906,33.13051692962647,36.9488859823369,36.60366851517448,35.86146819942786,34.631836127804945,62.57014216107144,72.25531163566986,84.27548402114341,0.992038590988706,0.978293465368991,0.01374512561971497,36.58338153903986,93.59583196733595,-28.571458167393786,57.237546187780865,3.6473401930044336,0.8969883879604288,2.43015578426688,1.1493718604280119,37.64604458826021,37.09575729370117,36.54546999914213,1.2988853454589844,2.0875595206135427,0.7429459400666047,21.42857142857143,100.0,78.57142857142857,-0.016260540818828193,-0.006289200955473029,1.0314176116040064,0.9994939155482792,0.09381601690032648,0.02689977973568282,1.1792778951411562,0.061874604179860675,0.9026599113362888,0.4347466960352423,3.4876128288841945,1.6042692939244663,49064315.48477831,62908525.98324419,-34244779.00207608,9726167.453912431,299723093.4335187,338113007.8685993,38389914.43508054,338113007.8685993,26469263.516636338,35897414.69758766,427788813.6414409,386147812.5922392,26469263.516636338,26469263.516636338,26469263.516636338,26469263.516636338,26469263.516636338,26469263.516636338,26469263.516636338,26469263.516636338,0.04470244094416577,0.04361874540612539,16499264.56666482,16038693.962997658,24061065.376188826,16041948.00268212,24058040.944496486,24058040.944496486,983995548.540667,701855415.2118536,282140133.32881355,282140133.32881355,282140133.32881355,550273501.8284551,560324777.9437797,247868261.93828642,247868261.93828642,332721622.5668484,313973689.7587498,0.007115599087550052,0.0,36.910736083984375,2022-12-05,0,0,0,0,0,0,0,1,0,0,0,-13.022058452687949,0
37.17612152099609,36.701419830322266,36.09075717926025,33.28582237243652,36.992237769962884,36.690081757,35.97741802283615,34.72780103829161,63.593369133416445,59.61020817944842,73.44239610851828,0.9681733210037962,0.976269436495952,-0.008096115492155831,37.277216954299604,74.9578465399264,-22.727149144417712,56.98439733475905,5.11261406909691,0.8669583232833356,2.3381420607770917,0.4765674824811228,37.54626079777387,37.17612152099609,36.80598224421831,1.803497314453132,2.1801085732842282,0.778586632166153,14.285714285714286,92.85714285714286,78.57142857142857,-0.03921671291689265,0.00455708227675955,1.0129638617070431,0.9994962101415793,0.09381601690032648,0.02689977973568282,1.1792778951411562,0.061874604179860675,0.9026599113362888,0.4347466960352423,3.4876128288841945,1.6042692939244663,48841739.658613935,62623147.14925541,-34089430.66178244,9682045.575617008,298363426.74944556,336579188.8125355,38215762.063089974,336579188.8125355,26349188.09854545,35734569.32504885,425848188.40945,384396087.9923934,26349188.09854545,26349188.09854545,26349188.09854545,26349188.09854545,26349188.09854545,26349188.09854545,26349188.09854545,26349188.09854545,0.04449965236704196,0.043420872915719735,16424417.14638094,15965935.879568994,23951914.530985214,15969175.157596966,23948903.81935349,23948903.81935349,979531741.8005842,698671511.6488419,280860230.1517424,280860230.1517424,280860230.1517424,547777235.8951449,557782915.3061587,246743830.0036769,246743830.0036769,331212261.0422075,312549376.5343329,0.007083319816354324,0.0,37.07894134521485,2022-12-06,0,0,0,0,0,0,0,1,0,0,0,-14.480548500816168,0
36.783651733398436,36.66778030395508,36.10804424285889,33.403749771118164,36.43866393526497,36.44306984952166,35.91590356979167,34.75147614525543,48.699120691791684,39.629843090403064,57.16512096850705,0.7990464128797328,0.9408248317727081,-0.14177841889297538,35.10364570675112,-63.45274280511487,-83.44161243460933,50.647767240937526,-0.9431313728398782,0.9578824069054068,2.711127367694485,2.1398954939923343,38.27758510721945,36.783651733398436,35.28971835957742,-0.336395263671875,1.964879616711144,0.7027525045932919,7.142857142857143,85.71428571428572,78.57142857142857,-0.7868011556395534,-0.04712715670808165,1.0526879179690098,0.9606199386934738,0.09381601690032648,0.02689977973568282,1.1792778951411562,0.061874604179860675,0.9026599113362888,0.4347466960352423,3.4876128288841945,1.6042692939244663,51257352.96419921,65720360.89611847,-35775424.70830911,10160899.897375768,313119876.22470224,353225712.3098874,40105836.08518513,353225712.3098874,27652365.458875,37501928.59059301,446909775.4305386,403407538.2654507,27652365.458875,27652365.458875,27652365.458875,27652365.458875,27652365.458875,27652365.458875,27652365.458875,27652365.458875,0.04670051484866299,0.045568381155362075,17236735.480506524,16755578.660853634,25136527.6065984,16758978.14699785,25133367.991280448,25133367.991280448,1027977393.5172364,733226386.4663416,294751007.0508948,294751007.0508948,294751007.0508948,574869186.1158752,585369726.1212413,258947279.0002532,258947279.0002532,347593347.1857153,328007434.29160935,0.0074336464368985125,0.0,35.33151626586914,2022-12-07,0,0,0,0,0,0,0,1,0,0,0,-10.812199813322147,0
36.29960632324219,36.561252975463866,36.12159385681152,33.498316040039064,35.96994048727951,36.186601438937466,35.831769286126615,34.76249643725752,46.68416013055763,24.910269882903606,41.383440384251635,0.6335799733545713,0.8793758600890808,-0.24579588673450947,33.006592158819416,-104.15467856136874,-94.44438533849821,43.40482632681773,-2.9510780779457457,0.9769000520391158,2.7885541447197477,1.2241294387773323,38.140735975457424,36.29960632324219,34.45847667102695,-1.0652732849121094,1.8519809324658965,0.6627396070040206,0.0,78.57142857142857,78.57142857142857,-0.5114484477692823,-0.008463341123273738,1.0351018591640742,0.9824423959217926,0.09381601690032648,0.02689977973568282,1.1792778951411562,0.061874604179860675,0.9026599113362888,0.4347466960352423,3.4876128288841945,1.6042692939244663,51694864.23453742,66281322.33715952,-36080788.7313392,10247629.077967385,315792536.18259937,356240698.86638707,40448162.683787696,356240698.86638707,27888394.45452405,37822029.326759845,450724409.86380225,406850855.84476084,27888394.45452405,27888394.45452405,27888394.45452405,27888394.45452405,27888394.45452405,27888394.45452405,27888394.45452405,27888394.45452405,0.04709913085973867,0.04595733374798744,17383861.02641264,16898597.25391836,25351082.465346873,16902025.756650746,25347895.880877543,25347895.880877543,1036751777.4701265,739484899.425691,297266878.0444355,297266878.0444355,297266878.0444355,579776028.4194862,590366196.630979,261157544.3853025,261157544.3853025,350560258.23542464,330807168.2021282,0.007497096925614233,0.0,35.032493591308594,2022-12-08,0,0,0,0,0,0,0,1,0,0,0,-8.6223008555072,0
35.97441864013672,36.44818458557129,36.08374881744385,33.61736480712891,35.81942896295522,36.06511134355004,35.80192515547709,34.792139946161406,50.2839760550866,15.409259764681119,26.649790912662535,0.5354829770044489,0.8105972834721544,-0.2751143064677055,30.86088030063701,-103.0423868353432,-73.3747043983084,43.176779659208215,-3.0851622910360477,0.9698629626992182,2.730592597649666,0.8783808012805494,37.6726894379203,35.97441864013672,34.27614784235314,-1.1306838989257812,1.6629900078157307,0.5960108683659513,100.0,71.42857142857143,-28.571428571428573,0.7978735060771434,0.013870332174087618,1.0253027883741588,1.0201288253834022,0.09381601690032648,0.02689977973568282,1.1792778951411562,0.061874604179860675,0.9026599113362888,0.4347466960352423,3.4876128288841945,1.6042692939244663,50987648.61151998,65374555.53613992,-35587182.68633973,10107435.588920858,311472311.75551933,351367120.1942404,39894808.438721046,351367120.1942404,27506865.09853949,37304602.10395581,444558239.4124243,401284900.9718356,27506865.09853949,27506865.09853949,27506865.09853949,27506865.09853949,27506865.09853949,27506865.09853949,27506865.09853949,27506865.09853949,0.046454787525680816,0.04532861085839159,17146039.759478558,16667414.675880633,25004265.003972854,16670796.27471392,25001122.01382095,25001122.01382095,1022568413.8986226,729368318.5698711,293200095.32875156,293200095.32875156,293200095.32875156,571844357.2327898,582289645.8218974,257584758.22572958,257584758.22572958,345764391.27447647,326281534.9303727,0.0073945323062544616,0.0,35.51840591430664,2022-12-09,0,0,0,0,0,0,0,1,0,0,0,-12.052487306057381,0
35.86976089477539,36.48275909423828,36.110847854614256,33.76874546051025,36.00876842769606,36.12371789148235,35.857689174686676,34.854701021103224,56.00524309656332,32.82573920513415,24.38175628423956,0.521849229130062,0.752847672603736,-0.23099844347367393,29.771412179663308,-31.61916553878421,-44.5819987830239,48.745628593392084,0.9592917783820543,0.9820176842343854,2.6987814632747904,1.140029064191559,37.37821461309315,35.86976089477539,34.36130717645763,0.3457450866699219,1.528754679559284,0.548989198146721,92.85714285714286,64.28571428571429,-28.571428571428573,0.8360651124396503,0.024467354896719806,1.032300799733042,1.02689874754791,0.09381601690032648,0.02689977973568282,1.1792778951411562,0.061874604179860675,0.9026599113362888,0.4347466960352423,3.4876128288841945,1.6042692939244663,49769910.5469888,63813214.95864605,-34737253.965430066,9866039.694295406,304033418.21167153,342975418.8991829,38942000.68751139,342975418.8991829,26849918.610937636,36413656.2533187,433940854.52068096,391701013.2668313,26849918.610937636,26849918.610937636,26849918.610937636,26849918.610937636,26849918.610937636,26849918.610937636,26849918.610937636,26849918.610937636,0.04534530778715159,0.04424602759837216,16736540.87416686,16269346.7939356,24407088.117018256,16272647.630040454,24404020.1909034,24404020.1909034,998146411.4117247,711948814.2629994,286197597.1487252,286197597.1487252,286197597.1487252,558186997.8574764,568382821.6084056,251432861.1785757,251432861.1785757,337506499.9600052,318488952.69412106,0.007217928683535192,0.0,36.387447357177734,2022-12-12,0,0,0,0,0,0,0,1,0,0,0,-14.95742471944178,0
35.51280059814453,36.344461059570314,36.1117826461792,33.89115821838379,35.77055890581756,35.97288552249657,35.80401781157943,34.87193391682704,48.45108817536927,38.48900343110528,28.90800080030679,0.4180051053543963,0.685879159153868,-0.2678740537994717,29.50865934832584,-65.06030926138324,-80.80499034703224,42.64001427465759,-3.770689571069763,1.092756388907667,3.09614115311626,2.5323595496603275,36.44077030459324,35.51280059814453,34.58483089169582,-1.3829803466796875,1.1444837039968316,0.41127794216841096,85.71428571428572,57.142857142857146,-28.571428571428573,-0.7490762389658957,-0.030046281740659708,1.0728691314665353,0.9489950045675728,0.09381601690032648,0.02689977973568282,1.1792778951411562,0.061874604179860675,0.9026599113362888,0.4347466960352423,3.4876128288841945,1.6042692939244663,51311634.3698387,65789958.5901521,-35813310.79153844,10171660.264368908,313451469.37246025,353599777.4354428,40148308.062982574,353599777.4354428,27681649.24314324,37541643.03701617,447383051.73923415,403834745.8162954,27681649.24314324,27681649.24314324,27681649.24314324,27681649.24314324,27681649.24314324,27681649.24314324,27681649.24314324,27681649.24314324,0.04674997057439748,0.0456166379544121,17254989.13927762,16773322.775783826,25163147.125018224,16776725.861975173,25159984.16367574,25159984.16367574,1029066018.9467374,734002871.3335402,295063147.61319727,295063147.61319727,295063147.61319727,575477971.1130832,585989631.1634477,259221503.50615916,259221503.50615916,347961447.65101546,328354793.32526815,0.007441518649455093,0.0,35.29413986206055,2022-12-13,0,0,0,0,0,0,0,1,0,0,0,-16.89821292290319,0
35.5744743347168,36.17906303405762,36.08842124938965,33.983668670654296,35.72700092012186,35.912339963630004,35.78838611035572,34.90204964356835,50.715053969455205,41.61387602318651,37.64287288647525,0.3594629628103263,0.6205959198851596,-0.2611329570748333,29.26467457636962,-77.95256889565702,-69.34991351487395,44.04086094013685,-4.43499284959038,1.067432045354627,2.9950490774315766,0.7382155791651073,36.48691190265383,35.5744743347168,34.662036766779764,-1.6539802551269531,0.9765722014943677,0.35119753617506433,78.57142857142857,50.0,-28.571428571428573,0.050634011608257715,0.009796104623067459,1.020971620757301,1.001049892838041,0.09381601690032648,0.02689977973568282,1.1792778951411562,0.061874604179860675,0.9026599113362888,0.4347466960352423,3.4876128288841945,1.6042692939244663,50813856.51511509,65151725.47106419,-35465883.28829678,10072984.256723532,310410654.1285026,350169480.5679936,39758826.43949094,350169480.5679936,27413107.573311675,37177448.85838073,443042956.5840239,399917115.90830225,27413107.573311675,27413107.573311675,27413107.573311675,27413107.573311675,27413107.573311675,27413107.573311675,27413107.573311675,27413107.573311675,0.046296445748172224,0.045174107669428656,17087597.24887084,16610603.565404823,24919037.625334296,16613973.638012318,24915905.348107234,24915905.348107234,1019082975.4991608,726882256.6982726,292200718.80088824,292200718.80088824,292200718.80088824,569895217.9340158,580304903.6143624,256706777.06062284,256706777.06062284,344585848.6262443,325169399.86398053,0.007369327941934211,0.0,35.63988494873047,2022-12-14,0,0,0,0,0,0,0,1,0,0,0,-19.10865521640128,0
35.537095642089845,35.91835098266601,36.055714988708495,34.06403114318848,35.433200656139185,35.718387266274334,35.698596969195535,34.89983593708229,45.74460963945366,22.951518199256835,34.35146588451615,0.2461384157264348,0.5457044190534146,-0.2995660033269798,28.16264499105339,-120.24359003398129,-91.1504769687346,41.65836791800878,-6.961097803362493,1.067945383254483,3.0647926261169873,1.074618775952608,36.54554258413647,35.537095642089845,34.52864870004322,-2.6071205139160085,0.5672411201310542,0.20396220378386687,100.0,42.85714285714286,-57.142857142857146,-0.48999786376952637,-0.022286402486968004,1.0270343323769606,0.9870302308204932,0.09381601690032648,0.02689977973568282,1.1792778951411562,0.061874604179860675,0.9026599113362888,0.4347466960352423,3.4876128288841945,1.6042692939244663,51972128.28416022,66636820.47256766,-36274307.09617809,10302591.96798096,317486281.1748562,358151386.5192267,40665105.34437053,358151386.5192267,28037973.127346512,38024886.789901875,453141858.42456645,409032989.7482803,28037973.127346512,28037973.127346512,28037973.127346512,28037973.127346512,28037973.127346512,28037973.127346512,28037973.127346512,28037973.127346512,0.047351745813840065,0.04620382470320152,17477098.90947188,16989232.4374505,25487052.33180737,16992679.32886744,25483848.656175744,25483848.656175744,1042312368.4598007,743451107.305055,298861261.15474576,298861261.15474576,298861261.15474576,582885641.9544883,593532610.2556608,262558256.03080168,262558256.03080168,352440478.9937999,332581443.779753,0.007537307408508232,0.0,34.84560012817383,2022-12-15,0,0,0,0,0,0,0,1,0,0,0,-19.432748029052284,0
35.40066757202148,35.687543106079104,36.03936233520508,34.15261707305908,35.23422229208107,35.55800150221806,35.616470168697376,34.89734298127376,45.68793844688043,21.044847258875354,28.536747160439504,0.15380174362151422,0.4673238839670345,-0.3135221403455203,26.849635154554143,-115.20804932554657,-85.39945230325088,46.51567516155713,-6.213809417051186,1.0483978848932416,3.0095013570505103,0.7942804061971032,36.55616121358687,35.40066757202148,34.2451739304561,-2.3080787658691406,-0.010326306132891644,-0.003713314349838015,100.0,35.714285714285715,-64.28571428571429,0.3058809273770068,-0.0002678835828525683,1.023129210180166,1.0070231852598122,0.09381601690032648,0.02689977973568282,1.1792778951411562,0.061874604179860675,0.9026599113362888,0.4347466960352423,3.4876128288841945,1.6042692939244663,51986054.49469663,66654676.166032895,-36284026.99132884,10305352.602758747,317571353.3267967,358247355.1042595,40676001.777462795,358247355.1042595,28045486.052633137,38035075.76227114,453263280.2160463,409142592.3318117,28045486.052633137,28045486.052633137,28045486.052633137,28045486.052633137,28045486.052633137,28045486.052633137,28045486.052633137,28045486.052633137,0.04736443396811123,0.046216205265853995,17481781.99186651,16993784.79340718,25493881.724184465,16997232.608437166,25490677.190110773,25490677.190110773,1042591661.6495757,743650319.0169028,298941342.63267297,298941342.63267297,298941342.63267297,583041829.288671,593691650.5021069,262628609.92378768,262628609.92378768,352534917.3105297,332670560.76147944,0.007539327070456164,0.0,34.836265563964844,2022-12-16,0,0,0,0,0,0,0,1,0,0,0,-17.378148201764365,0
34.916622161865234,35.393191528320315,35.95713081359863,34.23634365081787,34.81188829685288,35.26876855752323,35.45939875324015,34.86086758225896,40.64005061380711,9.138493336651505,17.71161959826117,0.010379923065237051,0.375935091786675,-0.36555516872143795,25.14802071529641,-127.56755603043639,-99.75251684655098,43.800674209394245,-7.974687285808657,1.0569452695453267,3.111662538209786,1.1680612700224344,36.04036372222134,34.916622161865234,33.792880601509125,-2.9435157775878906,-0.5726052368447926,-0.2053991219936222,100.0,28.571428571428573,-71.42857142857143,-0.8240020751953203,-0.024946567707513245,1.034397358138453,0.9724450892305424,0.09381601690032648,0.02689977973568282,1.1792778951411562,0.061874604179860675,0.9026599113362888,0.4347466960352423,3.4876128288841945,1.6042692939244663,53316108.40286994,68360024.13664494,-37212347.33364307,10569013.2063116,325696359.6139979,367413049.62331134,41716690.00931347,367413049.62331134,28763024.79823519,39008196.374269836,464859940.18846846,419610432.3943154,28763024.79823519,28763024.79823519,28763024.79823519,28763024.79823519,28763024.79823519,28763024.79823519,28763024.79823519,28763024.79823519,0.048576244541543565,0.047398638613263724,17929050.258060627,17428567.738541692,26146138.129317477,17432103.765302684,26142851.60781254,26142851.60781254,1069266182.8780984,762676479.450441,306589703.42765737,306589703.42765737,306589703.42765737,597958850.2322978,608881145.2170933,269347915.94580734,269347915.94580734,361554460.1301191,341181877.5708778,0.00773221940538187,0.0,33.967220306396484,2022-12-19,0,0,0,0,0,0,0,1,0,0,0,-16.515296031592815,0
34.658715057373044,35.08575782775879,35.893588829040525,34.32474262237549,34.54279364443512,35.038920517900756,35.320846904322,34.82728863156644,40.942333015268915,9.421669961915372,13.201670185814015,-0.09912368780527459,0.2809233358682851,-0.3800470236735597,23.37702523094387,-134.4067451654712,-93.88238344020841,39.68313869929364,-8.291328970243084,1.0228318560576597,3.007921650382311,0.579357480717988,35.902956316782884,34.658715057373044,33.414473797963204,-3.0743370056152415,-1.1068149079762961,-0.39624172601944707,100.0,21.42857142857143,-78.57142857142857,0.2580647146047828,0.0011005914780752857,1.017160224565615,1.0044162254880955,0.09381601690032648,0.02689977973568282,1.1792778951411562,0.061874604179860675,0.9026599113362888,0.4347466960352423,3.4876128288841945,1.6042692939244663,53257493.65920497,68284870.390212,-37171436.76710938,10557393.828633122,325338295.05896443,367009122.51070017,41670827.45173575,367009122.51070017,28731403.260653373,38965311.48450943,464348881.76634264,419149120.4443117,28731403.260653373,28731403.260653373,28731403.260653373,28731403.260653373,28731403.260653373,28731403.260653373,28731403.260653373,28731403.260653373,0.048522840716558914,0.047346529426460525,17909339.391748108,17409407.09345629,26117393.548548408,17412939.23277485,26114110.640184436,26114110.640184436,1068090651.4093454,761838007.0322275,306252644.37711793,306252644.37711793,306252644.37711793,597301465.3297141,608211752.5453767,269051799.8277561,269051799.8277561,361156973.84246063,340806788.52375835,0.007723718746350586,0.0,34.00460433959961,2022-12-20,0,0,0,0,0,0,0,1,0,0,0,-16.468241392319563,0
34.37090530395508,34.97268981933594,35.820235061645505,34.42173847198487,34.428807823503625,34.88654154767164,35.21417921644758,34.80272186882425,42.59482143329967,12.236112538955444,10.265425279174044,-0.1681336782925129,0.1911119330361255,-0.3592456113286384,22.02647081493013,-99.75931984929753,-88.94126218737857,33.593011543565595,-3.2002025492485653,0.9938249132464432,2.905849751650046,0.6167346567006291,35.154719990138304,34.37090530395508,33.58709061777185,-1.1306800842285156,-1.6240334043267297,-0.5807356467613829,92.85714285714286,14.285714285714286,-78.57142857142857,-0.12000274658202877,0.0057707432817413196,1.0136798908464275,0.9983633013218561,0.09381601690032648,0.02689977973568282,1.1792778951411562,0.061874604179860675,0.9026599113362888,0.4347466960352423,3.4876128288841945,1.6042692939244663,52951921.71272597,67893076.87297057,-36958160.70948958,10496819.3787237,323471623.36161643,364903358.9038211,41431735.54220469,364903358.9038211,28566553.016749457,38741742.832336776,461684618.35667753,416744196.67116684,28566553.016749457,28566553.016749457,28566553.016749457,28566553.016749457,28566553.016749457,28566553.016749457,28566553.016749457,28566553.016749457,0.048244434470457113,0.047074872422688464,17806582.17727781,17309518.30697613,25967541.53270521,17313030.180176016,25964277.460464194,25964277.460464194,1061962339.373941,757466860.237371,304495479.13657,304495479.13657,304495479.13657,593874368.80573,604722056.7987844,267508079.37588617,267508079.37588617,359084787.71617204,338851364.2897743,0.0076794028837513925,0.0,34.200836181640625,2022-12-21,0,0,0,0,0,0,0,1,0,0,0,-14.29689598311045,0
34.02889709472656,34.782996368408206,35.67212467193603,34.49406471252441,33.9977249096795,34.56818109937339,35.01621539412222,34.73734293600884,36.60658253499866,17.056142624342183,12.90464170840427,-0.30526465111269374,0.09183661620636165,-0.3971012673190554,21.635415201445408,-152.72499100485942,-93.005695905852,34.215652319778115,-5.414785859685322,1.0262942170878933,3.0972593960076926,1.4483951670267459,35.11843052287962,34.02889709472656,32.9393636665735,-1.8969345092773438,-2.230523667240878,-0.7950603044950029,100.0,7.142857142857143,-92.85714285714286,-0.7161297785259485,-0.031147691651504883,1.0441721068771848,0.9696472349025298,0.09381601690032648,0.02689977973568282,1.1792778951411562,0.061874604179860675,0.9026599113362888,0.4347466960352423,3.4876128288841945,1.6042692939244663,54654276.25701565,70075775.52114321,-38146330.860777356,10834282.261882175,333870932.2094777,376634659.1317258,42763726.92224803,376634659.1317258,29484940.863116674,39987253.47352056,476527345.16746396,430142131.1381801,29484940.863116674,29484940.863116674,29484940.863116674,29484940.863116674,29484940.863116674,29484940.863116674,29484940.863116674,29484940.863116674,0.04979544772174259,0.04858828535273065,18379047.06820681,17866003.061376736,26802373.60116266,17869627.838001225,26799004.592065103,26799004.592065103,1096103431.0628428,781818708.290584,314284722.772259,314284722.772259,314284722.772259,612966871.9250386,624163302.8976244,276108212.85225636,276108212.85225636,370629026.34589136,349745117.3619848,0.007926288473050859,0.0,33.13555908203125,2022-12-22,0,0,0,0,0,0,0,1,0,0,0,-14.277456607471454,0
33.806497955322264,34.603582763671874,35.52588367462158,34.56246650695801,33.90657322876745,34.414742693477024,34.89317296296233,34.69761458035921,41.50114386313526,26.669974006847667,18.65407639004837,-0.3622619643422098,0.001016900096647353,-0.36327886443885715,21.27229213178103,-126.98223252411094,-79.20984240576978,38.99436470896963,-5.051285386207638,1.0143940233277005,3.007905070532047,0.8596915044451947,34.54270492653376,33.806497955322264,33.07029098411077,-1.7941360473632812,-2.4193394155650783,-0.8607107553726578,92.85714285714286,0.0,-92.85714285714286,0.7934793425439066,0.017766737644434594,1.0261511700103643,1.0206447830779342,0.09381601690032648,0.02689977973568282,1.1792778951411562,0.061874604179860675,0.9026599113362888,0.4347466960352423,3.4876128288841945,1.6042692939244663,53700198.911501065,68852491.37079264,-37480425.965840615,10645152.627956312,328042683.9083028,370059901.9412111,42017218.03290834,370059901.9412111,28970234.310622055,39289212.34552121,468208802.215683,422633315.8948783,28970234.310622055,28970234.310622055,28970234.310622055,28970234.310622055,28970234.310622055,28970234.310622055,28970234.310622055,28970234.310622055,0.048926188958573584,0.04774009952927483,18058211.561073523,17554123.553621553,26334495.52811609,17557685.05400314,26331185.33043233,26331185.33043233,1076969201.8032682,768170818.8853377,308798382.9179305,308798382.9179305,308798382.9179305,602266559.9621745,613267539.4189205,271288304.7163574,271288304.7163574,364159107.0304498,343639759.9035814,0.00778792249724708,0.0,33.72426986694336,2022-12-23,0,0,0,0,0,0,0,1,0,0,0,-17.061906892224115,0
33.35609397888184,34.13635807037353,35.30955858230591,34.58451957702637,33.17611562724308,33.92391682633472,34.59050891165109,34.58065716247039,32.327870310262526,21.090176110754484,21.605430913981383,-0.5630572853613529,-0.1117979369949527,-0.4512593483664002,22.10635013840195,-199.61262290554996,-95.36004450513437,33.8491975397505,-12.840271226285282,1.1047985192502645,3.4834984627984733,2.280056966243599,35.147378626317916,33.35609397888184,31.56480933144576,-4.672246932983398,-2.834166010712299,-1.004531921484535,100.0,35.714285714285715,-64.28571428571429,-0.5447172625970366,-0.059573400719293845,1.0365527336244067,0.9806413761390634,0.09381601690032648,0.02689977973568282,1.1792778951411562,0.061874604179860675,0.9026599113362888,0.4347466960352423,3.4876128288841945,1.6042692939244663,57101956.65730228,73214104.56005296,-39854706.35827172,11319493.340680022,348823272.50123423,393502164.04369545,44678891.54246126,393502164.04369545,30805417.81015148,41778074.30752376,497868523.25720763,449405957.0604801,30805417.81015148,30805417.81015148,30805417.81015148,30805417.81015148,30805417.81015148,30805417.81015148,30805417.81015148,30805417.81015148,0.052025526496161656,0.05076430161140623,19202148.870401487,18666128.294380426,28002712.33104026,18669915.405872505,27999192.44157064,27999192.44157064,1145192195.3579342,816832296.6118569,328359898.7460773,328359898.7460773,328359898.7460773,640418465.8566906,652116326.6627972,288473661.7656867,288473661.7656867,387227570.2420372,365408379.7357682,0.008281265654548418,0.0,31.715200424194336,2022-12-27,0,0,0,0,0,0,0,1,0,0,0,-11.778240895016262,0
32.57115592956543,33.61493549346924,34.97969827651978,34.574614448547365,32.14404844916791,33.22500723845887,34.160928452733614,34.404157434256554,27.080876660239305,16.17652882161316,21.312226313071708,-0.8444091412353387,-0.2583201778430299,-0.5860889633923088,23.685471897884135,-217.8950923097647,-100.0,28.17965091444548,-14.773630380062064,1.1426905058164427,3.7988489670643526,1.6352863311767614,35.570225933474795,32.57115592956543,29.57208592565606,-5.214225769042972,-3.5337539560514366,-1.24497277920063,100.0,28.571428571428573,-71.42857142857143,-0.9071421954103774,-0.05156159536451366,1.0434918168874132,0.9620442171992459,0.09381601690032648,0.02689977973568282,1.1792778951411562,0.061874604179860675,0.9026599113362888,0.4347466960352423,3.4876128288841945,1.6042692939244663,60206288.967440434,77194369.399446,-42021396.6067613,11934874.510939324,367786954.6365508,414894801.9401748,47107847.30362402,414894801.9401748,32480145.953169134,44049327.930347085,524935009.8265513,473837789.4273487,32480145.953169134,32480145.953169134,32480145.953169134,32480145.953169134,32480145.953169134,32480145.953169134,32480145.953169134,32480145.953169134,0.0548538800642058,0.053524089032346275,20246068.460061416,19680907.271521114,29525072.154582936,19684900.268297255,29521360.90728167,29521360.90728167,1207450256.9284575,861239161.7838277,346211095.14462984,346211095.14462984,346211095.14462984,675234641.2024752,687568453.0229725,304156453.7620721,304156453.7620721,408279091.55667365,385273706.7055037,0.008731474404741297,0.0,30.079914093017575,2022-12-28,0,0,0,0,0,0,0,1,0,0,0,-5.34964628346858,0
31.969371032714843,33.17013816833496,34.67460060119629,34.57592273712158,31.82666953190784,32.85535350371866,33.87816495222448,34.278187013202874,34.82718295371203,11.757000056783866,16.341234996383776,-0.9665122491499858,-0.3999585921044211,-0.5665536570455647,25.151799245974733,-148.96835654498733,-84.56545659667185,37.058551654896874,-12.48032438303709,1.1531798731600529,3.6970477614446153,1.2895416486269866,34.60432951102761,31.969371032714843,29.33441255440208,-4.447973251342773,-4.336211172826411,-1.5208751482841336,92.85714285714286,21.42857142857143,-71.42857142857143,0.7573545086335502,0.03696811104351694,1.0422229322883518,1.0318393398014565,0.09381601690032648,0.02689977973568282,1.1792778951411562,0.061874604179860675,0.9026599113362888,0.4347466960352423,3.4876128288841945,1.6042692939244663,58059923.27657398,74442375.39934002,-40523325.798779406,11509393.957090037,354675279.5189055,400103723.0765562,45428443.55765065,400103723.0765562,31322222.551746424,42478960.98368886,506220976.5527902,456945381.81171113,31322222.551746424,31322222.551746424,31322222.551746424,31322222.551746424,31322222.551746424,31322222.551746424,31322222.551746424,31322222.551746424,0.05289832877214084,0.05161594504433137,19524292.255899254,18979279.17158023,28472497.6979971,18983129.817259315,28468918.757370345,28468918.757370345,1164404424.8510032,830535821.3158065,333868603.5351968,333868603.5351968,333868603.5351968,651162397.3884561,663056506.463889,293313218.14322215,293313218.14322215,393723864.030704,371538625.53960013,0.008420195675983403,0.0,31.191911697387695,2022-12-29,0,0,0,0,0,0,0,1,0,0,0,-7.270796637670915,0
31.634839630126955,32.83186836242676,34.37510967254639,34.58620178222656,31.705413710969157,32.60218051560469,33.648139915735655,34.16778368206126,36.594897468917424,21.531132138977743,16.48822033912486,-1.0295452271334966,-0.5258759191102362,-0.5036693080232604,26.1168412242582,-102.92537099680551,-80.80410617872722,38.302367597537526,-9.70767628234076,1.1215370112103569,3.564633067691873,0.7101798058643105,34.00392682585409,31.634839630126955,29.265752434399822,-3.3826980590820312,-4.807542637010018,-1.6784138312706602,85.71428571428572,14.285714285714286,-71.42857142857143,0.6842076203765531,0.008687841076659542,1.022953739278869,1.0156861725228117,0.09381601690032648,0.02689977973568282,1.1792778951411562,0.061874604179860675,0.9026599113362888,0.4347466960352423,3.4876128288841945,1.6042692939244663,57559852.42629832,73801202.28264202,-40174297.883402035,11410263.402010545,351620456.8703138,396657624.67156434,45037167.80125054,396657624.67156434,31052443.854496665,42113089.15783837,501860888.9073719,453009705.4842794,31052443.854496665,31052443.854496665,31052443.854496665,31052443.854496665,31052443.854496665,31052443.854496665,31052443.854496665,31052443.854496665,0.052442714800327014,0.05117137625971303,19356129.280847974,18815810.401087027,28227263.716796614,18819627.88110639,28223715.601630542,28223715.601630542,1154375394.8775015,823382405.8286495,330992989.04885185,330992989.04885185,330992989.04885185,645553927.4602679,657345592.4244627,290786907.7019345,290786907.7019345,390332715.43200976,368338558.6793878,0.008347672424598478,0.0,31.462902069091797,2022-12-30,0,0,0,0,0,0,0,1,0,0,0,-5.638393023312489,0
30.982593154907228,32.394545555114746,34.041044330596925,34.58227703094482,31.291288304261013,32.213245420193786,33.3447968276508,34.02249951769983,33.034596985156114,27.526327847822415,20.271486681194613,-1.146958606700025,-0.650092456628194,-0.496866150071831,27.549559541860784,-106.96651161192419,-93.5897451195116,35.75320370474165,-12.553664987684133,1.1729176362909215,3.8502977145448045,1.840865762338261,32.21417486737905,30.982593154907228,29.75101144243541,-4.373228073120117,-5.456339552521348,-1.8930974251184765,100.0,7.142857142857143,-92.85714285714286,-0.619289576007312,-0.031779159343006236,1.0613707574563074,0.9639266341894784,0.05043510807523159,0.01523933387995137,0.8824740338729298,0.02263374485596708,0.9063995968757873,0.6733014786960333,3.3095349490034622,0.839563862928349,-5120960.1159071475,124413069.48261596,-122968696.11659087,-99530455.58609277,409676809.2725718,311590727.0525041,-98086082.22006768,311590727.0525041,17693573.73380739,23897813.874233358,781734257.693672,708563616.0375371,17693573.73380739,18415760.416819934,17693573.73380739,17693573.73380739,17693573.73380739,17693573.73380739,18415760.416819934,17693573.73380739,0.029872267342791695,0.02855920064640525,21074720.477002494,19466213.773929093,29153745.23196876,19499034.56536529,29150080.65977915,29150080.65977915,1161046399.612307,810227805.0052578,350818594.6070493,350818594.6070493,350818594.6070493,610116440.4759631,610116440.4759631,309260033.6664182,309260033.6664182,309588300.34051484,300823580.14213526,0.008522295259559193,0.0,30.463037490844727,2023-01-03,0,0,0,0,0,0,0,1,0,0,0,-1.3632989708795187,0
30.922788619995117,32.139441299438474,33.766316413879395,34.59199535369873,31.332918119385273,32.06832402554652,33.161118820220615,33.920290820912925,39.11556491938658,44.3315819137329,31.129680633510958,-1.1498444121356428,-0.7500428477296838,-0.39980156440595904,28.879940836777468,-71.83148256838415,-76.10058915643224,40.869747609357404,-7.510307095344803,1.1845852513610957,3.7706218140267054,1.3362642472733626,32.028913810345735,30.922788619995117,29.816663429644503,-2.5510425567626953,-5.733201608946921,-1.977616774730194,92.85714285714286,0.0,-92.85714285714286,0.6541355108690355,0.03128841827002704,1.0406727212638103,1.0265648528819775,0.05043510807523159,0.01523933387995137,0.8824740338729298,0.02263374485596708,0.9063995968757873,0.6733014786960333,3.3095349490034622,0.839563862928349,-4965594.517678665,120638482.1923214,-119237929.89246333,-96510785.75385714,397247561.41429317,302137327.9602941,-95110233.45399904,302137327.9602941,17156765.673261542,23172774.41583377,758017101.5641009,687066395.2826537,17156765.673261542,17857041.823190585,17156765.673261542,17156765.673261542,17156765.673261542,17156765.673261542,17857041.823190585,17156765.673261542,0.028965968019792215,0.02769273865628486,20435331.284292966,18875625.313996464,28269245.262032315,18907450.350382745,28265691.86986317,28265691.86986317,1125821233.9472866,785646178.7522103,340175055.1950762,340175055.1950762,340175055.1950762,591606023.7536901,591606023.7536901,299877345.8400686,299877345.8400686,300195653.18094546,291696847.1795339,0.008263736030174017,0.0,31.41617774963379,2023-01-04,0,0,0,0,0,0,0,1,0,0,0,-2.1917021454211425,0
31.173220825195312,31.872188377380372,33.47897310256958,34.58844425201416,31.332637119263033,31.93446058799598,32.986924182010895,33.81879216593668,38.780924928984874,55.91060308372397,42.5895042817597,-1.1457107725444118,-0.8291764326926294,-0.31653433985178236,30.11529489634296,-58.16482484530703,-75.72154941616448,37.90763633336968,-7.85931573821842,1.1393523816409792,3.6363770267785194,0.5513250752794647,31.906917053321763,31.173220825195312,30.43952459706886,-2.6725292205810547,-6.086599935422797,-2.0884931393158723,85.71428571428572,0.0,-85.71428571428572,0.47457407946206337,-0.0026770484711882148,1.0177443654913652,1.008421015918703,0.05043510807523159,0.01523933387995137,0.8824740338729298,0.02263374485596708,0.9063995968757873,0.6733014786960333,3.3095349490034622,0.839563862928349,-4978923.33678557,120962304.1437007,-119557992.43332529,-96769843.31496057,398313866.9428456,302948335.3382605,-95365531.60458516,302948335.3382605,17202818.45209886,23234975.571665995,760051797.0654588,688910642.4648496,17202818.45209886,17904974.307286568,17202818.45209886,17202818.45209886,17202818.45209886,17202818.45209886,17904974.307286568,17202818.45209886,0.029043719464582493,0.027767072455150296,20490184.50138677,18926291.914832328,28345126.539701056,18958202.377072766,28341563.609394785,28341563.609394785,1128843201.9151847,787755037.1701374,341088164.74504733,341088164.74504733,341088164.74504733,593194032.9326706,593194032.9326706,300682286.8965183,300682286.8965183,301001448.64887637,292479829.86091644,0.008285917833843498,0.0,31.332075119018555,2023-01-05,0,0,0,0,0,0,0,1,0,0,0,-4.4909210921924965,0
31.49093360900879,31.730152320861816,33.35142107009888,34.59704113006592,31.81524995166038,32.08828150226127,32.96726241386272,33.778073869878575,47.164309488286115,82.69869480735913,60.98029326827194,-1.013873712983191,-0.8661158887507417,-0.1477578242324492,29.555864813877438,-17.836603089067474,-45.81816090785167,51.995336968437265,-4.1529995279706355,1.2114866531530362,3.695756789278849,2.149232182809776,32.97446972094957,31.49093360900879,30.00739749706801,-1.4203605651855469,-5.964089060491556,-2.037517584287201,78.57142857142857,0.0,-78.57142857142857,0.904348922181808,0.04622740408781123,1.0700578467493391,1.0630303585168088,0.05043510807523159,0.01523933387995137,0.8824740338729298,0.02263374485596708,0.9063995968757873,0.6733014786960333,3.3095349490034622,0.839563862928349,-4758930.340891437,115617602.51268299,-114275340.1088418,-92494082.0101464,380714427.271315,289562607.66500974,-91151819.60630521,289562607.66500974,16442714.447054388,22208341.590826705,726469020.1153121,658471226.975267,16442714.447054388,17113845.648974974,16442714.447054388,16442714.447054388,16442714.447054388,16442714.447054388,17113845.648974974,16442714.447054388,0.02776042698853338,0.02654018843958686,19584828.71059168,18090036.488132194,27092701.28936712,18120536.99128835,27089295.786612794,27089295.786612794,1078965430.9422386,752948196.6274515,326017234.3147871,326017234.3147871,326017234.3147871,566983841.7680016,566983841.7680016,287396684.2406297,287396684.2406297,287701743.87786627,279556651.5636483,0.007919805772118784,0.0,32.78047561645508,2023-01-06,0,0,0,0,0,0,0,1,0,0,0,-8.62456440873923,0
31.887823867797852,31.7613317489624,33.272164058685306,34.623647956848146,32.35928442211929,32.335385476947785,33.01298536140314,33.765104438237735,50.52378396062408,87.64268851110656,75.41732880072983,-0.8458302282664789,-0.8620587566538892,0.01622852838741029,28.00126175606231,52.06710807168024,-32.72015919372715,59.113653905943764,0.9409658072585314,1.19405499174654,3.5699535888124947,0.9674433934620907,34.04008451063905,31.887823867797852,29.735563224956657,0.3117942810058594,-5.691617148432773,-1.9360124025589371,71.42857142857143,0.0,-71.42857142857143,0.49504845788356305,0.020343748345349688,1.0289233158416564,1.0142409567447452,0.05043510807523159,0.01523933387995137,0.8824740338729298,0.02263374485596708,0.9063995968757873,0.6733014786960333,3.3095349490034622,0.839563862928349,-4664046.159550448,113312403.4916423,-111996903.29279473,-90649922.79331385,373123692.7640359,283789270.1695696,-89334422.59446628,283789270.1695696,16114877.43588264,21765548.744568758,711984584.8944511,645342540.7301053,16114877.43588264,16772627.53530642,16114877.43588264,16114877.43588264,16114877.43588264,16114877.43588264,16772627.53530642,16114877.43588264,0.02720693593071095,0.026011026659031346,19194343.810457613,17729354.9526501,26552523.434678033,17759247.3327481,26549185.831287168,26549185.831287168,1057452875.7508962,737935816.0898985,319517059.6609977,319517059.6609977,319517059.6609977,555679243.0859271,555679243.0859271,281666531.21233827,281666531.21233827,281965508.5302582,273982814.1417968,0.0077618996391774974,0.0,33.44735336303711,2023-01-09,0,0,0,0,0,0,0,1,0,0,0,-10.841680045775428,0
32.597398376464845,31.789995765686037,33.196789264678955,34.644332008361815,32.90982629280609,32.6400263055354,33.108025806429474,33.774743873372714,53.23014677635726,96.51003285253019,88.95047205699858,-0.6595770487731585,-0.8215624150777431,0.1619853663045846,26.25900252178685,77.88550406477151,-13.19696307686248,61.226059166237725,0.8499521809285815,1.17786884583951,3.4632088487364667,0.9674489490481193,34.74221185583028,32.597398376464845,30.452584897099417,0.2866401672363281,-5.369873335446493,-1.8194622504405515,64.28571428571429,0.0,-64.28571428571429,0.699024847319908,0.016849066203407537,1.029253127542635,1.0202873308524727,0.05043510807523159,0.01523933387995137,0.8824740338729298,0.02263374485596708,0.9063995968757873,0.6733014786960333,3.3095349490034622,0.839563862928349,-4586763.478049422,111434830.65261096,-110141128.13316111,-89147864.52208877,366941078.24395376,279086916.2413148,-87854162.00263892,279086916.2413148,15847855.863260502,21404896.2308973,700187086.3222368,634649292.7801075,15847855.863260502,16494707.12298542,15847855.863260502,15847855.863260502,15847855.863260502,15847855.863260502,16494707.12298542,15847855.863260502,0.026756120288621628,0.025580027089121774,18876295.85197262,17435581.682585303,26112551.328602534,17464978.74955573,26109269.028896708,26109269.028896708,1039931009.3277564,725708308.7513835,314222700.57637286,314222700.57637286,314222700.57637286,546471705.1476061,546471705.1476061,276999350.8122026,276999350.8122026,277293374.11207753,269442952.00541604,0.00763328589970385,0.0,34.01091003417969,2023-01-10,0,0,0,0,0,0,0,1,0,0,0,-12.291257185593683,0
33.071261978149415,31.997025299072266,33.0666916847229,34.642940254211425,33.20171611455627,32.84829347872108,33.17254675420349,33.775165515909336,52.004793206751096,93.06910367548369,92.40727501304009,-0.5241174110970661,-0.7620734142816077,0.23795600318454158,24.465902988343263,83.67209472767985,-18.070230997603854,59.99949912471304,6.5277699846505,1.1588130845879143,3.4299129214689077,0.9110881883171729,34.99871433407853,33.071261978149415,31.143809622220303,2.0702953338623047,-4.847230512027322,-1.6361143772418671,57.142857142857146,7.142857142857143,-50.0,0.3711356423456153,-0.006627704930462386,1.0273624086073343,1.0101095367644255,0.05043510807523159,0.01523933387995137,0.8824740338729298,0.02263374485596708,0.9063995968757873,0.6733014786960333,3.3095349490034622,0.839563862928349,-4617366.0175698185,112178315.4268565,-110875981.42190091,-89742652.3414852,369389281.4055855,280948963.0690559,-88440318.33652961,280948963.0690559,15953591.560705977,21547708.08199249,704858681.6821004,638883624.9310547,15953591.560705977,16604758.563183771,15953591.560705977,15953591.560705977,15953591.560705977,15953591.560705977,16604758.563183771,15953591.560705977,0.02693463510249061,0.02575069509798553,19002237.072306562,17551910.56678784,26286772.298974387,17581503.768768944,26283468.100012816,26283468.100012816,1046869350.483506,730550179.7798607,316319170.7036452,316319170.7036452,316319170.7036452,550117723.0932863,550117723.0932863,278847469.56105936,278847469.56105936,279143454.56218565,271240655.0321142,0.00768421460673967,0.0,33.78549575805664,2023-01-11,0,0,0,0,0,0,0,1,0,0,0,-10.08497555231004,0
33.74979934692383,32.46151008605957,33.038222789764404,34.65809108734131,33.70939806400106,33.18946956675191,33.320376774078454,33.812404592261544,56.49845516359908,95.35690598783924,94.97868083861766,-0.3370879987305031,-0.6770763311713868,0.33998833244088367,23.201972587551506,122.07702470005493,-0.9833245914566004,68.63760466031404,15.441692604272617,1.1464856441988407,3.3016371585903386,0.9862289191408848,35.03075748673028,33.74979934692383,32.46884120711738,4.64484786987305,-4.361999545230971,-1.468664108178551,50.0,100.0,50.0,0.5164849445192059,0.027800870869565397,1.0252007707568755,1.0128767457726884,0.05043510807523159,0.01523933387995137,0.8824740338729298,0.02263374485596708,0.9063995968757873,0.6733014786960333,3.3095349490034622,0.839563862928349,-4492471.400285272,109144016.71205886,-107876909.39402968,-87315213.36964709,359397712.0228218,273349605.97120386,-86048106.0516179,273349605.97120386,15522064.645857446,20964866.534664605,685793037.9897017,621602533.1740872,15522064.645857446,16155618.304872036,15522064.645857446,15522064.645857446,15522064.645857446,15522064.645857446,16155618.304872036,15522064.645857446,0.026206083168330754,0.025054167424667862,18488247.685789388,17077150.89980235,25575744.333369367,17105943.638570968,25572529.509316165,25572529.509316165,1018552698.4403192,710789609.6271864,307763088.8131327,307763088.8131327,307763088.8131327,535237650.29296196,535237650.29296196,271304955.52620226,271304955.52620226,271592934.46211797,263903896.87316817,0.007476365144776031,0.0,34.724761962890625,2023-01-12,0,0,0,0,0,0,0,1,0,0,0,-11.048592490646925,0
34.14241333007813,32.81667346954346,32.99340581893921,34.662590980529785,34.05411388674289,33.47202883320185,33.455916655806845,33.848919923240565,56.585995153285886,95.15042453077679,94.52547806469987,-0.18521512027712816,-0.578704088992535,0.39348896871540684,21.809531670174007,107.05659630806097,-0.5900265056037661,72.57642206261642,11.38639359233733,1.1397352254396305,3.2804229043995035,1.051979781569898,35.17325045879719,34.14241333007813,33.111576201359064,3.551633834838867,-3.354643884359622,-1.1264790999583738,42.85714285714286,92.85714285714286,50.0,0.8571462631258011,0.000540927231006183,1.0311977405092143,1.026644544315709,0.05043510807523159,0.01523933387995137,0.8824740338729298,0.02263374485596708,0.9063995968757873,0.6733014786960333,3.3095349490034622,0.839563862928349,-4490042.613966999,109085009.65983927,-107818587.38410498,-87268007.72787142,359203409.11735994,273201823.66522276,-86001585.45213713,273201823.66522276,15513672.87774495,20953532.198512662,685422274.4167315,621266473.2210107,15513672.87774495,16146884.015612092,15513672.87774495,15513672.87774495,15513672.87774495,15513672.87774495,16146884.015612092,15513672.87774495,0.026191915248140827,0.025040622270200572,18478252.29594111,17067918.3979643,25561917.196281172,17096695.570376728,25558704.110273685,25558704.110273685,1018002033.419223,710405332.038035,307596701.3811879,307596701.3811879,307596701.3811879,534948282.19994,534948282.19994,271158278.6293788,271158278.6293788,271446101.8738639,263761221.24611267,0.00747232316169899,0.0,34.74354553222656,2023-01-13,0,0,0,0,0,0,0,1,0,0,0,-12.374108073377009,0
34.41104507446289,33.14943447113037,32.99065141677856,34.67625347137451,34.29957995281557,33.71175306079441,33.58302098239295,33.88584510605313,56.819975800772326,98.0832455224483,96.19685868035474,-0.060369064629412605,-0.4750370841199105,0.4146680194904979,20.59656196481501,105.65410694334666,-1.161682364836498,74.37644525762595,10.57629715326891,1.1026053645742113,3.1692702938133523,0.6199171733237634,35.26164018391283,34.41104507446289,33.56044996501295,3.3276100158691406,-2.1249854464632896,-0.7131214141845703,35.714285714285715,100.0,64.28571428571429,0.07575643730312877,0.0013518065590285566,1.0181119613689655,1.0013516959932893,0.05043510807523159,0.01523933387995137,0.8824740338729298,0.02263374485596708,0.9063995968757873,0.6733014786960333,3.3095349490034622,0.839563862928349,-4483981.138852936,108937746.89905532,-107673034.27014808,-87150197.51924425,358718491.10823494,272833006.2178979,-85885484.89033702,272833006.2178979,15492729.704113672,20925245.314647038,684496966.927204,620427774.8855169,15492729.704113672,16125086.018567292,15492729.704113672,15492729.704113672,15492729.704113672,15492729.704113672,16125086.018567292,15492729.704113672,0.0261565566433088,0.025006817889756762,18453306.994510163,17044877.02140892,25527409.07725553,17073615.3451668,25524200.32885518,25524200.32885518,1016627749.3595482,709446297.8792832,307181451.48026496,307181451.48026496,307181451.48026496,534226111.8379531,534226111.8379531,270792219.93034303,270792219.93034303,271079654.6187311,263405148.43877122,0.007462235662585289,0.0,34.79051208496094,2023-01-17,0,0,0,0,0,0,0,1,0,0,0,-12.573831232996394,0
34.42795257568359,33.51267547607422,32.953610515594484,34.66741756439209,34.23153581530478,33.78151569342874,33.63182351171584,33.89406480935627,52.325446985098466,77.66911682914095,90.30092896078862,-0.017313981123251665,-0.38349246352057875,0.3661784823973271,19.46258543615562,79.53204665055851,-24.416809656632566,64.6538776618306,11.923991658842791,1.1519908943539439,3.378723487916931,1.7940027814904695,35.248905429582656,34.42795257568359,33.606999721784526,3.6324100494384766,-1.29798013610127,-0.43511986121153257,28.571428571428573,100.0,71.42857142857143,-0.6963360928309643,-0.019978566080899762,1.053351952182023,0.9646558120302147,0.05043510807523159,0.01523933387995137,0.8824740338729298,0.02263374485596708,0.9063995968757873,0.6733014786960333,3.3095349490034622,0.839563862928349,-4575390.8880559085,111158535.0367429,-109868040.17088097,-88926828.02939431,366031271.0444727,278394937.88094026,-87636333.16353239,278394937.88094026,15808562.106808554,21351824.144260906,698451016.7189962,633075719.9915819,15808562.106808554,16453809.539739516,15808562.106808554,15808562.106808554,15808562.106808554,15808562.106808554,16453809.539739516,15808562.106808554,0.026689780180326132,0.025516603029542565,18829493.270076238,17392351.26036637,26047806.908846434,17421675.439168207,26044532.74739517,26044532.74739517,1037352566.1515988,723908960.8909996,313443605.2605993,313443605.2605993,313443605.2605993,545116763.1115841,545116763.1115841,276312548.4382994,276312548.4382994,276605842.7259953,268774885.244515,0.007614359650016889,0.0,34.0954475402832,2023-01-18,0,0,0,0,0,0,0,1,0,0,0,-12.287152588237282,0
34.518122863769534,33.79469242095947,32.967066860198976,34.659157066345216,34.23313960969863,33.864212330711936,33.68939719617017,33.90748764814569,53.13473606307527,56.933280205549124,77.56188085237942,0.027855803259583922,-0.3012228101645462,0.32907861342413014,18.481843606475653,57.689884732738165,-21.819103569315025,67.5558387857412,8.97680638086349,1.1334419764210515,3.3106393326656174,0.892306043293452,35.10174119054951,34.518122863769534,33.93450453698956,2.820169448852539,-0.4621247375091182,-0.15468948315351838,21.42857142857143,92.85714285714286,71.42857142857143,0.47368463320711973,0.004132506488927934,1.026588322841047,1.0125000211927626,0.05043510807523159,0.01523933387995137,0.8824740338729298,0.02263374485596708,0.9063995968757873,0.6733014786960333,3.3095349490034622,0.839563862928349,-4556560.870690584,110701062.17895713,-109415878.34363416,-88560849.74316572,364524869.65524673,277249203.747404,-87275665.90784273,277249203.747404,15743501.98270657,21263950.729889393,695576542.1450357,630470297.3965144,15743501.98270657,16386093.90036806,15743501.98270657,15743501.98270657,15743501.98270657,15743501.98270657,16386093.90036806,15743501.98270657,0.02657993841236174,0.025411589471159027,18752000.506303556,17320773.05333023,25940607.181342803,17349976.548498787,25937346.49470025,25937346.49470025,1033083342.5349697,720929714.1691346,312153628.3658351,312153628.3658351,312153628.3658351,542873335.529841,542873335.529841,275175384.3767692,275175384.3767692,275467471.61206985,267668742.42954174,0.007583022759258563,0.0,34.23634719848633,2023-01-19,0,0,0,0,0,0,0,1,0,0,0,-10.882885769828206,0
34.535029602050784,34.1424144744873,33.00730142593384,34.65637500762939,34.42519162456471,34.036045662272834,33.79605419218224,33.94285266799476,56.37751781450101,47.048699596808625,60.55036554383286,0.10863308033917463,-0.21925163206380205,0.3278847124029767,17.247825311786514,76.68942006065987,-11.255900575361759,66.73439359560209,11.097957993748242,1.0967616305010535,3.1507722574836667,0.6199171335410796,35.14587532846815,34.535029602050784,33.92418387563342,3.4772205352783203,0.8026760649275744,0.26819683955265816,14.285714285714286,85.71428571428572,71.42857142857143,0.36363899083893836,0.01673509304274945,1.0181069913195493,1.0065182422720262,0.05043510807523159,0.01523933387995137,0.8824740338729298,0.02263374485596708,0.9063995968757873,0.6733014786960333,3.3095349490034622,0.839563862928349,-4481561.521648982,108878962.60929258,-107614932.43651979,-87103170.08743405,358524921.7319186,272685781.8172573,-85839139.91466127,272685781.8172573,15484369.616466675,20913953.767695248,684127603.0548004,620092983.6204697,15484369.616466675,16116384.70285307,15484369.616466675,15484369.616466675,15484369.616466675,15484369.616466675,16116384.70285307,15484369.616466675,0.026142442209619064,0.024993323870734708,18443349.339093886,17035679.373960555,25513634.140148744,17064402.190128095,25510427.123232666,25510427.123232666,1016079163.2000183,709063471.0085908,307015692.19142735,307015692.19142735,307015692.19142735,533937836.16261524,533937836.16261524,270646096.76573753,270646096.76573753,270933376.3504586,263263011.43840557,0.007458208938736541,0.0,34.809295654296875,2023-01-20,0,0,0,0,0,0,0,1,0,0,0,-13.027925990087944,0
34.47867202758789,34.31054267883301,33.02034749984741,34.64589466094971,34.437380303013846,34.113447843661795,33.85945452244223,33.963201883364064,53.9394564116135,50.673347846275476,51.5517758828777,0.14295830835273193,-0.14680964398049526,0.28976795233322716,16.20479456871803,67.74677522694174,-17.663308337032337,64.66294938989631,5.128912902694638,1.063372350886319,3.085659069918232,0.6293117158947723,35.05307580906927,34.47867202758789,33.90426824610651,1.6812820434570312,1.659665158084983,0.5540098654918211,7.142857142857143,78.57142857142857,71.42857142857143,-0.6716409412595218,-0.009984057070165586,1.0183411444301034,0.9878836626188833,0.05043510807523159,0.01523933387995137,0.8824740338729298,0.02263374485596708,0.9063995968757873,0.6733014786960333,3.3095349490034622,0.839563862928349,-4526756.921091931,109976979.04447703,-108700201.45134854,-87981583.23558162,362140553.68735445,275435748.0449013,-86704805.64245313,275435748.0449013,15640525.515824042,21124865.631762344,691026854.608226,626346462.4472393,15640525.515824042,16278914.31238829,15640525.515824042,15640525.515824042,15640525.515824042,15640525.515824042,16278914.31238829,15640525.515824042,0.02640608203970293,0.025245375136858844,18629345.790647563,17207479.83466356,25770932.601998486,17236492.31307127,25767693.243138682,25767693.243138682,1026326061.1673108,716214194.3999425,310111866.7673684,310111866.7673684,310111866.7673684,539322462.406504,539322462.406504,273375493.2923531,273375493.2923531,273665670.0180641,265917951.44157982,0.007533423064546676,0.0,34.46175765991211,2023-01-23,0,0,0,0,0,0,0,1,0,0,0,-11.082170874888185,0
34.41104278564453,34.41104393005371,33.08618783950806,34.639711952209474,34.442375493757275,34.17506930394949,33.915922270328124,33.98238478500642,53.87165643607458,54.54518422108276,50.75574388805558,0.16747293655675577,-0.08395312787304506,0.2514260644298008,15.09825889934026,57.58398156571614,-19.892752924628244,62.15037988496235,3.0047594537560007,1.0249880118386308,2.975087445518913,0.5259916042186816,34.89519470450017,34.41104278564453,33.926890866788895,1.0050125122070312,2.578983333923377,0.8597079056959913,0.0,71.42857142857143,71.42857142857143,0.33928242995620944,-0.00027252773235342254,1.0153762054213533,1.0052068681274167,0.05043510807523159,0.01523933387995137,0.8824740338729298,0.02263374485596708,0.9063995968757873,0.6733014786960333,3.3095349490034622,0.839563862928349,-4527990.924190617,110006958.9915541,-108729833.34626956,-88005567.19324328,362239273.9352494,275510832.38729066,-86728441.54795875,275510832.38729066,15644789.15473553,21130624.312889546,691215229.9274062,626517205.7606056,15644789.15473553,16283351.977377797,15644789.15473553,15644789.15473553,15644789.15473553,15644789.15473553,16283351.977377797,15644789.15473553,0.026413280391111935,0.025252257077216903,18634424.188015234,17212170.62849382,25777957.81038525,17241191.015761867,25774717.568469666,25774717.568469666,1026605839.728833,716409435.8389283,310196403.8899047,310196403.8899047,310196403.8899047,539469482.8013257,539469482.8013257,273450016.00512695,273450016.00512695,273740271.8336007,265990441.2133514,0.007535476690921456,0.0,34.45236587524414,2023-01-24,0,0,0,0,0,0,0,1,0,0,0,-11.715752931329867,0
34.51811828613281,34.473035430908205,33.13151559829712,34.60682231903076,34.50519201007972,34.25793398372679,33.9840082486516,34.007813814720855,55.028399061363146,58.0047973765106,54.40777648128957,0.1990070895463063,-0.027361084389174783,0.2263681739354811,14.17489516980675,51.41111818273233,-16.6388827194542,61.1514778820825,1.8226945645439363,0.9947127815741303,2.872333478474559,0.6011347881356244,34.90218277891896,34.51811828613281,34.13405379334666,0.6199150085449219,3.0670859392544094,1.0221642714280321,0.0,64.28571428571429,64.28571428571429,0.7031226717052188,0.005179881350578119,1.017650392552987,1.0123558700044955,0.05043510807523159,0.01523933387995137,0.8824740338729298,0.02263374485596708,0.9063995968757873,0.6733014786960333,3.3095349490034622,0.839563862928349,-4504657.333677159,109440072.40151557,-108169528.02535023,-87552057.92121246,360372586.6941727,274091073.1491256,-86281513.5450471,274091073.1491256,15564168.608025566,21021734.22382674,687653267.5909477,623288644.534753,15564168.608025566,16199440.796108242,15564168.608025566,15564168.608025566,15564168.608025566,15564168.608025566,16199440.796108242,15564168.608025566,0.026277167779783426,0.02512212743781492,18538397.488594458,17123473.069683045,25645119.13603913,17152343.909426726,25641895.591700748,25641895.591700748,1021315546.3770988,712717643.0116643,308597903.3654345,308597903.3654345,308597903.3654345,536689494.8956645,536689494.8956645,272040876.5421315,272040876.5421315,272329636.6276236,264619742.34498385,0.007496644959503817,0.0,34.63082504272461,2023-01-25,0,0,0,0,0,0,0,1,0,0,0,-12.334297871740443,0
34.377227020263675,34.447674942016604,33.222350120544434,34.56055080413818,34.18075829643335,34.12592614471112,33.940949450602936,33.98915016979614,47.18211876260289,54.16831656057897,55.57276605272406,0.13378118314627585,0.004867369117915345,0.1289138140283605,14.835756028608314,-70.20443609100819,-39.814098536003556,56.2291927921707,-0.7506324333143466,1.06119698094369,3.164739456790696,1.9254915727479656,35.261932506388945,34.377227020263675,33.492521534138405,-0.2536048889160156,3.24364106578101,1.0793773210965654,7.142857142857143,57.142857142857146,50.0,-0.1960780891592708,-0.031732832591433,1.043940229543549,0.9916666878594292,0.05043510807523159,0.01523933387995137,0.8824740338729298,0.02263374485596708,0.9063995968757873,0.6733014786960333,3.3095349490034622,0.839563862928349,-4652287.597165202,113026730.72600073,-111714547.044749,-90421384.58080058,372183007.7732161,283073806.87366724,-89109200.89954886,283073806.87366724,16074250.095333613,21710675.453437608,710189595.1211033,643715562.7231467,16074250.095333613,16730341.935959475,16074250.095333613,16074250.095333613,16074250.095333613,16074250.095333613,16730341.935959475,16074250.095333613,0.02713834431679701,0.025945450061113623,19145952.80371833,17684657.34050618,26485581.66510462,17714474.358696472,26482252.476171147,26482252.476171147,1054786923.231641,736075400.4694327,318711522.7622084,318711522.7622084,318711522.7622084,554278315.9032848,554278315.9032848,280956419.5698292,280956419.5698292,281254643.1337501,273292073.9770635,0.007742331054731049,0.0,33.531890869140625,2023-01-26,0,0,0,0,0,0,0,1,0,0,0,-9.433101741670026,0
34.22318725585937,34.37910842895508,33.42030925750733,34.535823860168456,34.1335378083807,34.11013899699554,33.95029682028603,33.99110886244239,50.677686597207106,58.06323029684122,56.74544807797688,0.1216145676909548,0.028216808832523237,0.09339775885843156,15.378356690424445,-53.35571403008433,-50.864913520983535,62.27382665279506,-1.9745711470908978,1.0491333335795432,3.082142098978284,0.8923059178456327,35.016855811820506,34.22318725585937,33.42951869989824,-0.6856651306152344,3.242122857753164,1.0789617391733017,0.0,50.0,50.0,0.8000016061870323,0.015126076996795579,1.0267983284201396,1.021420579087825,0.05043510807523159,0.01523933387995137,0.8824740338729298,0.02263374485596708,0.9063995968757873,0.6733014786960333,3.3095349490034622,0.839563862928349,-4582965.310997412,111342554.67102687,-110049923.42946349,-89074043.73682149,366637224.8797929,278855812.38453484,-87781412.49525812,278855812.38453484,15834732.709151315,21387171.451321255,699607281.5134126,634123757.9351226,15834732.709151315,16481048.329933,15834732.709151315,15834732.709151315,15834732.709151315,15834732.709151315,16481048.329933,15834732.709151315,0.02673396431415157,0.025558845003639412,18860664.93372012,17421143.778342724,26090928.275097627,17450516.502446614,26087648.693369884,26087648.693369884,1039069872.3376119,725107370.5515264,313962501.7860855,313962501.7860855,313962501.7860855,546019187.6294737,546019187.6294737,276769975.6083757,276769975.6083757,277063755.4360038,269219834.03833514,0.00762696499496534,0.0,34.03909683227539,2023-01-27,0,0,0,0,0,0,0,1,0,0,0,-13.196132081233692,0
33.99400787353515,34.23633995056152,33.52650671005249,34.47999881744385,33.860978788350806,33.96572476995835,33.889874337238886,33.96462854424038,46.0025033026926,42.243966234309006,51.49183769724302,0.05300235152986943,0.033173917371992476,0.019828434157876954,15.196685612690088,-80.87938669120955,-77.50852102724355,51.857074289234475,-4.109208666142871,1.0714766871145538,3.2161158770887126,1.3619402830696927,35.01031366536585,33.99400787353515,32.97770208170446,-1.4276847839355469,3.2066756131686027,1.0663156264867482,85.71428571428572,42.85714285714286,-42.85714285714286,-0.36551620719319716,-0.021247217208730795,1.0409142443320154,0.985277811686198,0.05043510807523159,0.01523933387995137,0.8824740338729298,0.02263374485596708,0.9063995968757873,0.6733014786960333,3.3095349490034622,0.839563862928349,-4682454.437500981,113759630.24441485,-112438937.96717098,-91007704.19553187,374596355.00007844,284909343.08179045,-89687011.918288,284909343.08179045,16178480.396237362,21851454.041671243,714794679.3246689,647889609.1888375,16178480.396237362,16838826.534859296,16178480.396237362,16178480.396237362,16178480.396237362,16178480.396237362,16838826.534859296,16178480.396237362,0.027314317552089053,0.026113688209140083,19270100.95433096,17799330.00921847,26657322.18986889,17829340.369975884,26653971.41346712,26653971.41346712,1061626480.7690524,740848336.0666615,320778144.7023909,320778144.7023909,320778144.7023909,557872424.2012386,557872424.2012386,282778225.998056,282778225.998056,283078383.3337932,275064182.4696089,0.007792534671742416,0.0,33.315860748291016,2023-01-30,0,0,0,0,0,0,0,1,0,0,0,-12.417168591064828,0
33.823062896728516,34.11705284118652,33.63324365615845,34.44195713043213,33.77319952263752,33.89880044654973,33.86204258999813,33.95023687549413,48.01473176106291,45.143437606189394,48.483544712446495,0.021120522331408154,0.030763238363875612,-0.009642716032467458,15.027991040508185,-104.38930935138407,-67.12789655118492,48.91953208710026,-3.428725311190939,1.0351969329841308,3.0811595768135502,0.5635601292886321,34.75772884789206,33.823062896728516,32.88839694556497,-1.19287109375,2.9960724691400977,0.9955886938633114,78.57142857142857,35.714285714285715,-42.85714285714286,0.3103464151588632,0.008457840697823737,1.0163425750613397,1.0050576090026424,0.05043510807523159,0.01523933387995137,0.8824740338729298,0.02263374485596708,0.9063995968757873,0.6733014786960333,3.3095349490034622,0.839563862928349,-4643183.134220919,112805538.9660082,-111495923.2102023,-90244431.17280656,371454650.73767346,282519835.3206728,-88934815.41700067,282519835.3206728,16042793.008622276,21668187.95969762,708799763.8354932,642455820.2061443,16042793.008622276,16697600.886525225,16042793.008622276,16042793.008622276,16042793.008622276,16042793.008622276,16697600.886525225,16042793.008622276,0.027085234949622023,0.02589467517161666,19108484.436986085,17650048.708929516,26433749.74547552,17679807.375624646,26430427.071719073,26430427.071719073,1052722719.7067927,734634911.0182097,318087808.688583,318087808.688583,318087808.688583,553193600.8501922,553193600.8501922,280406591.7147133,280406591.7147133,280704231.6592146,272757245.1410288,0.007727179419171562,0.0,33.59764099121094,2023-01-31,0,0,0,0,0,0,0,1,0,0,0,-16.018555944873754,0
33.590126037597656,34.05412216186524,33.78339881896973,34.40801357269287,33.67084659744845,33.82013504664438,33.82433765257644,33.93125271359516,47.13201699973778,38.29886463878744,41.895422826428565,-0.014588856457308452,0.0216928193996388,-0.03628167585694725,15.240794723958563,-116.91502739129335,-71.97229102962174,50.29531926932985,-1.8457208765756072,1.0270030652706055,3.068782483861726,0.9204827849947748,34.07643160822932,33.590126037597656,33.10382046696599,-0.6293067932128906,2.636454540669598,0.876423615675705,71.42857142857143,28.571428571428573,-42.85714285714286,0.13265421310154135,-0.00391397253679282,1.0278804978575837,1.003662001918739,0.05043510807523159,0.01523933387995137,0.8824740338729298,0.02263374485596708,0.9063995968757873,0.6733014786960333,3.3095349490034622,0.839563862928349,-4661427.834748365,113248791.62625836,-111934029.92927805,-90599033.30100669,372914226.7798692,283629955.1758428,-89284271.60402638,283629955.1758428,16105830.788008774,21753329.89549237,711584887.5429331,644980255.211817,16105830.788008774,16763211.636498928,16105830.788008774,16105830.788008774,16105830.788008774,16105830.788008774,16763211.636498928,16105830.788008774,0.027191662369365464,0.025996424463019727,19183568.39684904,17719401.961575516,26537617.250586234,17749277.560544528,26534281.52087531,26534281.52087531,1056859237.7385572,737521550.1106355,319337687.62792164,319337687.62792164,319337687.62792164,555367293.1835456,555367293.1835456,281508407.8920792,281508407.8920792,281807217.3686656,273829004.3438078,0.007757542226398697,0.0,33.46614074707031,2023-02-01,0,0,0,0,0,0,0,1,0,0,0,-14.53167167980478,0
33.80052108764649,34.08887405395508,33.94178323745727,34.38745388031006,33.97518643809389,33.958995241688086,33.89667369703437,33.95684539617514,54.74726345537295,54.0394848916768,45.827262378884505,0.04676324235676077,0.026706903991063194,0.020056338365697576,14.395999120595134,32.21993851223043,-30.79592168190816,53.40525634181045,1.0150584081989988,1.0730671590275134,3.1027969959265005,1.671900377867317,34.72070107652371,33.80052108764649,32.880341098769264,0.3475189208984375,2.482727524780021,0.8261417242196885,64.28571428571429,21.42857142857143,-42.85714285714286,0.6292119661306784,0.03339869334686574,1.0500985830326384,1.031372518429956,0.05043510807523159,0.01523933387995137,0.8824740338729298,0.02263374485596708,0.9063995968757873,0.6733014786960333,3.3095349490034622,0.839563862928349,-4510773.8811352765,109588673.1378378,-108316403.58162016,-87670938.51027024,360861910.4908221,274463241.5367695,-86398668.9540526,274463241.5367695,15585302.063666115,21050278.11196462,688586982.0856119,624134962.9763137,15585302.063666115,16221436.841774935,15585302.063666115,15585302.063666115,15585302.063666115,15585302.063666115,16221436.841774935,15585302.063666115,0.02631284763995578,0.025156238952485192,18563569.433902867,17146723.791751403,25679940.783202384,17175633.83311429,25676712.861846957,25676712.861846957,1022702316.6786768,713685390.6037236,309016926.0749532,309016926.0749532,309016926.0749532,537418226.6332067,537418226.6332067,272410261.1165092,272410261.1165092,272699413.28837687,264979050.29951072,0.0075068241099418885,0.0,34.583866119384766,2023-02-02,0,0,0,0,0,0,0,1,0,0,0,-16.47480965321572,0
33.82118377685547,34.022185516357425,34.08229999542236,34.36479320526123,34.030927718169366,33.99234343016667,33.920077180966366,33.96412245037691,51.58669111544907,57.33351098945252,49.89062017330554,0.05908236103093856,0.03318199539903827,0.02590036563190029,13.611546060329092,21.56783730839182,-47.05890471210954,48.74227917627702,-1.9158255386711343,1.0319773377251695,3.0225673270069415,0.4978096607947009,34.76617017424333,33.82118377685547,32.87619737946761,-0.6668853759765625,2.207745942154655,0.7367010605640871,57.142857142857146,14.285714285714286,-42.85714285714286,-0.08163487738419335,-0.012764791522744456,1.0135022830368647,0.9989007717450328,0.05043510807523159,0.01523933387995137,0.8824740338729298,0.02263374485596708,0.9063995968757873,0.6733014786960333,3.3095349490034622,0.839563862928349,-4569097.457629012,111005636.95137152,-109716917.15563,-88804509.56109722,365527796.610321,278012006.8449653,-87515789.76535569,278012006.8449653,15786817.497833574,21322454.802268725,697490300.3588289,632204927.0700144,15786817.497833574,16431177.395704333,15786817.497833574,15786817.497833574,15786817.497833574,15786817.497833574,16431177.395704333,15786817.497833574,0.026653068502835907,0.0254815050521618,18803593.383319397,17368428.15624362,26011978.262821462,17397711.99976403,26008708.604965147,26008708.604965147,1035925692.1723112,722913227.238457,313012464.9338542,313012464.9338542,313012464.9338542,544366957.3557233,544366957.3557233,275932481.72001874,275932481.72001874,276225372.58268726,268405186.5494376,0.007603886131168949,0.0,34.14241027832031,2023-02-03,0,0,0,0,0,0,0,1,0,0,0,-17.137278514022203,0
33.924503326416016,33.959255599975585,34.1348991394043,34.32808414459228,33.964771310810825,33.963273442153415,33.91173254431183,33.95895915805208,49.42905986698146,57.7160337376024,56.36300987291053,0.043335290629030965,0.03521265444503681,0.008122636183994156,12.944416464189349,-38.27980309600303,-58.47735273258845,47.89497767341409,-1.8260797084949543,0.992480774550363,2.933516565652341,0.4790254532778775,34.72831933698102,33.924503326416016,33.12068731585101,-0.6292991638183594,1.6671465695368068,0.5587150378105008,50.0,7.142857142857143,-42.85714285714286,0.03921671291690924,-0.009078204488198516,1.0142298638214815,1.000555568271213,0.05043510807523159,0.01523933387995137,0.8824740338729298,0.02263374485596708,0.9063995968757873,0.6733014786960333,3.3095349490034622,0.839563862928349,-4610956.665121204,112022601.03082927,-110722074.79194893,-89618080.82466342,368876533.20969635,280558978.6239133,-88317554.58578306,280558978.6239133,15931446.426284162,21517797.77056562,703880269.3794639,637996792.4143667,15931446.426284162,16581709.545724332,15931446.426284162,15931446.426284162,15931446.426284162,15931446.426284162,16581709.545724332,15931446.426284162,0.026897247213207028,0.025714950632406718,18975860.12184496,17527546.810364578,26250283.706179384,17557098.934107386,26246984.093766857,26246984.093766857,1045416194.158153,729536105.1828306,315880088.97532254,315880088.97532254,315880088.97532254,549354106.2688636,549354106.2688636,278460402.19299275,278460402.19299275,278755976.3381928,270864146.6613508,0.007673548170611804,0.0,33.83245849609375,2023-02-06,0,0,0,0,0,0,0,1,0,0,0,-14.06152187129608,0
34.00340042114258,33.913231658935544,34.162137794494626,34.285971336364746,33.97388969548847,33.96851944627893,33.91938910817201,33.96025983674979,50.57585815079955,47.99378916482366,54.34777796395948,0.0432410387827602,0.036818331312581484,0.006422707470178715,12.63825376654445,-34.860663613258424,-44.98006187150575,48.859070747044484,-1.3358717136203957,0.9772746186408681,2.875002891188968,0.7795945918174354,34.737844629204055,34.00340042114258,33.268956213081104,-0.4602394104003906,1.1389238064861285,0.38291703737699123,42.85714285714286,0.0,-42.85714285714286,0.34939332659251704,0.0047193723379113095,1.0233343221303277,1.0080779133288067,0.05043510807523159,0.01523933387995137,0.8824740338729298,0.02263374485596708,0.9063995968757873,0.6733014786960333,3.3095349490034622,0.839563862928349,-4589298.058812017,111496407.96729194,-110201990.56608856,-89197126.37383355,367143844.70496136,279241135.73233116,-87902708.97263016,279241135.73233116,15856613.16474152,21416724.274456076,700573999.8240343,634999991.0221627,15856613.16474152,16503821.865343213,15856613.16474152,15856613.16474152,15856613.16474152,15856613.16474152,16503821.865343213,15856613.16474152,0.026770905343070098,0.025594162251067015,18886726.626649454,17445216.33894568,26126980.75592672,17474629.65032042,26123696.642468404,26123696.642468404,1040505660.5264245,726109324.9205012,314396335.60592324,314396335.60592324,314396335.60592324,546773677.6992316,546773677.6992316,277152416.7440257,277152416.7440257,277446602.5170265,269591842.3779059,0.007637503945759498,0.0,33.99212646484375,2023-02-07,0,0,0,0,0,0,0,1,0,0,0,-18.632199552185476,0
33.94140777587891,33.76576690673828,34.119401168823245,34.21611309051514,33.701318970576295,33.82082091436494,33.84670229032248,33.92872719690674,44.842343288885985,29.640301099724294,45.116708000716734,-0.024010966480560114,0.024652471753953163,-0.04866343823451327,12.671576761867456,-102.74904577173396,-80.72307521240506,49.692461372014364,-4.258193445155756,0.9678507210675111,2.9190660487378195,0.8453400526138708,34.87272237951045,33.94140777587891,33.010093172247366,-1.4746475219726562,0.6204127047120407,0.20899271353697202,35.714285714285715,71.42857142857143,35.714285714285715,-0.787502086164554,-0.02459242863068234,1.022669289212417,0.9824658763494505,0.05043510807523159,0.01523933387995137,0.8824740338729298,0.02263374485596708,0.9063995968757873,0.6733014786960333,3.3095349490034622,0.839563862928349,-4705005.572562216,114307507.17955638,-112980454.32575679,-91446005.74364512,376400445.80497724,286281492.91513175,-90118952.8898455,286281492.91513175,16256397.45904509,21956692.671957005,718237196.8269013,651009905.6650989,16256397.45904509,16919923.88594489,16256397.45904509,16256397.45904509,16256397.45904509,16256397.45904509,16919923.88594489,16256397.45904509,0.027445865839946258,0.026239454154673894,19362907.548621424,17885053.23416278,26785706.3270983,17915208.127602298,26782339.413046457,26782339.413046457,1066739372.4099551,744416330.3973116,322323042.0126436,322323042.0126436,322323042.0126436,560559189.5618035,560559189.5618035,284140112.1737733,284140112.1737733,284441715.09509134,276388917.09589833,0.007830064241799613,0.0,33.15617752075195,2023-02-08,0,0,0,0,0,0,0,1,0,0,0,-15.526928988403066,0
33.57133560180664,33.68592834472656,34.06680164337158,34.14994915008545,33.37871439672534,33.62312715703012,33.74068352448448,33.88185574797014,42.23522247852092,16.556135233112286,31.396741832553364,-0.1101451009246901,-0.0023070427817754903,-0.10783805814291461,13.194710710389943,-149.07984683739807,-98.79544763896988,43.46713918957078,-2.380974050145024,0.966479926186898,2.9525708256244014,0.9486595927389274,34.646767546581984,33.57133560180664,32.49590365703129,-0.7983856201171875,-0.0638708333420083,-0.021571354988289215,28.571428571428573,64.28571428571429,35.714285714285715,-0.6336675920155591,-0.012747919191347434,1.0289979405235827,0.9819666617616979,0.05043510807523159,0.01523933387995137,0.8824740338729298,0.02263374485596708,0.9063995968757873,0.6733014786960333,3.3095349490034622,0.839563862928349,-4765759.084253712,115783505.95718953,-114439317.49752823,-92626804.76575163,381260726.7402969,289978110.4342066,-91282616.30609033,289978110.4342066,16466308.630850965,22240209.059850655,727511454.0539608,659416088.677028,16466308.630850965,17138402.860681616,16466308.630850965,16466308.630850965,16466308.630850965,16466308.630850965,17138402.860681616,16466308.630850965,0.02780026132481332,0.026578271816030313,19612931.6159672,18115994.467708018,27131577.484403253,18146538.737024542,27128167.094982665,27128167.094982665,1080513673.4036508,754028626.394552,326485047.0090988,326485047.0090988,326485047.0090988,567797425.2560223,567797425.2560223,287809079.05611676,287809079.05611676,288114576.43331254,279957796.462186,0.007931170158067482,0.0,32.73350524902344,2023-02-09,0,0,0,0,0,0,0,1,0,0,0,-14.638122703327348,0
33.23695602416992,33.529069900512695,33.95408916473389,34.065816993713376,33.07598039452913,33.41356083577677,33.61971484502279,33.82650894962374,40.65151673177899,6.96787675151669,17.721437694784374,-0.19735338188555573,-0.04131631060253154,-0.1560370712830242,14.337706508268948,-208.00831398573723,-86.16356447497313,44.56661214127799,-4.60818467031523,0.9457506255334664,2.9126445994142944,0.6762697170388563,34.427696728873435,33.23695602416992,32.046215319466405,-1.5685844421386719,-0.7161207104316188,-0.24214874169765466,100.0,57.142857142857146,-42.85714285714286,0.11475348325287653,-0.008034362861110478,1.0178728564682475,1.0020289766615718,0.05043510807523159,0.01523933387995137,0.8824740338729298,0.02263374485596708,0.9063995968757873,0.6733014786960333,3.3095349490034622,0.839563862928349,-4804359.048161702,116721287.13162084,-115366211.50265215,-93377029.70529667,384348723.85293615,292326769.77660817,-92021954.07632798,292326769.77660817,16599676.454866394,22420342.22475461,733403887.0059152,664756987.529297,16599676.454866394,17277214.269350737,16599676.454866394,16599676.454866394,16599676.454866394,16599676.454866394,17277214.269350737,16599676.454866394,0.028025427780943264,0.026793540845517185,19771785.313588545,18262723.817691598,27351327.978112653,18293515.478383213,27347889.96645892,27347889.96645892,1089265225.4771233,760135833.5046611,329129391.97246224,329129391.97246224,329129391.97246224,572396264.5457269,572396264.5457269,290140170.4662269,290140170.4662269,290448142.20008343,282225296.90611434,0.007995408168516027,0.0,32.47051239013672,2023-02-10,0,0,0,0,0,0,0,1,0,0,0,-13.83040901321084,0
33.058494567871094,33.491498947143555,33.86391944885254,33.97874271392822,33.03070400121929,33.327486359199106,33.554994499268204,33.791749822760046,44.64336571374427,20.60616644526711,14.710059476631981,-0.22596585097882382,-0.07824621867779,-0.14771963230103383,14.704485565427117,-122.02624821788727,-70.44014036701574,42.68450848340985,-1.1277197264389471,0.9265023360992352,2.8126839189754365,0.6762745734542293,34.09639888958539,33.058494567871094,32.0205902461568,-0.37570953369140625,-1.0429551701468545,-0.35330946017533904,92.85714285714286,50.0,-42.85714285714286,0.6944432670707402,0.014463548305617469,1.0208817062140954,1.0144634077065051,0.05043510807523159,0.01523933387995137,0.8824740338729298,0.02263374485596708,0.9063995968757873,0.6733014786960333,3.3095349490034622,0.839563862928349,-4735861.683927494,115057152.44926412,-113721396.58969483,-92045721.9594113,378868934.71419954,288158968.61435753,-90709966.09984201,288158968.61435753,16363009.279723842,22100687.858328305,722947500.9041625,655279323.3818908,16363009.279723842,17030887.20950849,16363009.279723842,16363009.279723842,16363009.279723842,16363009.279723842,17030887.20950849,16363009.279723842,0.027625859822910385,0.026411536314211025,19489892.31462469,18002346.016467974,26961370.88788999,18032698.67008776,26957981.893125735,26957981.893125735,1073735204.4796894,749298321.0429386,324436883.4367508,324436883.4367508,324436883.4367508,564235418.3171564,564235418.3171564,286003544.3864162,286003544.3864162,286307125.263591,278201515.8430228,0.007881414942774593,0.0,32.94015121459961,2023-02-13,0,0,0,0,0,0,0,1,0,0,0,-16.176986780524945,0
32.93075408935547,33.46707725524902,33.79206504821777,33.89675678253174,33.13827735823474,33.332202307029384,33.53579731574415,33.77456057764262,47.96044338143189,43.733711587502164,23.76925159476194,-0.21284028283661627,-0.10516503150955525,-0.10767525132706102,14.40523608806148,-56.106580755651166,-56.60383877755096,48.34395796445548,-0.7268871020117085,0.9200341993877048,2.7584400252109074,0.8359484221378111,33.5506143771963,32.93075408935547,32.31089380151464,-0.2442169189453125,-1.2758491881233978,-0.4324853359124603,85.71428571428572,42.85714285714286,-42.85714285714286,0.48314245546658885,0.012546173664280236,1.0255967609413625,1.0122575960100966,0.05043510807523159,0.01523933387995137,0.8824740338729298,0.02263374485596708,0.9063995968757873,0.6733014786960333,3.3095349490034622,0.839563862928349,-4677180.959352197,113631511.76887709,-112312306.88290596,-90905209.41510168,374174476.74817574,284588472.2190452,-89586004.52913055,284588472.2190452,16160259.853146372,21826844.47697692,713989662.6026489,647159942.3565203,16160259.853146372,16819862.29613194,16160259.853146372,16160259.853146372,16160259.853146372,16160259.853146372,16819862.29613194,16160259.853146372,0.02728355559622115,0.026084278427156483,19248398.563487887,17779284.03138367,26627300.155922867,17809260.593844958,26623953.153235584,26623953.153235584,1060430854.8162042,740013977.1713521,320416877.6448521,320416877.6448521,320416877.6448521,557244136.6058971,557244136.6058971,282459755.24395543,282459755.24395543,282759574.5362216,274754399.43271494,0.00778375855616808,0.0,33.353424072265625,2023-02-14,0,0,0,0,0,0,0,1,0,0,0,-17.980036370290733,0
33.00965270996094,33.47553024291992,33.76482620239258,33.82488330841065,33.275741780082924,33.37192381916573,33.53721382127131,33.7657805794519,49.515343818577016,68.08664660147393,44.14217487808102,-0.18439642012197766,-0.12101130923203973,-0.06338511088993792,13.872593015044798,-20.734274086050288,-50.00005940128564,52.760753360972465,0.25258328215327364,0.9079899032401103,2.7063241549531516,0.7514140533213833,33.80092474667864,33.00965270996094,32.21838067324324,0.08452987670898438,-1.2297028456859311,-0.4168915870862122,78.57142857142857,35.714285714285715,-42.85714285714286,0.7125002980235062,0.005913832147677045,1.022824515106256,1.0162162068301637,0.05043510807523159,0.01523933387995137,0.8824740338729298,0.02263374485596708,0.9063995968757873,0.6733014786960333,3.3095349490034622,0.839563862928349,-4649683.511525215,112963464.79923439,-111652015.60367599,-90370771.83938752,371974680.9220172,282915358.2781881,-89059322.64382912,282915358.2781881,16065252.645590326,21698523.053784337,709792071.4324453,643355247.4119985,16065252.645590326,16720977.243369523,16065252.645590326,16065252.645590326,16065252.645590326,16065252.645590326,16720977.243369523,16065252.645590326,0.027123153817230423,0.0259309272758137,19135235.989738386,17674758.476502903,26470756.544894338,17704558.804824546,26467429.219451223,26467429.219451223,1054196513.5842009,735663387.3811882,318533126.20301265,318533126.20301265,318533126.20301265,553968062.4692798,553968062.4692798,280799156.1671734,280799156.1671734,281097212.8025276,273139100.63857096,0.007737997338747555,0.0,33.5506706237793,2023-02-15,0,0,0,0,0,0,0,1,0,0,0,-19.41917818623469,0
33.11485366821289,33.34309463500976,33.71598434448242,33.75185878753662,33.270331200149684,33.351484950278,33.51076584212959,33.74592683281783,47.27010071597108,79.08986079667095,63.6367396618823,-0.18323644408459216,-0.1334563362025502,-0.04978010788204196,13.578441998061534,-54.36932255210668,-59.74806382375894,50.92357128120831,-3.8294043659833688,0.8994886194727864,2.704455412552215,0.7889719304975742,33.87035315986784,33.11485366821289,32.359354176557936,-1.3243560791015625,-1.2286192767080295,-0.4161691665649414,71.42857142857143,28.571428571428573,-42.85714285714286,0.01639067463791802,-0.008678234386460537,1.0174885490731589,1.0002824384492157,0.05043510807523159,0.01523933387995137,0.8824740338729298,0.02263374485596708,0.9063995968757873,0.6733014786960333,3.3095349490034622,0.839563862928349,-4690387.796183893,113952370.17651895,-112629440.28528759,-91161896.14121516,375231023.69471145,285392057.44472766,-89838966.2499838,285392057.44472766,16205891.167584091,21888476.3821915,716005737.0405335,648987311.4142905,16205891.167584091,16867356.11319977,16205891.167584091,16205891.167584091,16205891.167584091,16205891.167584091,16867356.11319977,16205891.167584091,0.027360595477739377,0.026157931940256327,19302749.776602946,17829486.94318621,26702486.985657282,17859548.149703953,26699130.5321237,26699130.5321237,1063425166.4309494,742103535.8039157,321321630.62703377,321321630.62703377,321321630.62703377,558817612.691499,558817612.691499,283257329.66569525,283257329.66569525,283557995.550066,275530216.43736666,0.007805737357091547,0.0,33.2595100402832,2023-02-16,0,0,0,0,0,0,0,1,0,0,0,-17.52130831133389,0
33.26325912475586,33.25010757446289,33.636146545410156,33.67453075408935,33.25106735771698,33.3262221725641,33.48236334981739,33.72500968928974,46.90063144671166,77.03183044722222,74.73611261512231,-0.18398639024261598,-0.14356234701056336,-0.04042404323205262,13.305301768005645,-45.28233969372951,-61.32062335070799,58.81299319174581,-2.7235060380584764,0.8681136914358444,2.613813035639228,0.46023962695559817,33.66097291890698,33.26325912475586,32.865545330604746,-0.92987060546875,-1.2267504873310706,-0.4152658169086152,64.28571428571429,21.42857142857143,-42.85714285714286,0.061222265472951676,-0.0014122387063053576,1.0140039394188163,1.0008491021155428,0.05043510807523159,0.01523933387995137,0.8824740338729298,0.02263374485596708,0.9063995968757873,0.6733014786960333,3.3095349490034622,0.839563862928349,-4697021.111201465,114113525.71444586,-112788724.88820955,-91290820.57155669,375761688.8961172,285795669.15079683,-89966019.74532038,285795669.15079683,16228810.121394807,21919431.852273505,717018338.090716,649905132.597972,16228810.121394807,16891210.534512963,16228810.121394807,16228810.121394807,16228810.121394807,16228810.121394807,16891210.534512963,16228810.121394807,0.02739928981534188,0.026194925427854326,19330048.41917526,17854702.044503007,26740250.602574546,17884805.76465956,26736889.402223725,26736889.402223725,1064929100.5261835,743153045.299196,321776055.22698754,321776055.22698754,321776055.22698754,559607912.6460925,559607912.6460925,283657922.3630065,283657922.3630065,283959013.4598783,275919881.1733989,0.007816776511439541,0.0,33.21253967285156,2023-02-17,0,0,0,0,0,0,0,1,0,0,0,-18.854683667360863,0
33.0171703338623,33.0378324508667,33.49854402542114,33.60209457397461,32.73728065852193,33.03231037030369,33.31353896032353,33.64597822147963,36.94951487396092,48.58820521859632,68.2366321541631,-0.3023613110079637,-0.17532213981004344,-0.12703917119792027,14.485288720894753,-171.06211769953964,-95.68733346600443,53.47660960883467,-6.274303820418503,0.9241852313095164,2.9145183325974164,1.6531152496672519,34.3450397663074,33.0171703338623,31.689300901417205,-2.122751235961914,-1.597204009891317,-0.5388154127658993,100.0,14.285714285714286,-85.71428571428572,-0.7810228937065995,-0.04524894595604101,1.0407738931189898,0.9692792577298269,0.05043510807523159,0.01523933387995137,0.8824740338729298,0.02263374485596708,0.9063995968757873,0.6733014786960333,3.3095349490034622,0.839563862928349,-4919629.144483985,119521759.34355323,-118134171.63613467,-95617407.47484258,393570331.5587188,299340511.7912948,-94229819.76742403,299340511.7912948,16997949.41587736,22958269.340925265,751000310.5560361,680706378.7415822,16997949.41587736,17691743.269586638,16997949.41587736,16997949.41587736,16997949.41587736,16997949.41587736,17691743.269586638,16997949.41587736,0.028697836676156583,0.02743639330577607,20246166.09460717,18700897.96589105,28007563.32167753,18732428.405191477,28004042.8224473,28004042.8224473,1115399764.1747055,778373631.6932931,337026132.48141253,337026132.48141253,337026132.48141253,586129662.0473036,586129662.0473036,297101449.80886936,297101449.80886936,297416810.6514645,288996676.1541746,0.008187240515033396,0.0,31.709707260131836,2023-02-21,0,0,0,0,0,0,0,1,0,0,0,-11.018465602956603,0
32.65837020874024,32.79456214904785,33.353896903991696,33.53263317108154,32.344661587899715,32.76451274782216,33.14648033997417,33.56415254403554,36.12409218439836,27.115052780563847,50.91169614879408,-0.40364793420962997,-0.22098729868996075,-0.1826606355196692,15.78799709227206,-178.7157262139947,-93.68686753312511,51.86043170266076,-7.156666178870841,0.9017810020488308,2.857406452855853,0.6105260216599184,34.348889252977266,32.65837020874024,30.96785116450321,-2.4327030181884766,-1.8790600128664736,-0.6315980813442081,100.0,7.142857142857143,-92.85714285714286,-0.12307945115438539,-0.004739363004637731,1.0194903015178034,0.9976246487431772,0.05043510807523159,0.01523933387995137,0.8824740338729298,0.02263374485596708,0.9063995968757873,0.6733014786960333,3.3095349490034622,0.839563862928349,-4943056.081607003,120090913.77750348,-118696718.47243483,-96072731.02200279,395444486.5285603,300765950.81162614,-94678535.71693414,300765950.81162614,17078892.487090863,23067595.047499347,754576522.611469,683947855.906969,17078892.487090863,17775990.139625184,17078892.487090863,17078892.487090863,17078892.487090863,17078892.487090863,17775990.139625184,17078892.487090863,0.028834493809374185,0.027567043532039055,20342576.95122882,18789950.36149329,28140933.420446366,18821630.946586676,28137396.156839866,28137396.156839866,1120711221.4766545,782080193.6296414,338631027.8470131,338631027.8470131,338631027.8470131,588920771.3637677,588920771.3637677,298516226.56935626,298516226.56935626,298833089.13869005,290372858.5374781,0.008226227593758987,0.0,31.559423446655273,2023-02-22,0,0,0,0,0,0,0,1,0,0,0,-10.355363793812318,0
32.26763572692871,32.638644218444824,33.20220556259155,33.45420501708984,32.09544046350704,32.552237378167526,32.99891061375965,33.48700923700362,36.506009255836176,10.220888264878857,28.641382088012957,-0.4754061568243273,-0.27187107031683405,-0.20353508650749325,16.997654865693843,-143.93028031744907,-91.54506053723448,48.251332374924445,-4.70253033557444,0.8735968140743362,2.7648095180994434,0.5072023704059063,33.85237838144049,32.26763572692871,30.682893072416928,-1.5591793060302734,-2.0754459365387468,-0.695058981577553,92.85714285714286,0.0,-92.85714285714286,-0.25925952089970716,0.0011906037551643323,1.016177264336456,0.9958555537386745,0.05043510807523159,0.01523933387995137,0.8824740338729298,0.02263374485596708,0.9063995968757873,0.6733014786960333,3.3095349490034622,0.839563862928349,-4937177.859108035,119948103.11550932,-118555565.7706327,-95958482.49240746,394974228.7286428,300408283.581112,-94565945.14753084,300408283.581112,17058582.47473866,23040163.342504166,753679189.3384535,683134513.3900446,17058582.47473866,17754851.147176974,17058582.47473866,17058582.47473866,17058582.47473866,17058582.47473866,17754851.147176974,17058582.47473866,0.028800204178130208,0.027534261137333274,20318385.80479076,18767605.57981452,28107468.5628273,18799248.490739334,28103935.505691893,28103935.505691893,1119378485.2486672,781150153.323747,338228331.9249203,338228331.9249203,338228331.9249203,588220433.9062946,588220433.9062946,298161234.68369746,298161234.68369746,298477720.44389665,290027550.6465772,0.008216445063412387,0.0,31.59699821472168,2023-02-23,0,0,0,0,0,0,0,1,0,0,0,-11.896502984710725,0
31.921981811523438,32.51841773986816,33.102173042297366,33.35708087921142,31.90737379675697,32.36660157545649,32.859132504187954,33.410312422346884,36.099224020128965,15.197437238317903,17.511126094586817,-0.5314548851227912,-0.32378783327802546,-0.2076670518447657,18.42289677502944,-134.47250079398466,-83.97626612889803,48.61168769364965,-3.6728873874650847,0.8521230099568372,2.7024722067303726,0.5729635564293503,33.21823542435625,31.921981811523438,30.62572819869062,-1.2022647857666016,-2.4003759049318436,-0.8015094659267277,100.0,0.0,-100.0,0.7241324879640136,-0.002081139196134285,1.0175598502116274,1.012669627439306,0.05043510807523159,0.01523933387995137,0.8824740338729298,0.02263374485596708,0.9063995968757873,0.6733014786960333,3.3095349490034622,0.839563862928349,-4947474.241674249,120198252.40990643,-118802810.95712651,-96158601.92792514,395797939.3339399,301034778.8587947,-94763160.47514522,301034778.8587947,17094157.796553973,23088213.12781316,755250971.7386575,684559176.3239658,17094157.796553973,17791878.522943933,17094157.796553973,17094157.796553973,17094157.796553973,17094157.796553973,17791878.522943933,17094157.796553973,0.028860266409766452,0.027591683270875616,20360759.37919787,18806745.0340566,28166086.108629666,18838453.935619324,28162545.68337649,28162545.68337649,1121712925.9857469,782779225.8525885,338933700.1331583,338933700.1331583,338933700.1331583,589447155.4856255,589447155.4856255,298783043.78726345,298783043.78726345,299100189.57198614,290632397.11988986,0.00823358029007859,0.0,31.531240463256836,2023-02-24,0,0,0,0,0,0,0,1,0,0,0,-12.19192435074211,0
31.580088424682618,32.42167377471924,32.97537183761597,33.281259536743164,31.772606777387136,32.2095963324003,32.72998395508886,33.33551870926063,35.91461135651856,20.627141947567665,15.348489150254755,-0.5715582384864604,-0.3733419143197124,-0.19821632416674795,18.868275085107943,-88.10508810283291,-84.86614577632577,42.28515171974337,-2.979440668706934,0.8335239874759418,2.645849801354101,0.5917366952243022,31.723842559376383,31.580088424682618,31.436334289988853,-0.9674396514892578,-2.5059949164017725,-0.8341422570057375,92.85714285714286,7.142857142857143,-85.71428571428572,-0.7301604601877159,-0.0008933275125093676,1.0188115025931168,0.986470615162569,0.05043510807523159,0.01523933387995137,0.8824740338729298,0.02263374485596708,0.9063995968757873,0.6733014786960333,3.3095349490034622,0.839563862928349,-4951897.908314884,120305724.8238039,-118909035.67017664,-96244579.85904312,396151832.6651907,301303941.95977485,-94847890.70541584,301303941.95977485,17109442.131934118,23108856.90546946,755926261.4654528,685171258.6601075,17109442.131934118,17807786.708747756,17109442.131934118,17109442.131934118,17109442.131934118,17109442.131934118,17807786.708747756,17109442.131934118,0.028886071131836822,0.02761635371944839,20378964.46883433,18823560.6386585,28191270.145863548,18855297.89198279,28187726.555023186,28187726.555023186,1122715878.969161,783479129.3142818,339236749.6548793,339236749.6548793,339236749.6548793,589974195.6662848,589974195.6662848,299050193.5527854,299050193.5527854,299367622.9058825,290892259.1781897,0.008240942150430567,0.0,31.50307273864746,2023-02-27,0,0,0,0,0,0,0,1,0,0,0,-11.63382502406809,0
31.546274185180664,32.28172225952149,32.88661060333252,33.199274559021,31.69528320579878,32.08796719244062,32.616712727234884,33.26513115449049,36.381853029461496,32.92950759093578,22.91802892560706,-0.593468256007192,-0.41736718265720835,-0.17610107334998365,19.430621837060052,-82.38842110645398,-82.02604049994542,39.51633413798042,-4.248660374568203,0.8162537114305388,2.587943089701537,0.5917401228402994,31.608692108603055,31.546274185180664,31.483856261758273,-1.399515151977539,-2.4361477367177216,-0.8078303459363099,85.71428571428572,0.0,-85.71428571428572,0.0,0.0011923701629437122,1.0188962527064156,1.0,0.05043510807523159,0.01523933387995137,0.8824740338729298,0.02263374485596708,0.9063995968757873,0.6733014786960333,3.3095349490034622,0.839563862928349,-4946000.444958409,120162446.7076434,-118767420.94111666,-96129957.36611472,395680035.5966727,300945103.99708474,-94734931.59958799,300945103.99708474,17089065.63995245,23081335.40980591,755025991.0015355,684355253.8745337,17089065.63995245,17786578.523215815,17089065.63995245,17089065.63995245,17089065.63995245,17089065.63995245,17786578.523215815,17089065.63995245,0.028851669262257386,0.02758346401996036,20354694.1388673,18801142.71705344,28157695.749594484,18832842.172892407,28154156.37899402,28154156.37899402,1121378780.3700895,782546044.759381,338832735.6107084,338832735.6107084,338832735.6107084,589271565.8333141,589271565.8333141,298694039.6920075,298694039.6920075,299011091.0025818,290545821.0102491,0.008231127599473573,0.0,31.54063606262207,2023-02-28,0,0,0,0,0,0,0,1,0,0,0,-13.355773153938133,0
31.555667114257812,32.107018661499026,32.787047958374025,33.13449031829834,31.66565150121286,32.00040735600433,32.520491333406895,33.20008240694345,37.244364949334354,44.54288133168436,32.69984362339588,-0.5986258770055954,-0.45361892152688577,-0.14500695547870968,19.952800963872726,-70.55999152867011,-78.0139307508845,39.082647896156836,-5.237950911544709,0.784786221516324,2.482998750856779,0.37570885263153286,31.635012635078358,31.555667114257812,31.476321593437266,-1.7470359802246094,-2.3298367801874504,-0.7700187976543731,78.57142857142857,0.0,-78.57142857142857,0.2500047683533896,0.0020846767100193286,1.011961768609626,1.0029806942203412,0.05043510807523159,0.01523933387995137,0.8824740338729298,0.02263374485596708,0.9063995968757873,0.6733014786960333,3.3095349490034622,0.839563862928349,-4935711.0830162605,119912467.97840786,-118520344.33960842,-95929974.3827263,394856886.64130086,300319035.897374,-94537850.74392684,300319035.897374,17053514.575293362,23033318.387409214,753455280.3265976,682931562.3519614,17053514.575293362,17749576.39469309,17053514.575293362,17053514.575293362,17053514.575293362,17053514.575293362,17749576.39469309,17053514.575293362,0.02879164798426152,0.027526081039898377,20312349.457028456,18762029.950183604,28099118.172368467,18793663.460380606,28095586.16486179,28095586.16486179,1119045931.3795009,780918083.0192778,338127848.36022294,338127848.36022294,338127848.36022294,588045680.6983347,588045680.6983347,298072654.57112944,298072654.57112944,298389046.3072202,289941386.95359623,0.008214004056520938,0.0,31.606388092041016,2023-03-01,0,0,0,0,0,0,0,1,0,0,0,-12.639725783529524,0
31.608265686035157,31.937950706481935,32.70674047470093,33.07496482849121,31.73043135867804,31.974877122841434,32.457586546759416,33.147529805636196,40.58996320291814,62.99695466294394,46.8231145285213,-0.5756143635658617,-0.47801800993468097,-0.09759635363118074,20.557878519039072,-54.94670602349989,-68.43944832939191,52.61285930677183,-5.039182581860569,0.7689843314130382,2.413636368059235,0.5635597600703228,31.86894388335391,31.608265686035157,31.347587488716403,-1.6906795501708984,-2.307468846278681,-0.7603254195971374,71.42857142857143,28.571428571428573,-42.85714285714286,0.8666632758160289,0.008023788761590378,1.0180017534101078,1.0155687610571964,0.05043510807523159,0.01523933387995137,0.8824740338729298,0.02263374485596708,0.9063995968757873,0.6733014786960333,3.3095349490034622,0.839563862928349,-4896423.217432237,118957974.32094987,-117576931.87500745,-95166379.4567599,391713857.394579,297928520.3837615,-93785337.01081747,297928520.3837615,16917769.962794717,22849975.014683776,747457836.5380212,677495481.7197106,16917769.962794717,17608291.18576593,16917769.962794717,16917769.962794717,16917769.962794717,16917769.962794717,17608291.18576593,16917769.962794717,0.02856246876835472,0.027306975635679787,20150664.77943267,18612685.69190588,27875451.438392833,18644067.401890982,27871947.545383506,27871947.545383506,1110138415.2394924,774702037.5170672,335436377.72242516,335436377.72242516,335436377.72242516,583364884.0974075,583364884.0974075,295700020.0732635,295700020.0732635,296013893.35643226,287633476.69582707,0.008148621240985065,0.0,31.8599910736084,2023-03-02,0,0,0,0,0,0,0,1,0,0,0,-12.119892879535096,0
31.7228572845459,31.822419548034667,32.58275709152222,33.037704391479494,31.855020391055543,31.99839009247218,32.42393053809762,33.106614850741074,43.702396714979265,71.25114397350434,59.59699332271083,-0.531544761423838,-0.4887233602325124,-0.0428214011913256,20.142803866240403,-10.21452621231007,-59.219685716025566,53.627886072350165,-3.4736277926925796,0.7516274563558761,2.341212341402777,0.5259880806127697,32.17831455643316,31.7228572845459,31.267400012658644,-1.1553115844726562,-2.3353701490010845,-0.7672496086511913,64.28571428571429,21.42857142857143,-42.85714285714286,-0.03571525885557688,0.007665017282582953,1.0165191012798704,0.999415191306506,0.05043510807523159,0.01523933387995137,0.8824740338729298,0.02263374485596708,0.9063995968757873,0.6733014786960333,3.3095349490034622,0.839563862928349,-4859177.537627186,118053095.30517331,-116682558.05097076,-94442476.24413864,388734203.0101749,295662264.02023876,-93071938.9899361,295662264.02023876,16789081.36398111,22676161.8422602,741772140.2631655,672341968.9082232,16789081.36398111,17474349.99108238,16789081.36398111,16789081.36398111,16789081.36398111,16789081.36398111,17474349.99108238,16789081.36398111,0.02834520230282525,0.027099259344459305,19997384.481773417,18471104.357775137,27663410.91562934,18502247.356139548,27659933.67572398,27659933.67572398,1101693912.3611279,768809102.4597064,332884809.90142137,332884809.90142137,332884809.90142137,578927395.6047364,578927395.6047364,293450715.26913923,293450715.26913923,293762201.0087307,285445531.76163805,0.00808663702840437,0.0,32.10419845581055,2023-03-03,0,0,0,0,0,0,0,1,0,0,0,-12.347166199120405,0
31.764184188842773,31.672136306762695,32.46112194061279,32.991806449890134,31.806582680747642,31.945902304773938,32.35590927352945,33.05183416091326,40.052095410387956,64.75451920177575,66.33420594607463,-0.5224291883305341,-0.49546452585211676,-0.026964662478417334,20.12861005242194,-27.946874535192343,-74.11323702648536,48.25006253460259,-4.524894595604101,0.7569795948107512,2.3872172284683653,0.8265573947241265,32.166805370179944,31.764184188842773,31.3615630075056,-1.5028324127197266,-2.5945453516543235,-0.8505792373265955,57.142857142857146,14.285714285714286,-42.85714285714286,-0.5909088938691857,-0.012287838184831257,1.0261905091690113,0.9848307912403508,0.05043510807523159,0.01523933387995137,0.8824740338729298,0.02263374485596708,0.9063995968757873,0.6733014786960333,3.3095349490034622,0.839563862928349,-4919629.144483985,119521759.34355323,-118134171.63613467,-95617407.47484258,393570331.5587188,299340511.7912948,-94229819.76742403,299340511.7912948,16997949.41587736,22958269.340925265,751000310.5560361,680706378.7415822,16997949.41587736,17691743.269586638,16997949.41587736,16997949.41587736,16997949.41587736,16997949.41587736,17691743.269586638,16997949.41587736,0.028697836676156583,0.02743639330577607,20246166.09460717,18700897.96589105,28007563.32167753,18732428.405191477,28004042.8224473,28004042.8224473,1115399764.1747055,778373631.6932931,337026132.48141253,337026132.48141253,337026132.48141253,586129662.0473036,586129662.0473036,297101449.80886936,297101449.80886936,297416810.6514645,288996676.1541746,0.008187240515033396,0.0,31.709707260131836,2023-03-06,0,0,0,0,0,0,0,1,0,0,0,-11.048240005018942,0
31.75833740234375,31.652305793762206,32.345069122314456,32.938017768859865,31.708189163874078,31.866902273019942,32.27548002177683,32.99142506166674,38.3193952230512,43.88142778058968,59.962363651956544,-0.5251529612255688,-0.5014022129268072,-0.02375074829876156,20.263538858209987,-41.06331537797045,-81.60001407298896,38.98396375235485,-0.625376728892757,0.7568697643190218,2.4018917380874174,0.7554419679265401,32.17439879155152,31.75833740234375,31.34227601313598,-0.1983051300048828,-2.7505105917594053,-0.899035869500576,50.0,7.142857142857143,-42.85714285714286,-0.35000357628209827,-0.00625376728892757,1.0240240016633455,0.9916789723240041,0.05043510807523159,0.01523933387995137,0.8824740338729298,0.02263374485596708,0.9063995968757873,0.6733014786960333,3.3095349490034622,0.839563862928349,-4950588.975882283,120273924.47816573,-118877604.5106092,-96219139.58253258,396047118.0705827,301224298.45560664,-94822819.61497605,301224298.45560664,17104919.60256763,23102748.554117322,755726447.8952609,684990147.7206352,17104919.60256763,17803079.586345904,17104919.60256763,17104919.60256763,17104919.60256763,17104919.60256763,17803079.586345904,17104919.60256763,0.028878435692646656,0.02760905390395889,20373577.708438627,18818585.017296117,28183818.363033343,18850313.881529804,28180275.708868384,28180275.708868384,1122419112.102439,783272032.7097853,339147079.39265364,339147079.39265364,339147079.39265364,589818248.11377,589818248.11377,298971145.78068584,298971145.78068584,299288491.22785777,290815367.788367,0.008238763826754352,0.0,31.511402130126953,2023-03-07,0,0,0,0,0,0,0,1,0,0,0,-12.765956158960828,0
31.839437103271486,31.697552108764647,32.24605712890625,32.91554431915283,31.809421641475947,31.893263059139898,32.25037588605329,32.95301178852999,44.808860033842265,40.596549540631386,49.74416550766556,-0.48137763540720613,-0.49739729742288696,0.016019662015680836,20.388829892156032,-12.026521807154268,-57.24729585484679,45.68502515733779,1.4336863624559326,0.7399053071910526,2.311345521472004,0.5193673645274544,32.26341506786875,31.839437103271486,31.41545913867422,0.45246315002441406,-2.9076408880207802,-0.9489374405298499,42.85714285714286,0.0,-42.85714285714286,0.8490599988483927,0.015882646684078905,1.015872979604222,1.0134529372997212,0.05043510807523159,0.01523933387995137,0.8824740338729298,0.02263374485596708,0.9063995968757873,0.6733014786960333,3.3095349490034622,0.839563862928349,-4873189.823688196,118393521.9985786,-117019032.56112808,-94714817.59886289,389855185.89505565,296514857.7336433,-93340328.16141236,296514857.7336433,16837495.60876883,22741552.510544915,743911169.6237864,674280784.2583956,16837495.60876883,17524740.32749409,16837495.60876883,16837495.60876883,16837495.60876883,16837495.60876883,17524740.32749409,16837495.60876883,0.02842694063818114,0.0271774047859534,20055050.428255267,18524369.009276282,27743183.186589073,18555601.81390904,27739695.919455882,27739695.919455882,1104870838.9360757,771026097.6171285,333844741.3189471,333844741.3189471,333844741.3189471,580596833.7376206,580596833.7376206,294296931.59593904,294296931.59593904,294609315.55899596,286268663.7453758,0.008109956256902634,0.0,32.01188659667969,2023-03-08,0,0,0,0,0,0,0,1,0,0,0,-11.29794664362174,0
31.714949798583984,31.66160774230957,32.1501259803772,32.865810012817384,31.6187992777076,31.77404333023644,32.15391671120735,32.88573895565317,38.125470368698174,33.86537179273791,39.447783037986284,-0.5033650204800466,-0.4985908420343189,-0.004774178445727695,21.2070023747874,-61.05484082480609,-89.11653998046941,39.24454770021214,-1.1375880142415196,0.7929517764307794,2.5384566360891436,1.4825558765472273,32.35310422501655,31.714949798583984,31.076795372151416,-0.35944366455078125,-2.75773513374453,-0.8975109442686424,100.0,0.0,-100.0,-0.5159221121278235,-0.024188891341040297,1.0478512535541153,0.9760992158990371,0.05043510807523159,0.01523933387995137,0.8824740338729298,0.02263374485596708,0.9063995968757873,0.6733014786960333,3.3095349490034622,0.839563862928349,-4993988.8780169105,121328319.53643648,-119919758.57084197,-97062655.62914918,399519110.24135286,303865015.5777982,-95654094.66355467,303865015.5777982,17254871.828532785,23305281.430745583,762351609.8788122,690995191.8717629,17254871.828532785,17959152.311330043,17254871.828532785,17254871.828532785,17254871.828532785,17254871.828532785,17959152.311330043,17254871.828532785,0.02913160178843198,0.027851091819709694,20552184.99799267,18983560.28630787,28430895.01688093,19015567.30524382,28427321.305634722,28427321.305634722,1132258927.0934622,790138676.2000858,342120250.8933764,342120250.8933764,342120250.8933764,594988956.9668096,594988956.9668096,301592110.3833161,301592110.3833161,301912237.8754967,293364833.8342754,0.008310989888245898,0.0,31.2375545501709,2023-03-09,0,0,0,0,0,0,0,1,0,0,0,-9.31076371662909,0
31.483074569702147,31.602965927124025,32.060691833496094,32.850402450561525,31.394140288938853,31.62327587226643,32.03876486360678,32.80962457744722,35.94287275032604,38.11457790752649,37.52549974696522,-0.5382071102198189,-0.5065140956714189,-0.03169301454840001,22.726140299171366,-283.1288976185002,-72.86100058542132,42.898175394832776,-1.8598004494584264,0.8078094907169101,2.6104835328761262,1.0009597764366092,32.22161505497621,31.483074569702147,30.744534084428082,-0.5864181518554688,-2.6249614074675613,-0.8517539195525323,100.0,0.0,-100.0,-0.07920608841802976,-0.009371163747769473,1.0315427328886346,0.9975647482473875,0.05043510807523159,0.01523933387995137,0.8824740338729298,0.02263374485596708,0.9063995968757873,0.6733014786960333,3.3095349490034622,0.839563862928349,-5041231.079957537,122476062.77589144,-121054177.08667265,-97980850.22071315,403298486.3966029,306739521.8651086,-96558964.53149436,306739521.8651086,17418099.692930207,23525745.03980184,769563313.7058256,697531877.3133553,17418099.692930207,18129042.537539605,17418099.692930207,17418099.692930207,17418099.692930207,17418099.692930207,18129042.537539605,17418099.692930207,0.0294071812997523,0.028114557945917034,20746604.829056017,19163141.220607817,28699845.973029952,19195451.01996419,28696238.455142904,28696238.455142904,1142969885.044988,797613240.4840509,345356644.56093717,345356644.56093717,345356644.56093717,600617441.3595563,600617441.3595563,304445115.412051,304445115.412051,304768271.2505098,296140010.36365944,0.008389610300148563,0.0,30.944822311401367,2023-03-10,0,0,0,0,0,0,0,1,0,0,0,-7.262753159686462,0
31.00714530944824,31.38566474914551,31.90366926193237,32.83540538787842,30.706113845580003,31.20632770619295,31.780793063154924,32.67317110220859,26.821440432429906,17.11004083148376,29.696663510582678,-0.688184500842759,-0.542848176705687,-0.14533632413707198,24.880894918048877,-322.272370699011,-97.64706107932282,34.00791224443043,-6.897777235295976,0.8708449233071592,2.96912074110104,1.6903055469803974,32.82557638897741,31.00714530944824,29.18871422991907,-2.1730117797851562,-2.60060581649191,-0.8385959282899513,100.0,0.0,-100.0,-0.8134342804599285,-0.05218195587906538,1.0432537176367938,0.9660963605535404,0.05043510807523159,0.01523933387995137,0.8824740338729298,0.02263374485596708,0.9063995968757873,0.6733014786960333,3.3095349490034622,0.839563862928349,-5318775.171275714,129218960.89189075,-127718793.53588991,-103375168.7135126,425502013.7020572,323627012.3445454,-101875001.35751176,323627012.3445454,18377050.11101032,24820950.799286667,811931486.7228197,735934372.2563224,18377050.11101032,19127133.78901074,18377050.11101032,18377050.11101032,18377050.11101032,18377050.11101032,19127133.78901074,18377050.11101032,0.031026188499108334,0.029662399993653023,21888805.51255775,20218164.59337499,30279910.950258363,20252253.20305781,30276104.821107913,30276104.821107913,1205895891.2362227,841525697.2911999,364370193.9450228,364370193.9450228,364370193.9450228,633684329.0598104,633684329.0598104,321206287.7473622,321206287.7473622,321547234.87372607,312443946.59981185,0.008851498821094516,0.0,29.330060958862305,2023-03-13,0,0,0,0,0,0,0,1,0,0,0,-0.8692822498785393,0
30.470781326293945,31.114559364318847,31.698140811920165,32.78815879821777,30.08060330183849,30.7741921622225,31.499725363269263,32.52244212621435,24.72693044203648,14.585684186616762,23.270100975208962,-0.8377698263815851,-0.6018325066408666,-0.23593731974071852,27.349032878485556,-236.36232663270812,-90.37558520554174,31.5762132415675,-8.595431756303086,0.9287030593009586,3.221354553096916,1.6808588272203515,32.86785270087249,30.470781326293945,28.073709951715404,-2.7110538482666016,-2.6821014964228334,-0.859394574776676,100.0,78.57142857142857,-21.42857142857143,-0.595505726336005,-0.017063678974578167,1.0590969033765198,0.9664450946241749,0.05043510807523159,0.01523933387995137,0.8824740338729298,0.02263374485596708,0.9063995968757873,0.6733014786960333,3.3095349490034622,0.839563862928349,-5411108.591172056,131462189.49065445,-129935979.37519567,-105169751.59252356,432888687.29376453,329245145.81669974,-103643541.47706477,329245145.81669974,18696073.91437012,25251840.092136264,826026538.3985343,748710121.4131336,18696073.91437012,19459178.972099513,18696073.91437012,18696073.91437012,18696073.91437012,18696073.91437012,19459178.972099513,18696073.91437012,0.03156480011517033,0.030177336373844163,22268793.048285004,20569149.965160444,30805567.260623418,20603830.349793356,30801695.057440937,30801695.057440937,1226830126.6741312,856134501.5853121,370695625.088819,370695625.088819,370695625.088819,644685027.4072042,644685027.4072042,326782397.6758458,326782397.6758458,327129263.6111773,317867943.1378252,0.009005159980109829,0.0,28.82958221435547,2023-03-14,0,0,0,0,0,0,0,1,0,0,0,0.19652657716795843,1
29.683232498168945,30.761334800720213,31.43417673110962,32.72038360595703,29.411783019910555,30.283274033828352,31.17347937210597,32.347999001894365,21.941652415366534,6.138662480613679,12.61146249957136,-1.0056820726780877,-0.6826024198483108,-0.3230796528297769,29.959321858868723,-210.00969694848303,-93.56136627329441,31.467338697543063,-11.17573329068816,0.937911168517189,3.3408363941492785,1.0576165883281838,32.124567478061024,29.683232498168945,27.24189751827687,-3.532245635986328,-2.9027484015949185,-0.9236650711450807,100.0,71.42857142857143,-28.571428571428573,-0.224720112469355,-0.026203631834963437,1.0302617951127515,0.993317715973933,0.05043510807523159,0.01523933387995137,0.8824740338729298,0.02263374485596708,0.9063995968757873,0.6733014786960333,3.3095349490034622,0.839563862928349,-5556714.69731236,134999671.1718836,-133432392.66751346,-107999736.9375069,444537175.7849888,338104717.35185206,-106432458.43313675,338104717.35185206,19199161.678534374,25931335.254124347,848253870.5243368,768856966.2915852,19199161.678534374,19982800.93071945,19199161.678534374,19199161.678534374,19199161.678534374,19199161.678534374,19982800.93071945,19199161.678534374,0.032414169067655436,0.030989370427318932,22868018.177400865,21122639.84298865,31634506.21475574,21158253.433023147,31630529.815470356,31630529.815470356,1259842577.751544,879172001.0196389,380670576.7319051,380670576.7319051,380670576.7319051,662032688.232356,662032688.232356,335575699.7652548,335575699.7652548,335931899.4253389,326421368.50109273,0.009247477475274027,0.0,28.074142456054688,2023-03-15,0,0,0,0,0,0,0,1,0,0,0,2.9935927433885166,1
29.19219512939453,30.453572463989257,31.195761585235594,32.68677021026611,29.201977915373313,30.01038197427753,30.945754451552908,32.20817032363572,29.912346121814043,15.207007390097028,11.977118019109115,-1.0692798858803378,-0.7599379130547163,-0.3093419728256216,31.843322504856644,-138.0465119954464,-78.4708545953709,38.13981953922053,-9.659837506542669,0.9491597864223552,3.2977126694640826,1.0953918191895156,31.118891254741325,29.19219512939453,27.265499004047737,-3.0776233673095703,-3.0143763757577067,-0.9531454306382408,92.85714285714286,64.28571428571429,-28.571428571428573,0.7844827302712727,0.025226959339995858,1.039415556757847,1.030774428704894,0.05043510807523159,0.01523933387995137,0.8824740338729298,0.02263374485596708,0.9063995968757873,0.6733014786960333,3.3095349490034622,0.839563862928349,-5419984.957174335,131677839.66468415,-130149125.95881447,-105342271.73174731,433598796.5739468,329785238.5480691,-103813558.02587764,329785238.5480691,18726742.89690363,25293263.13348023,827381549.8086513,749938303.2090257,18726742.89690363,19491099.74983847,18726742.89690363,18726742.89690363,18726742.89690363,18726742.89690363,19491099.74983847,18726742.89690363,0.03161657891685028,0.03022683918424148,22305322.7083713,20602891.535925515,30856100.619048193,20637628.810155433,30852222.063915443,30852222.063915443,1228842615.0660195,857538902.0062623,371303713.0597571,371303713.0597571,371303713.0597571,645742566.7566806,645742566.7566806,327318450.5226885,327318450.5226885,327665885.4558407,318389372.74067694,0.009019932017030864,0.0,28.782367706298828,2023-03-16,0,0,0,0,0,0,0,1,0,0,0,3.2152217491426582,1
28.674717330932616,30.07889595031738,30.950657749176024,32.625595321655275,28.92046304994614,29.70984585515285,30.6992476770328,32.05716102933988,28.060890246231455,19.10082470468051,13.4821648584637,-1.1408196064754819,-0.8361142517388693,-0.30470535473661253,33.592751676131144,-113.09394626302866,-87.52514534579028,36.68811011830959,-11.670639096864367,0.9319502662170297,3.2864408274552446,0.7082265035477988,29.53560353972378,28.674717330932616,27.81383112214145,-3.74676513671875,-3.3062213456530953,-1.039324577038105,85.71428571428572,57.142857142857146,-28.571428571428573,-0.28358000757246105,-0.014763705041334618,1.0225361616754183,0.9937128182982776,0.05043510807523159,0.01523933387995137,0.8824740338729298,0.02263374485596708,0.9063995968757873,0.6733014786960333,3.3095349490034622,0.839563862928349,-5501203.097071982,133651023.96091546,-132099402.57456182,-106920819.16873236,440096247.7657585,334727049.98337984,-105369197.78237873,334727049.98337984,19007361.98283204,25672281.119669247,839779811.2414883,761176082.3737098,19007361.98283204,19783172.676008858,19007361.98283204,19007361.98283204,19007361.98283204,19007361.98283204,19783172.676008858,19007361.98283204,0.03209035139958656,0.030679786502901436,22639566.591796234,20911624.593356956,31318477.381451655,20946882.403496172,31314540.70640974,31314540.70640974,1247256745.7714033,870389069.4995555,376867676.2718479,376867676.2718479,376867676.2718479,655418979.2447426,655418979.2447426,332223297.2917637,332223297.2917637,332575938.515935,323160417.8305618,0.009155095141322707,0.0,28.357433319091797,2023-03-17,0,0,0,0,0,0,0,1,0,0,0,8.058604757153574,1
28.48963394165039,29.748389625549315,30.710262966156005,32.56704669952393,28.74852337078115,29.47253642920709,30.480713994691694,31.913925067893263,28.5897332086535,25.923770631764498,20.077200908847306,-1.1801023566854525,-0.904911872728186,-0.27519048395726653,35.217221620886036,-91.05475398432,-86.5192033531588,38.81705025791496,-10.422875306187617,0.9011309336831597,3.1724774768807142,0.5004796107428504,29.054322423810465,28.48963394165039,27.924945459490313,-3.305063247680664,-3.712233400314452,-1.1607755025227853,78.57142857142857,50.0,-28.571428571428573,0.1509435999309019,0.0016648436700223979,1.0177554027646138,1.0026666641235351,0.05043510807523159,0.01523933387995137,0.8824740338729298,0.02263374485596708,0.9063995968757873,0.6733014786960333,3.3095349490034622,0.839563862928349,-5492059.676284534,133428885.72511783,-131879843.25231963,-106743108.58009426,439364774.1027627,334170707.99546665,-105194066.10729606,334170707.99546665,18975770.291777972,25629611.822661158,838384032.8912814,759910949.4397542,18975770.291777972,19750291.52817707,18975770.291777972,18975770.291777972,18975770.291777972,18975770.291777972,19750291.52817707,18975770.291777972,0.03203701477832645,0.0306287943485099,22601937.89855558,20876867.87203031,31266423.6739139,20912067.0809893,31262493.541927345,31262493.541927345,1245183709.5545363,868942416.2183003,376241293.33623594,376241293.33623594,376241293.33623594,654329622.7142586,654329622.7142586,331671116.7325423,331671116.7325423,332023171.8399964,322623300.4709709,0.009139878672170572,0.0,28.404644012451172,2023-03-20,0,0,0,0,0,0,0,1,0,0,0,11.60238497781458,1
28.585953140258788,29.528367233276366,30.590336513519286,32.49766075134277,28.936074982986586,29.443198570696246,30.369329633997005,31.811856563560095,38.01279840711214,46.942336700956865,30.655644012467253,-1.1251148621626719,-0.9489524706150831,-0.17616239154758873,35.21121554051065,-49.69337769322739,-67.20322323163933,41.666988580544114,-6.982310446369933,0.9102853558233949,3.1055911481363108,1.0292928436464521,29.43992014885775,28.585953140258788,27.731986131659824,-2.200223922729492,-4.08385230683355,-1.272014336708267,71.42857142857143,42.85714285714286,-28.571428571428573,0.6250005960470189,0.031914999341266626,1.0263417588065085,1.0163719706945322,0.05043510807523159,0.01523933387995137,0.8824740338729298,0.02263374485596708,0.9063995968757873,0.6733014786960333,3.3095349490034622,0.839563862928349,-5322201.61524006,129302205.90871683,-127801072.11980297,-103441764.72697346,425776129.2192048,323835498.28114516,-101940630.9380596,323835498.28114516,18388888.914194822,24836940.871120278,812454546.5726075,736408473.4933121,18388888.914194822,19139455.808651753,18388888.914194822,18388888.914194822,18388888.914194822,18388888.914194822,19139455.808651753,18388888.914194822,0.031046176088900347,0.029681509008069564,21902906.64733409,20231189.47331638,30299417.775565952,20265300.043451965,30295609.194443416,30295609.194443416,1206672749.5476005,842067822.2266356,364604927.3209649,364604927.3209649,364604927.3209649,634092559.108024,634092559.108024,321413214.2126705,321413214.2126705,321754380.9828782,312645228.2183327,0.008857201104747102,0.0,29.31117820739746,2023-03-21,0,0,0,0,0,0,0,1,0,0,0,9.43944749890662,1
28.652053451538087,29.167642974853514,30.43259754180908,32.39680656433106,28.758931326141447,29.25437046919714,30.182216717659305,31.678240385085235,33.283037588616914,51.1841478510995,41.35008506127358,-1.141527788134411,-0.9874675341189487,-0.1540602540154623,35.44911510524006,-57.346439904369085,-86.5192033531588,40.99790558848002,-11.268447341690457,0.9309268059724168,3.2773753670855554,1.1992656579097023,29.37904788470686,28.652053451538087,27.925059018369314,-3.6072425842285156,-4.432877051083054,-1.3729936893169707,64.28571428571429,35.714285714285715,-28.571428571428573,-0.8346449479309023,-0.030927934337265928,1.0422348011524014,0.9659601963160362,0.05043510807523159,0.01523933387995137,0.8824740338729298,0.02263374485596708,0.9063995968757873,0.6733014786960333,3.3095349490034622,0.839563862928349,-5492059.676284534,133428885.72511783,-131879843.25231963,-106743108.58009426,439364774.1027627,334170707.99546665,-105194066.10729606,334170707.99546665,18975770.291777972,25629611.822661158,838384032.8912814,759910949.4397542,18975770.291777972,19750291.52817707,18975770.291777972,18975770.291777972,18975770.291777972,18975770.291777972,19750291.52817707,18975770.291777972,0.03203701477832645,0.0306287943485099,22601937.89855558,20876867.87203031,31266423.6739139,20912067.0809893,31262493.541927345,31262493.541927345,1245183709.5545363,868942416.2183003,376241293.33623594,376241293.33623594,376241293.33623594,654329622.7142586,654329622.7142586,331671116.7325423,331671116.7325423,332023171.8399964,322623300.4709709,0.009139878672170572,0.0,28.404644012451172,2023-03-22,0,0,0,0,0,0,0,1,0,0,0,13.863042795382876,1
28.48963317871094,28.840914154052733,30.25126094818115,32.27599369049072,28.49604299814866,29.020896991554586,29.971554777135857,31.532829638303976,31.274987827992973,47.44377554403817,48.523420032031474,-1.176029264652236,-1.0251798802256062,-0.15084938442662965,36.22677607673875,-80.35526861029761,-93.70075491618239,41.7210403422631,-10.459487802606926,0.9453723736542987,3.379919097263727,1.1331647535187628,29.373534197926475,28.48963317871094,27.605732159495403,-3.267288208007809,-4.748902485299919,-1.4610438102330932,100.0,28.571428571428573,-71.42857142857143,-0.5999990463262866,-0.0152924877388948,1.0409556585046464,0.9762689746297488,0.05043510807523159,0.01523933387995137,0.8824740338729298,0.02263374485596708,0.9063995968757873,0.6733014786960333,3.3095349490034622,0.839563862928349,-5577351.25192003,135501033.62036484,-133927934.54931048,-108400826.89629188,446188100.1536024,339360372.3283649,-106827727.82523751,339360372.3283649,19270463.620416004,26027639.17562681,851404119.9565616,771712351.1070119,19270463.620416004,20057013.155943185,19270463.620416004,19270463.620416004,19270463.620416004,19270463.620416004,20057013.155943185,19270463.620416004,0.03253454896953351,0.031104458904938632,22952945.536747817,21201085.20761909,31751990.600863103,21236831.059580922,31747999.434006326,31747999.434006326,1264521387.3664074,882437074.3582705,382084313.008137,382084313.008137,382084313.008137,664491348.5140108,664491348.5140108,336821962.463709,336821962.463709,337179484.97985774,327633633.7986869,0.009281820802994991,0.0,27.97026634216309,2023-03-23,0,0,0,0,0,0,0,1,0,0,0,16.988900045859108,1
28.41408805847168,28.54440269470215,30.073684310913087,32.1598779296875,28.323931238064276,28.831589850889298,29.781855057208205,31.393491523778152,31.37190615853186,26.056496719911422,41.561473371682986,-1.1889051349180058,-1.0579249311640861,-0.1309802037539196,37.17295065876703,-90.9967745566093,-87.47700417513745,47.31664374593756,-9.581940925908583,0.9277589376152025,3.315827838408113,0.6987842691069517,29.390044250709014,28.41408805847168,27.438131866234347,-2.9651145935058594,-5.180703836347422,-1.5827909127259865,100.0,21.42857142857143,-78.57142857142857,0.4594572302711734,0.00033755044077588003,1.0255613040282017,1.0116079970847325,0.05043510807523159,0.01523933387995137,0.8824740338729298,0.02263374485596708,0.9063995968757873,0.6733014786960333,3.3095349490034622,0.839563862928349,-5575469.249817221,135455310.62055942,-133882742.37061098,-108364248.49644755,446037539.9853777,339245859.73887867,-106791680.24649909,339245859.73887867,19263961.061868478,26018856.499147035,851116825.0970982,771451947.1622099,19263961.061868478,20050245.186842702,19263961.061868478,19263961.061868478,19263961.061868478,19263961.061868478,20050245.186842702,19263961.061868478,0.032523570623933795,0.03109396312398066,22945200.374247797,21193931.186805207,31741276.319050815,21229664.976810474,31737286.49895957,31737286.49895957,1264094691.6460598,882139307.8460813,381955383.79997855,381955383.79997855,381955383.79997855,664267124.8532237,664267124.8532237,336708306.4264618,336708306.4264618,337065708.30145013,327523078.23926294,0.00927868877750832,0.0,27.979707717895508,2023-03-24,0,0,0,0,0,0,0,1,0,0,0,16.542291194099292,1
28.42730827331543,28.45847110748291,29.92206792831421,32.03479759216309,28.37286918759949,28.76598171194032,29.656987440966464,31.278874016440575,36.395804136403605,31.449115256427728,34.98312917345906,-1.1462732188431666,-1.0755945886999023,-0.07067863014326425,36.88804313806674,-50.280341011580624,-77.90058040413871,45.31954299478877,-2.929812772628204,0.9114036745308495,3.2011936173653956,0.6987852544342594,29.404184957403878,28.42730827331543,27.45043158922698,-0.8593158721923864,-5.364868565651542,-1.629175100571068,92.85714285714286,14.285714285714286,-78.57142857142857,0.07142662515922417,0.01754976762892868,1.0187856888065636,1.0013284293380238,0.05043510807523159,0.01523933387995137,0.8824740338729298,0.02263374485596708,0.9063995968757873,0.6733014786960333,3.3095349490034622,0.839563862928349,-5479308.656134877,133119101.3253281,-131573655.29411057,-106495281.06026249,438344692.4907901,333394857.4617452,-104949835.02904496,333394857.4617452,18931713.882414736,25570107.061962757,836437540.623051,758146649.6325084,18931713.882414736,19704436.8980235,18931713.882414736,18931713.882414736,18931713.882414736,18931713.882414736,19704436.8980235,18931713.882414736,0.03196263382745345,0.03055768288998297,22549462.546401225,20828397.647999886,31193831.819168523,20863515.134281203,31189910.811844684,31189910.811844684,1242292742.6848364,866924975.9661604,375367766.71867585,375367766.71867585,375367766.71867585,652810453.0956591,652810453.0956591,330901069.5477351,330901069.5477351,331252307.2821027,321874259.77448726,0.009118658440784974,0.0,28.47074508666992,2023-03-27,0,0,0,0,0,0,0,1,0,0,0,14.298871766150587,1
28.349874877929686,28.467914009094237,29.791236686706544,31.91840690612793,28.556583201889243,28.794714351672763,29.587180182823825,31.186526456206387,40.710406419286905,49.65128878949682,35.71896692194528,-1.063651219349378,-1.0732059148297974,0.00955469548041954,36.09620178276091,-15.979968108706146,-69.06078744724415,47.75259726929498,0.32754208996570444,0.8847500284212911,3.058877350625868,0.5382526289970322,29.05888443135509,28.349874877929686,27.640865324504283,0.09442901611328125,-5.405615211663875,-1.6326326223520127,85.71428571428572,7.142857142857143,-78.57142857142857,0.84210491092342,0.015920417341344972,1.0189117354468158,1.0159203830285064,0.05043510807523159,0.01523933387995137,0.8824740338729298,0.02263374485596708,0.9063995968757873,0.6733014786960333,3.3095349490034622,0.839563862928349,-5393442.795917205,131033001.25978337,-129511773.80452468,-104826401.0078267,431475423.6733764,328170250.12080836,-103305173.55256799,328170250.12080836,18635036.32691906,25169399.71428029,823329786.8075148,746265786.8581594,18635036.32691906,19395650.05454841,18635036.32691906,18635036.32691906,18635036.32691906,18635036.32691906,19395650.05454841,18635036.32691906,0.03146174964285036,0.03007881559261518,22196091.506274648,20501997.294736553,30704995.47671511,20536564.45736256,30701135.91522101,30701135.91522101,1222824860.5692027,853339455.6976182,369485404.8715844,369485404.8715844,369485404.8715844,642580306.4417768,642580306.4417768,325715542.1816409,325715542.1816409,326061275.69419974,316830190.9088799,0.008975760586295161,0.0,28.92401123046875,2023-03-28,0,0,0,0,0,0,0,1,0,0,0,11.358993945865189,1
28.60672607421875,28.629389762878418,29.695362281799316,31.81637466430664,28.934022132558322,28.957293559349804,29.596867783878363,31.12779600670404,47.21733446456301,73.36734070846701,51.48924825146381,-0.9257807346936318,-1.0437208788025643,0.1179401441089325,34.32774271880404,77.09231902777076,-38.970527991230554,53.38802377663965,5.751760860975286,0.8768630273733728,2.9535046012268573,0.7743320137504348,29.89931853945403,28.60672607421875,27.314133608983468,1.6147575378417969,-5.062292910061866,-1.5250060130388334,78.57142857142857,0.0,-78.57142857142857,0.7586217102342405,0.026444767889662435,1.0187884647858163,1.0141935656147618,0.05043510807523159,0.01523933387995137,0.8824740338729298,0.02263374485596708,0.9063995968757873,0.6733014786960333,3.3095349490034622,0.839563862928349,-5254489.052543909,127657137.87911163,-126175102.5053172,-102125710.30328931,420359124.2035127,319715449.2740178,-100643674.92949487,319715449.2740178,18154933.32898184,24520948.911871575,802117963.4441067,727039398.7125659,18154933.32898184,18895951.015879057,18154933.32898184,18154933.32898184,18154933.32898184,18154933.32898184,18895951.015879057,18154933.32898184,0.03065118613983947,0.029303881254571798,21624243.408546086,19973794.92409319,29913928.5787813,20007471.51703552,29910168.452942252,29910168.452942252,1191320662.1758046,831354479.4544151,359966182.7213895,359966182.7213895,359966182.7213895,626025214.9396224,626025214.9396224,317323983.10266775,317323983.10266775,317660809.3239846,308667549.21482295,0.008744513944719146,0.0,29.688899993896484,2023-03-29,0,0,0,0,0,0,0,1,0,0,0,8.713828899156303,1
29.022219848632812,28.755926513671874,29.604749488830567,31.735420417785644,29.305259826450015,29.15555567841955,29.639807539150272,31.085440681509112,49.99023208852882,86.34111610584068,69.7865818679348,-0.778587309085264,-0.9906941648591042,0.21210685577384025,31.921005032718618,169.61472552288453,-14.836693424661219,49.44651129181018,4.396328755322143,0.8634685242682688,2.873655928182068,0.6893399839019168,30.544519443238745,29.022219848632812,27.49992025402688,1.2653675079345703,-4.541080169047204,-1.3653514079558526,71.42857142857143,0.0,-71.42857142857143,0.046512865779823255,0.012086511134150602,1.013547523658725,1.0006289452277837,0.05043510807523159,0.01523933387995137,0.8824740338729298,0.02263374485596708,0.9063995968757873,0.6733014786960333,3.3095349490034622,0.839563862928349,-5191739.040821416,126132634.38918698,-124668297.7366476,-100906107.51134957,415339123.26571333,315897352.4069031,-99441770.8588102,315897352.4069031,17938123.99360733,24228115.523833275,792538932.8084693,718356969.2059633,17938123.99360733,18670292.319877017,17938123.99360733,17938123.99360733,17938123.99360733,17938123.99360733,18670292.319877017,17938123.99360733,0.030285144404791596,0.02895392926611944,21366002.975688137,19735264.430814743,29556691.300291672,19768538.8520938,29552976.078521907,29552976.078521907,1177093705.992389,821426301.3176551,355667404.6747338,355667404.6747338,355667404.6747338,618549114.1840183,618549114.1840183,313534445.53576005,313534445.53576005,313867249.3204281,304981388.2697914,0.008640085455659308,0.0,30.0477352142334,2023-03-30,0,0,0,0,0,0,0,1,0,0,0,11.364674650035449,1
29.57180404663086,28.992946052551268,29.535921001434325,31.665246047973632,29.779382786928593,29.441387138322494,29.743409555220317,31.071408839406235,54.831999148444964,95.88118664932513,85.19654782121091,-0.6001555167749828,-0.9125864352422799,0.3124309184672971,30.115159463048546,190.71132617149505,-0.8286965471519624,62.57437830350065,8.358286034294228,0.8523794467148113,2.773983813778842,0.708221438519864,31.173832498490466,29.57180404663086,27.969775594771253,2.370195388793949,-3.6985376264108125,-1.1107902649121435,64.28571428571429,100.0,35.714285714285715,0.7400054931640746,0.02262711278586771,1.0155908950657302,1.0115014848505404,0.05043510807523159,0.01523933387995137,0.8824740338729298,0.02263374485596708,0.9063995968757873,0.6733014786960333,3.3095349490034622,0.839563862928349,-5076864.260598318,123341766.33120272,-121909830.25770062,-98673413.06496216,406149140.8478654,308907663.8564053,-97241476.99146008,308907663.8564053,17541216.900400598,23692033.21612548,775002855.7813355,702462276.0577865,17541216.900400598,18257184.93715164,17541216.900400598,17541216.900400598,17541216.900400598,17541216.900400598,18257184.93715164,17541216.900400598,0.029615041520156853,0.02831328145333677,20893249.072462305,19298592.990607705,28902706.500488292,19331131.16690191,28899073.483405806,28899073.483405806,1151048795.0839865,803251049.2313312,347797745.85265523,347797745.85265523,347797745.85265523,604862815.0479509,604862815.0479509,306597039.73779964,306597039.73779964,306922479.7545047,298233231.3084806,0.008448910993687385,0.0,30.727628707885746,2023-03-31,0,0,0,0,0,0,0,1,0,0,0,9.58020380596626,1
29.862650299072264,29.14497928619385,29.446684455871583,31.567559661865236,29.827913974244712,29.529312449332394,29.760701630806665,31.026450702522734,48.82247445657535,83.94327157396243,88.72185810970939,-0.5175483974012458,-0.8335788276740731,0.3160304302728273,27.987973022679395,113.72854538201933,-24.309229342056184,62.03172960222133,5.352407640663781,0.8522001013360111,2.847788721370178,0.8498686114116083,31.028003835018403,29.862650299072264,28.697296763126126,1.5203323364257812,-3.1823402273432353,-0.953793489016018,57.142857142857146,92.85714285714286,35.714285714285715,-0.5507214727996493,-0.026121519712414498,1.021807915762223,0.9881509459188449,0.05043510807523159,0.01523933387995137,0.8824740338729298,0.02263374485596708,0.9063995968757873,0.6733014786960333,3.3095349490034622,0.839563862928349,-5213036.701559648,126650058.326353,-125179714.64129771,-101320046.6610824,417042936.1247719,317193233.14874476,-99849702.97602712,317193233.14874476,18011710.141927246,24327504.60727836,795790102.6342402,721303828.2254168,18011710.141927246,18746881.98445489,18011710.141927246,18011710.141927246,18011710.141927246,18011710.141927246,18746881.98445489,18011710.141927246,0.03040938075909795,0.02907270468177496,21453651.04103394,19816222.84631328,29677939.3790007,19849633.766620908,29674208.916570306,29674208.916570306,1181922404.470918,824795973.512149,357126430.95876896,357126430.95876896,357126430.95876896,621086539.3281258,621086539.3281258,314820633.11149645,314820633.11149645,315154802.1308272,306232489.31469625,0.00867552899535518,0.0,29.924976348876953,2023-04-03,0,0,0,0,0,0,0,1,0,0,0,14.042074263832957,1
30.068508529663085,29.209191703796385,29.368779468536378,31.47739055633545,29.869710110637424,29.606401528257933,29.779044559627255,30.984366454714895,49.03476130205457,70.89978568340877,83.57474796889875,-0.44467010570703636,-0.7557970832806657,0.3111269775736294,26.38824833932592,79.402015092088,-23.480588678835666,60.06716963478035,2.190714312068609,0.8405673105940723,2.8062592225532703,0.6893410309488672,30.768707086334626,30.068508529663085,29.368309972991543,0.6421241760253906,-2.544804255741594,-0.7611978481977388,50.0,85.71428571428572,35.714285714285715,-0.32876701591199775,0.0009465683185732043,1.0233226696495246,0.9924906202129785,0.05043510807523159,0.01523933387995137,0.8824740338729298,0.02263374485596708,0.9063995968757873,0.6733014786960333,3.3095349490034622,0.839563862928349,-5208106.872594307,126530288.76366939,-125061335.54319407,-101224231.01093552,416648549.8075446,316893272.0170844,-99755277.7904602,316893272.0170844,17994676.95082264,24304498.738773435,795037545.2818003,720621710.5445392,17994676.95082264,18729153.5610603,17994676.95082264,17994676.95082264,17994676.95082264,17994676.95082264,18729153.5610603,17994676.95082264,0.030380623423466795,0.029045211404852868,21433362.898753494,19797483.175951436,29649873.74786128,19830862.500448003,29646146.813229132,29646146.813229132,1180804692.1588979,824015986.0857224,356788706.07317543,356788706.07317543,356788706.07317543,620499194.4489602,620499194.4489602,314522915.68404466,314522915.68404466,314856768.6886982,305942893.4644502,0.008667324780311353,0.0,29.95330238342285,2023-04-04,0,0,0,0,0,0,0,1,0,0,0,14.75820064712802,1
30.09494819641113,29.35083713531494,29.259240055084227,31.3847652053833,29.853506182970523,29.645437309963167,29.78304968039006,30.93874809679026,48.03330963610685,48.81311876744193,67.88539200827101,-0.3930504559157981,-0.6832477578076922,0.2901973018918941,25.120840749592748,49.50679516071493,-27.348043415203836,59.80869876124072,4.986699761365232,0.8223460177188276,2.757598022326086,0.5854692103406478,30.74392364199103,30.09494819641113,29.44597275083123,1.4164543151855469,-1.9333565369703345,-0.5770239218687401,42.85714285714286,78.57142857142857,35.714285714285715,0.3529416164585405,-0.004413672125157642,1.016398720984766,1.0057324938650494,0.05043510807523159,0.01523933387995137,0.8824740338729298,0.02263374485596708,0.9063995968757873,0.6733014786960333,3.3095349490034622,0.839563862928349,-5231195.655038196,127091227.77304333,-125615762.33187872,-101672982.21843468,418495652.4030556,318298135.6257856,-100197516.77727005,318298135.6257856,18074451.654266585,24412246.390178245,798562136.7248691,723816398.8076888,18074451.654266585,18812184.374848895,18074451.654266585,18074451.654266585,18074451.654266585,18074451.654266585,18812184.374848895,18074451.654266585,0.030515307987722808,0.029173975768482244,21528382.118811034,19885250.150241345,29781318.724164564,19918777.45326068,29777575.267140497,29777575.267140497,1186039481.5579867,827669045.8823893,358370435.6755974,358370435.6755974,358370435.6755974,623250015.6701275,623250015.6701275,315917270.9366336,315917270.9366336,316252603.99144375,307299211.42801297,0.008705749102453468,0.0,29.82109832763672,2023-04-05,0,0,0,0,0,0,0,1,0,0,0,17.909100979837085,1
30.05150947570801,29.53686466217041,29.18888940811157,31.288759536743164,29.84585132555294,29.679092637373095,29.787572721373653,30.895289018905064,48.11482362362608,38.66216258080947,52.79168901055336,-0.34737519254678517,-0.6160732447555108,0.26869805220872567,23.645160368720973,54.67553752805028,-27.071792662823203,57.87178127846661,6.6509029474290715,0.795983098958157,2.6683494699679517,0.4532651550694382,30.735444312251165,30.05150947570801,29.367574639164854,1.860275268554684,-1.5630705616568894,-0.4654418505155107,35.714285714285715,71.42857142857143,35.714285714285715,-0.3750009934117003,0.00031666449630063376,1.015306107554025,0.9943342680962475,0.05043510807523159,0.01523933387995137,0.8824740338729298,0.02263374485596708,0.9063995968757873,0.6733014786960333,3.3095349490034622,0.839563862928349,-5229539.645500468,127050995.23363318,-125575996.87208176,-101640796.18690655,418363171.6400375,318197373.81468236,-100165797.82535513,318197373.81468236,18068729.929004826,24404518.345668852,798309340.4996676,723587264.4110744,18068729.929004826,18806229.10978053,18068729.929004826,18068729.929004826,18068729.929004826,18068729.929004826,18806229.10978053,18068729.929004826,0.03050564793208607,0.02916474033067569,21521567.002636544,19878955.19090883,29771891.023289755,19912471.880382575,29768148.75131036,29768148.75131036,1185664023.8570902,827407035.4502728,358256988.4068174,358256988.4068174,358256988.4068174,623052716.9953314,623052716.9953314,315817262.82217896,315817262.82217896,316152489.72253156,307201931.4831173,0.008702993173503872,0.0,29.830541610717773,2023-04-06,0,0,0,0,0,0,0,1,0,0,0,18.444570405174748,1
29.981631088256837,29.776717567443846,29.160560131072998,31.225686454772948,30.023313140578587,29.806209752510693,29.843826440350437,30.875012460149176,52.744591133451515,50.99261269021287,46.15596467948806,-0.26394025615304173,-0.545646647035017,0.28170639088197524,22.08043092631874,72.10784292338451,-11.049695400432027,58.92642492323555,8.572387806611381,0.7930873028071737,2.6107088070823843,0.7554419528443894,30.3914184865594,29.981631088256837,29.571843689954274,2.398529052734375,-0.8209348432541589,-0.2439852372193947,28.571428571428573,64.28571428571429,35.714285714285715,0.8874997019764934,0.01836021507954544,1.0254857997010463,1.0225683123056122,0.05043510807523159,0.01523933387995137,0.8824740338729298,0.02263374485596708,0.9063995968757873,0.6733014786960333,3.3095349490034622,0.839563862928349,-5135255.254538771,124760368.04296117,-123311962.71475792,-99808294.43436892,410820420.36310166,312460531.25693595,-98359889.10616568,312460531.25693595,17742965.270489726,23964524.521180928,783916465.5870916,710541568.3924319,17742965.270489726,18467167.93459135,17742965.270489726,17742965.270489726,17742965.270489726,17742965.270489726,18467167.93459135,17742965.270489726,0.029955655651476162,0.02863892353492776,21133550.470601864,19520553.62783007,29235127.78920201,19553466.03836756,29231452.98737454,29231452.98737454,1164287455.7550113,812489552.516192,351797903.2388195,351797903.2388195,351797903.2388195,611819577.9542153,611819577.9542153,310123331.7500625,310123331.7500625,310452514.77919966,301663327.90123904,0.008546085210942838,0.0,30.378236770629883,2023-04-10,0,0,0,0,0,0,0,1,0,0,0,15.934110402214612,1
30.17426872253418,30.018459510803222,29.238465309143066,31.162667808532714,30.31159693380695,30.002928801193054,29.943287209865982,30.875528227212488,56.62526500572701,69.27493134209078,52.97656887103768,-0.15488514070393222,-0.4674943457688,0.3126092050648678,21.47301562441121,110.57392301812293,-5.764399214670235,60.54960275172571,8.49088924871726,0.7957942404560372,2.5763727072030114,0.830984429891263,30.995464900270917,30.17426872253418,29.353072544797442,2.4174194335937536,0.15482925019367683,0.04594348027156059,21.42857142857143,100.0,78.57142857142857,0.5227278638495574,0.016785956126551538,1.0274484471529401,1.014263537503028,0.05043510807523159,0.01523933387995137,0.8824740338729298,0.02263374485596708,0.9063995968757873,0.6733014786960333,3.3095349490034622,0.839563862928349,-5050478.149896501,122700719.15453678,-121276225.31738648,-98160575.32362942,404038251.99172,307302170.5052409,-96736081.48647913,307302170.5052409,17450049.505091116,23568898.032850336,770974914.497662,698811351.7020254,17450049.505091116,18162296.42366626,17450049.505091116,17450049.505091116,17450049.505091116,17450049.505091116,18162296.42366626,17450049.505091116,0.02946112254106292,0.02816612814365356,20784660.078420214,19198291.941593748,28752489.757601783,19230661.006429054,28748875.622487772,28748875.622487772,1145066421.0492907,799076292.921445,345990128.1278455,345990128.1278455,345990128.1278455,601719146.7562587,601719146.7562587,305003555.4498393,305003555.4498393,305327304.04919165,296683216.44648415,0.00840499926208577,0.0,30.888164520263672,2023-04-11,0,0,0,0,0,0,0,1,0,0,0,15.526147666579352,1
30.272476577758788,30.170492553710936,29.319203281402586,31.105237426757814,30.35584517571993,30.083185684529933,29.991006681264068,30.85861895004909,52.57814063637119,78.81600043973788,66.36118149068048,-0.10308269850671437,-0.3946120163163829,0.2915293178096685,19.977336463840793,61.107310799983246,-17.54385366745497,60.584385180827816,5.25629179494862,0.8333822995339987,2.73739635710825,1.3220270675474985,31.081843395491852,30.272476577758788,29.463109760025723,1.5203304290771484,1.0126507795915345,0.29999754979060356,14.285714285714286,92.85714285714286,78.57142857142857,-0.2031235797338343,-0.014368702951792822,1.0408815301334589,0.9920000516451323,0.05043510807523159,0.01523933387995137,0.8824740338729298,0.02263374485596708,0.9063995968757873,0.6733014786960333,3.3095349490034622,0.839563862928349,-5124104.890968658,124489471.38955906,-123044211.0356961,-99591577.11164725,409928391.27749264,311782074.51970834,-98146316.75778429,311782074.51970834,17704439.334821194,23912489.49118707,782214319.7021,708998744.0484518,17704439.334821194,18427069.511752672,17704439.334821194,17704439.334821194,17704439.334821194,17704439.334821194,18427069.511752672,17704439.334821194,0.029890611863983837,0.028576738815017513,21087662.435909476,19478167.95092573,29171648.50965107,19511008.897567995,29167981.687052358,29167981.687052358,1161759396.7222464,810725364.8646693,351034031.8575772,351034031.8575772,351034031.8575772,610491112.2022017,610491112.2022017,309449949.8577931,309449949.8577931,309778418.1200347,301008315.5181845,0.008527528790184796,0.0,30.4443416595459,2023-04-12,0,0,0,0,0,0,0,1,0,0,0,19.767143688513013,1
30.391459274291993,30.243203735351564,29.43629674911499,31.04160484313965,30.375900720580866,30.143699525579535,30.031483360220133,30.84126180731394,52.32108194185645,68.22378911173672,72.10490696452176,-0.06358193890713437,-0.3284060008345332,0.2648240619273988,18.692391560875542,68.96208405251828,-18.29575312633912,65.4449354226443,2.4491032559499804,0.8399561998976962,2.7615592903379267,0.925416904625763,31.063720494345308,30.391459274291993,29.719198054238678,0.72711181640625,1.7044793960347988,0.5042335070096513,7.142857142857143,85.71428571428572,78.57142857142857,-0.45918466646685285,-0.0009305456350467978,1.0309148113138864,0.9862216544690182,0.05043510807523159,0.01523933387995137,0.8824740338729298,0.02263374485596708,0.9063995968757873,0.6733014786960333,3.3095349490034622,0.839563862928349,-5128877.545581388,124605422.42149654,-123158815.93428127,-99684337.93719724,410310203.646511,312072472.1965291,-98237731.44998197,312072472.1965291,17720929.468386974,23934761.879379813,782942883.7850972,709659114.2395786,17720929.468386974,18444232.711994607,17720929.468386974,17720929.468386974,17720929.468386974,17720929.468386974,18444232.711994607,17720929.468386974,0.029918452349224765,0.028603355542665434,21107303.745277252,19496310.15724207,29198819.34353972,19529181.692347847,29195149.105617132,29195149.105617132,1162841473.779924,811480484.4874347,351360989.29248905,351360989.29248905,351360989.29248905,611059731.1677928,611059731.1677928,309738175.3648863,309738175.3648863,310066949.5665261,301288678.3827426,0.008535471435872513,0.0,30.416011810302734,2023-04-13,0,0,0,0,0,0,0,1,0,0,0,22.28190697163999,1
30.40656852722168,30.229039001464844,29.49248275756836,30.970403785705567,30.219296438842647,30.10049740735893,30.01954093309119,30.80458831978658,47.79182930901072,46.41908857650685,64.48629270932712,-0.07258716264704645,-0.27724223319703584,0.20465507054998938,17.485262328962268,24.75803081895526,-40.57506973426101,60.526584110133975,-0.47140770463156567,0.8420136838872422,2.8155260139552154,0.8687609757513393,31.02929431403332,30.40656852722168,29.78384274041004,-0.1416473388671875,2.261096886148746,0.6670654859298324,0.0,78.57142857142857,78.57142857142857,-0.673912502643331,-0.016764983460579752,1.0292249681391583,0.9807989835350157,0.05043510807523159,0.01523933387995137,0.8824740338729298,0.02263374485596708,0.9063995968757873,0.6733014786960333,3.3095349490034622,0.839563862928349,-5216329.218657114,126730049.60711834,-125258777.26339453,-101384039.68569466,417306337.4925691,317393570.1505982,-99912767.34197086,317393570.1505982,18023086.210616566,24342869.68706653,796292718.0326955,721759398.6199602,18023086.210616566,18758722.382478464,18023086.210616566,18023086.210616566,18023086.210616566,18023086.210616566,18758722.382478464,18023086.210616566,0.03042858710883316,0.02909106679635698,21467201.015242737,19828738.632459413,29696683.755535334,19862170.654867917,29692950.936971262,29692950.936971262,1182668898.2992527,825316908.8134286,357351989.48582417,357351989.48582417,357351989.48582417,621478813.1920584,621478813.1920584,315019471.595953,315019471.595953,315353851.674072,306425903.5882935,0.008681008398087605,0.0,29.90608787536621,2023-04-14,0,0,0,0,0,0,0,1,0,0,0,22.367120737951566,1
30.43301010131836,30.207320594787596,29.600133323669432,30.888935356140138,30.316345839599524,30.17503326804154,30.066293667188532,30.793053273564094,52.986360694566834,46.21684846178798,53.61990871667715,-0.030604537111347696,-0.22791469397989822,0.19731015686855052,16.364356613614227,55.64752058074584,-22.499914683083727,62.25088415118394,-0.706803863184946,0.8290850396973904,2.717381045899888,0.6610126652293182,31.05989192836541,30.43301010131836,29.80612827427131,-0.2171840667724645,2.590405847073,0.7634933055975495,0.0,71.42857142857143,71.42857142857143,0.7101487734894637,0.020208486254227997,1.0217802594716596,1.015399172946771,0.05043510807523159,0.01523933387995137,0.8824740338729298,0.02263374485596708,0.9063995968757873,0.6733014786960333,3.3095349490034622,0.839563862928349,-5113003.1644896995,124219756.36805104,-122777627.27037445,-99375805.09444083,409040253.15917593,311106577.1624117,-97933675.99676424,311106577.1624117,17666081.446538128,23860681.434285264,780519598.4561391,707462649.3942959,17666081.446538128,18387145.99537642,17666081.446538128,17666081.446538128,17666081.446538128,17666081.446538128,18387145.99537642,17666081.446538128,0.029825851792856583,0.028514825340423326,21041974.56155376,19435967.157323025,29108446.12219306,19468736.95179048,29104787.24401829,29104787.24401829,1159242364.902796,808968872.4739407,350273492.42885524,350273492.42885524,350273492.42885524,609168441.1231126,609168441.1231126,308779505.20934266,308779505.20934266,309107261.822451,300356160.252459,0.008509053311211495,0.0,30.51044464111328,2023-04-17,0,0,0,0,0,0,0,1,0,0,0,15.245088539446094,1
30.31025047302246,30.24225959777832,29.693619441986083,30.811574478149414,30.30235268599441,30.19309383363111,30.08611011591193,30.772712611023707,50.857674276765685,48.4663333069964,47.03409011509705,-0.016195850998677486,-0.18557092538365408,0.1693750743849766,16.092467488904926,2.8113891050285478,-42.51213572727596,62.32938993675175,1.1675532365803765,0.8784596049930345,2.901661405566677,1.5203289538364082,30.74280445603019,30.31025047302246,29.87769649001473,0.34939002990722656,2.7443739393233706,0.8081660026159057,0.0,64.28571428571429,64.28571428571429,-0.335401798830478,-0.007737621168948272,1.051851872782976,0.9834356709783668,0.05043510807523159,0.01523933387995137,0.8824740338729298,0.02263374485596708,0.9063995968757873,0.6733014786960333,3.3095349490034622,0.839563862928349,-5152874.152613891,125188416.91286312,-123735042.15186946,-100150733.5302905,412229932.2091113,313532573.43981445,-98697358.76929684,313532573.43981445,17803840.822172355,24046746.045531493,786606058.1432513,712979414.001095,17803840.822172355,18530528.202669185,17803840.822172355,17803840.822172355,17803840.822172355,17803840.822172355,18530528.202669185,17803840.822172355,0.030058432556914365,0.028737182774192852,21206059.012680244,19587528.028846394,29335432.586373642,19620553.360821653,29331745.176417533,29331745.176417533,1168282089.1269276,815277178.428308,353004910.69861954,353004910.69861954,353004910.69861954,613918711.5415498,613918711.5415498,311187355.07548374,311187355.07548374,311517667.5211641,302698325.2214981,0.008575406558531123,0.0,30.27436637878418,2023-04-18,0,0,0,0,0,0,0,1,0,0,0,14.01152194989985,1
30.349911499023438,30.311194038391115,29.76019287109375,30.747778244018555,30.415784053846533,30.274830734707415,30.139113608639438,30.767611990573787,53.96470689524547,69.73424112050876,54.80580762976435,0.024656068051022828,-0.1435255266967187,0.16818159474774153,15.839999015960577,83.43199441945114,-25.925801752120226,61.19510570903136,2.301397012268791,0.8737196131241893,2.8513190101519883,0.8120997188292023,30.85470497385474,30.349911499023438,29.845118024192136,0.6893444061279297,2.544529204502173,0.7506001056768952,0.0,57.142857142857146,57.142857142857146,0.6860477237090459,0.012164760317649126,1.027061003285765,1.0185185229530784,0.05043510807523159,0.01523933387995137,0.8824740338729298,0.02263374485596708,0.9063995968757873,0.6733014786960333,3.3095349490034622,0.839563862928349,-5090944.038593832,123683832.73250401,-122247925.4395673,-98947066.18600321,407275523.08750665,309764364.1944401,-97511158.8930665,309764364.1944401,17589864.338474844,23757738.84677122,777152188.0453432,704410429.9554352,17589864.338474844,18307817.984943207,17589864.338474844,17589864.338474844,17589864.338474844,17589864.338474844,18307817.984943207,17589864.338474844,0.029697173558464025,0.028391803292157913,20951192.774213083,19352114.197988097,28982863.004603386,19384742.613113806,28979219.911995664,28979219.911995664,1154241023.724521,805478722.8241857,348762300.9003352,348762300.9003352,348762300.9003352,606540294.2391344,606540294.2391344,307447331.9717468,307447331.9717468,307773674.53832334,299060328.01073,0.008472342542176525,0.0,30.64264678955078,2023-04-19,0,0,0,0,0,0,0,1,0,0,0,12.36246054606708,1
30.349911499023438,30.370685386657716,29.86076126098633,30.676255950927736,30.415859972665267,30.300500021179293,30.165484865940705,30.753823748210216,51.79447305816518,73.15262418372255,63.78439953707588,0.03830243285876733,-0.10715993478562148,0.1454623676443888,15.557187900894531,77.02611473127972,-38.62431812642937,57.922359832462845,1.9949415549013416,0.8517811123369909,2.8004365518048275,0.5665806021034108,30.85470497385474,30.349911499023438,29.845118024192136,0.5949134826660156,2.4712890950392095,0.7305032045413284,85.71428571428572,50.0,-35.714285714285715,-0.10000254313797861,-0.007396064080382625,1.0187090264992402,0.9981406454155602,0.05043510807523159,0.01523933387995137,0.8824740338729298,0.02263374485596708,0.9063995968757873,0.6733014786960333,3.3095349490034622,0.839563862928349,-5128877.545581388,124605422.42149654,-123158815.93428127,-99684337.93719724,410310203.646511,312072472.1965291,-98237731.44998197,312072472.1965291,17720929.468386974,23934761.879379813,782942883.7850972,709659114.2395786,17720929.468386974,18444232.711994607,17720929.468386974,17720929.468386974,17720929.468386974,17720929.468386974,18444232.711994607,17720929.468386974,0.029918452349224765,0.028603355542665434,21107303.745277252,19496310.15724207,29198819.34353972,19529181.692347847,29195149.105617132,29195149.105617132,1162841473.779924,811480484.4874347,351360989.29248905,351360989.29248905,351360989.29248905,611059731.1677928,611059731.1677928,309738175.3648863,309738175.3648863,310066949.5665261,301288678.3827426,0.008535471435872513,0.0,30.416011810302734,2023-04-20,0,0,0,0,0,0,0,1,0,0,0,14.666587235643627,1
30.44056510925293,30.423566818237305,29.980215740203857,30.62031951904297,30.397025290614735,30.311201094876452,30.183948776471464,30.738354421869175,51.23971177052557,75.13204709091796,72.67297079838306,0.044037976575577176,-0.07692035251338175,0.12095832908895893,15.504848595208076,47.211529271081496,-41.79878691489008,55.70883036658658,1.7727278394633617,0.8280371866384971,2.7274530745737895,0.5193661525580779,30.69439965118432,30.44056510925293,30.18673056732154,0.5288143157958984,2.281636924008928,0.6764481740120125,78.57142857142857,42.85714285714286,-35.714285714285715,-0.30908800865590963,-0.0018626992960948385,1.0172359523563317,0.9947401556141556,0.05043510807523159,0.01523933387995137,0.8824740338729298,0.02263374485596708,0.9063995968757873,0.6733014786960333,3.3095349490034622,0.839563862928349,-5138448.930787786,124837957.9979853,-123388651.88930157,-99870366.39838824,411075914.4630228,312654854.1733183,-98421060.28970452,312654854.1733183,17753999.831375748,23979428.343676332,784403992.549874,710983462.6349638,17753999.831375748,18478652.885717615,17753999.831375748,17753999.831375748,17753999.831375748,17753999.831375748,18478652.885717615,17753999.831375748,0.029974285429595418,0.02865673442170111,21146693.67670358,19532693.692033056,29253309.46248393,19565626.571189653,29249632.37525355,29249632.37525355,1165011539.9553409,812994849.4211802,352016690.5341607,352016690.5341607,352016690.5341607,612200075.8180884,612200075.8180884,310316201.13430595,310316201.13430595,310645588.8862795,301850935.9085851,0.008551400122861992,0.0,30.359355926513672,2023-04-21,0,0,0,0,0,0,0,1,0,0,0,16.7879266039691,1
30.41223487854004,30.4226224899292,30.099670028686525,30.573025283813475,30.387614689592766,30.321672438998704,30.20155303466931,30.723861836209554,51.33322106268905,69.34162237038232,72.54209788167425,0.04878263277160144,-0.051779755456385114,0.10056238822798655,15.718080638917119,26.710703395276884,-41.26999377035387,57.79748920547634,-0.031085685296206034,0.820153995701426,2.700647281353763,0.7176725135195028,30.66009770381894,30.41223487854004,30.16437205326114,-0.009443283081054688,2.225197591517654,0.6610730611361006,71.42857142857143,35.714285714285715,-35.714285714285715,-0.13157656979370722,0.00031086170134830837,1.0239672708348522,0.99690023312697,0.05043510807523159,0.01523933387995137,0.8824740338729298,0.02263374485596708,0.9063995968757873,0.6733014786960333,3.3095349490034622,0.839563862928349,-5136852.080210556,124799162.71793596,-123350307.00300477,-99839330.17434877,410948166.41684455,312557691.95742697,-98390474.45941758,312557691.95742697,17748482.50790699,23971976.37431593,784160227.1675268,710762513.7906722,17748482.50790699,18472910.36537258,17748482.50790699,17748482.50790699,17748482.50790699,17748482.50790699,18472910.36537258,17748482.50790699,0.029964970467894914,0.028647828908866566,21140122.022404984,19526623.612595256,29244218.554949336,19559546.25736249,29240542.61042932,29240542.61042932,1164649495.0318408,812742198.998442,351907296.0333988,351907296.0333988,351907296.0333988,612009825.4025218,612009825.4025218,310219765.69015163,310219765.69015163,310549051.0799087,301757131.1733945,0.008548742646178612,0.0,30.368793487548828,2023-04-24,0,0,0,0,0,0,0,1,0,0,0,15.907668348574934,1
30.266812133789063,30.28853130340576,30.153495407104494,30.514560089111328,30.107494011404942,30.180868841913355,30.139238712798832,30.67772029969268,43.51082368984302,49.31944615004725,64.5977052037825,-0.013591992264654351,-0.04414220281803896,0.03055021055338461,16.626762420690902,-136.8632445352479,-87.30150112427765,55.94733621054384,-4.341183382245628,0.8323941191170153,2.817162491671901,0.9915157235196759,31.01527328869545,30.266812133789063,29.518350978882676,-1.340911865234375,1.9886332609650021,0.5917033660106163,64.28571428571429,28.571428571428573,-35.714285714285715,-0.6067408747235411,-0.02705213932375561,1.0286081443968953,0.9830349038808343,0.05043510807523159,0.01523933387995137,0.8824740338729298,0.02263374485596708,0.9063995968757873,0.6733014786960333,3.3095349490034622,0.839563862928349,-5279678.683542408,128269116.7347803,-126779976.59326833,-102615293.38782424,422374294.68339264,321248141.4370804,-101126153.24631228,321248141.4370804,18241966.733521525,24638500.523197904,805963257.4992237,730524771.6939929,18241966.733521525,18986536.804277506,18241966.733521525,18241966.733521525,18241966.733521525,18241966.733521525,18986536.804277506,18241966.733521525,0.030798125653997383,0.029444361888986508,21727908.428424526,20069547.816286206,30057333.73484498,20103385.85231863,30053555.5832414,30053555.5832414,1197031765.11674,835339931.1999598,361691833.91678023,361691833.91678023,361691833.91678023,629026333.4123025,629026333.4123025,318845210.7541861,318845210.7541861,319183651.6954388,310147278.5639912,0.00878643449633245,0.0,29.547252655029297,2023-04-25,0,0,0,0,0,0,0,1,0,0,0,19.676579131343008,1
29.97407760620117,30.161994552612306,30.16624355316162,30.439336547851564,29.797987391473736,29.99870617094935,30.047784945066688,30.618945940944393,40.52927380990152,27.241158374692592,48.63407563170737,-0.09168444813820287,-0.05365065188207174,-0.038033796256131125,17.725882394524437,-192.43174792422093,-98.55078336721932,47.70249122557862,-4.156330664282281,0.8316190344616133,2.85006261748818,0.8215429339413873,30.999324852202328,29.97407760620117,28.948830360200013,-1.2653675079345703,1.5511081005546534,0.46198288599650184,100.0,21.42857142857143,-78.57142857142857,-0.31034573476859645,-0.012464052333991948,1.0281826662854854,0.9913378101667373,0.05043510807523159,0.01523933387995137,0.8824740338729298,0.02263374485596708,0.9063995968757873,0.6733014786960333,3.3095349490034622,0.839563862928349,-5346315.438967731,129888048.16466475,-128380113.04085334,-103910438.5317318,427705235.11741847,325302731.7094981,-102402503.40792039,325302731.7094981,18472205.26668979,24949472.04851608,816135614.5101125,739744991.987939,18472205.26668979,19226172.828595497,18472205.26668979,18472205.26668979,18472205.26668979,18472205.26668979,19226172.828595497,18472205.26668979,0.0311868400606451,0.02981598994808927,22002144.306521047,20322852.91864016,30436698.33577602,20357118.0368998,30432872.49873939,30432872.49873939,1212139940.7746775,845883061.952574,366256878.8221035,366256878.8221035,366256878.8221035,636965504.7990657,636965504.7990657,322869472.7597115,322869472.7597115,323212185.28785044,314061760.7865403,0.008897331299279535,0.0,29.178974151611328,2023-04-26,0,0,0,0,0,0,0,1,0,0,0,21.02440119371016,1
29.53403205871582,29.94197177886963,30.092587757110596,30.33658374786377,29.270586285274483,29.674538516754193,29.873308671524715,30.52470429905936,33.972469703700014,14.14668692510414,30.23576381661464,-0.22865883496800876,-0.08865228849925914,-0.1400065464687496,20.280526064534605,-319.7412329203718,-74.09202496376011,46.44503328621391,-7.233781177982978,0.9131887036097959,3.236446314060258,1.9735944025361682,31.144499017969927,29.53403205871582,27.92356509946171,-2.200227737426758,0.9461898194796391,0.28141505901630026,100.0,14.285714285714286,-85.71428571428572,0.30894204303159656,-0.0330097306961753,1.042693560304956,1.0128813274836137,0.05043510807523159,0.01523933387995137,0.8824740338729298,0.02263374485596708,0.9063995968757873,0.6733014786960333,3.3095349490034622,0.839563862928349,-5528820.308416092,134321980.56985247,-132762569.71363255,-107457584.45588198,442305624.67328733,336407451.07362527,-105898173.59966207,336407451.07362527,19102782.98869406,25801161.439275093,843995684.7732103,764997348.4433419,19102782.98869406,19882488.416804023,19102782.98869406,19102782.98869406,19102782.98869406,19102782.98869406,19882488.416804023,19102782.98869406,0.03225145179909387,0.030833805566166664,22753222.038481608,21016605.403145783,31475702.80897307,21052040.21500207,31471746.370983906,31471746.370983906,1253518240.310056,874758608.0277306,378759632.28232545,378759632.28232545,378759632.28232545,658709322.1296248,658709322.1296248,333891129.01017946,333891129.01017946,334245540.5684113,324782751.9636222,0.009201055669034895,0.0,28.215784072875977,2023-04-27,0,0,0,0,0,0,0,1,0,0,0,19.537189966442007,1
29.182751083374022,29.811658096313476,30.02034854888916,30.23762935638428,29.04804120678455,29.479704431854284,29.752322231360903,30.44934142653957,38.29385316056141,23.77960544163065,21.722483580475778,-0.3024840363478418,-0.1314186380689757,-0.17106539827886613,21.86301548538515,-163.49395406481443,-64.16460072690295,46.22068494153609,-4.357429935310675,0.9086661323303585,3.176826512579594,0.849872705697674,30.68228848504813,29.182751083374022,27.683213681699915,-1.3031368255615234,0.4045057559023312,0.12033864779349912,92.85714285714286,7.142857142857143,-85.71428571428572,0.4555576983802372,0.013721645158919937,1.0303951232684418,1.013721611990508,0.05043510807523159,0.01523933387995137,0.8824740338729298,0.02263374485596708,0.9063995968757873,0.6733014786960333,3.3095349490034622,0.839563862928349,-5453982.69319715,132503810.30267434,-130965507.49177258,-106003048.24213947,436318615.4557719,331853870.0245342,-104464745.43123771,331853870.0245342,18844209.43354656,25451919.23492003,832571434.9730572,754642413.0298748,18844209.43354656,19613360.838997442,18844209.43354656,18844209.43354656,18844209.43354656,18844209.43354656,19613360.838997442,18844209.43354656,0.031814899043650036,0.030416441942830257,22445236.4681575,20732126.51965327,31049650.522198983,20767081.689078234,31045747.638199158,31045747.638199158,1236550729.9723716,862917954.0608464,373632775.91152525,373632775.91152525,373632775.91152525,649793091.8959117,649793091.8959117,329371608.67057914,329371608.67057914,329721222.9457841,320386521.79781204,0.00907651100573319,0.0,28.602951049804688,2023-04-28,0,0,0,0,0,0,0,1,0,0,0,20.34190831480862,1
28.88624038696289,29.649237632751465,29.92827911376953,30.150163955688477,28.994107473020755,29.371801808879535,29.66983820984969,30.388043331596574,41.32009196487066,41.823867821106305,26.58338672928035,-0.3342786331421017,-0.1719906370836009,-0.1622879960585008,23.054817565638427,-103.36261475436083,-54.00518321097255,49.17480261938013,-5.323438103656731,0.8835570605934071,3.058747211216777,0.5571391280130378,29.803800104103228,28.88624038696289,27.96868066982255,-1.6242046356201172,-0.14226088145924007,-0.042372092222557,85.71428571428572,0.0,-85.71428571428572,0.5084731516503348,0.009904186291659345,1.0196078481088726,1.0099042333441053,0.05043510807523159,0.01523933387995137,0.8824740338729298,0.02263374485596708,0.9063995968757873,0.6733014786960333,3.3095349490034622,0.839563862928349,-5400495.182839102,131204338.0958987,-129681121.50586717,-104963470.47671896,432039614.6271282,328599360.7404408,-103440253.88668743,328599360.7404408,18659403.227886386,25202310.853249144,824406360.7957076,747241593.0870643,18659403.227886386,19421011.522902157,18659403.227886386,18659403.227886386,18659403.227886386,18659403.227886386,19421011.522902157,18659403.227886386,0.03150288856656143,0.0301181462119873,22225114.790914766,20528805.40656146,30745144.879745923,20563417.768703777,30741280.27154566,30741280.27154566,1224423808.473309,854455269.8899662,369968538.58334285,369968538.58334285,369968538.58334285,643420535.052869,643420535.052869,326141443.0610717,326141443.0610717,326487628.64971524,317244473.4329329,0.008987497159569062,0.0,28.886240005493164,2023-05-01,0,0,0,0,0,0,0,1,0,0,0,8.5140757739221,1
28.635055923461913,29.45093402862549,29.846596813201906,30.051739768981932,28.75984842785531,29.17535245045133,29.53855174581871,30.305819292613354,37.194728422476544,45.1619431656244,36.92180547612043,-0.40283666815343366,-0.21815984329756746,-0.1846768248558662,24.4978273235063,-111.74082562407767,-70.28420526516463,47.9942919559035,-6.55021484660846,0.8865470522296283,3.1336350806160214,0.9254169435005046,29.35833034884464,28.635055923461913,27.911781498079186,-1.983036041259762,-0.6340308932799305,-0.18892070574637998,78.57142857142857,7.142857142857143,-71.42857142857143,-0.6020412532454138,-0.020594915359548827,1.0330969105719545,0.9806873922316779,0.05043510807523159,0.01523933387995137,0.8824740338729298,0.02263374485596708,0.9063995968757873,0.6733014786960333,3.3095349490034622,0.839563862928349,-5514056.714154874,133963300.9400447,-132408054.17451385,-107170640.75203577,441124537.13238996,335509143.14588505,-105615393.9865049,335509143.14588505,19051772.87775306,25732264.66605608,841741965.3261806,762954578.045083,19051772.87775306,19829396.26051849,19051772.87775306,19051772.87775306,19051772.87775306,19051772.87775306,19829396.26051849,19051772.87775306,0.0321653308325701,0.03075147013663295,22692464.169791214,20960484.817268208,31391653.322927926,20995825.007640023,31387707.449804667,31387707.449804667,1250170973.865024,872422742.4280167,377748231.4370073,377748231.4370073,377748231.4370073,656950372.3671955,656950372.3671955,332999540.4105966,332999540.4105966,333353005.5845809,323915485.43920046,0.009176486114393062,0.0,28.291330337524418,2023-05-02,0,0,0,0,0,0,0,1,0,0,0,13.077580403706499,1
28.61428108215332,29.294179344177245,29.80268669128418,29.999047622680663,28.864932266926328,29.15712472219988,29.49441347908058,30.25755578878806,44.98738145146355,59.767981314948116,48.91793076722626,-0.3894365654305645,-0.2524151877241669,-0.1370213777063976,24.924547519831528,-53.99194442055255,-48.70467283723462,50.13376613782705,-5.115572604573304,0.9048369875756272,3.1120683653199386,1.1426061470736144,29.27732925530332,28.61428108215332,27.951232909003316,-1.5675468444824219,-1.1125991222855545,-0.33177718138083634,71.42857142857143,0.0,-71.42857142857143,0.586778123167529,0.02770352606941162,1.0404006361819507,1.0236037564369056,0.05043510807523159,0.01523933387995137,0.8824740338729298,0.02263374485596708,0.9063995968757873,0.6733014786960333,3.3095349490034622,0.839563862928349,-5365415.778268384,130352088.45921266,-128838766.0602139,-104281670.76737013,429233262.26147074,326464913.89309937,-102768348.36837135,326464913.89309937,18538199.387734994,25038606.96525246,819051354.7672006,742387817.7815582,18538199.387734994,19294860.58723438,18538199.387734994,18538199.387734994,18538199.387734994,18538199.387734994,19294860.58723438,18538199.387734994,0.03129825870656557,0.029922511071112143,22080749.54902758,20395458.695597127,30545437.01235459,20429846.230012793,30541597.507066187,30541597.507066187,1216470452.9588108,848905078.4565401,367565374.50227064,367565374.50227064,367565374.50227064,639241138.8134371,639241138.8134371,324022961.84016955,324022961.84016955,324366898.74903286,315183783.28238124,0.008929118059456067,0.0,29.07509994506836,2023-05-03,0,0,0,0,0,0,0,1,0,0,0,11.531275227591994,1
28.502853393554688,29.018442726135255,29.694564056396484,29.921032066345216,28.462836721245157,28.88467397814223,29.31957844582365,30.155637743340797,36.23678368096794,41.52092741588141,48.8169506321513,-0.48749339253792456,-0.2994308286869184,-0.18806256385100617,25.831643866648147,-102.63720582326812,-87.56475878178291,45.87399104424212,-9.065508645962339,0.9427301180495194,3.4084464245457475,1.435340814210118,29.499608008170696,28.502853393554688,27.50609877893868,-2.757366180419922,-1.6831152027117084,-0.5010860027411042,64.28571428571429,28.571428571428573,-35.714285714285715,-0.9115638579323055,-0.048717091871108176,1.050222046134768,0.9562520965734914,0.05043510807523159,0.01523933387995137,0.8824740338729298,0.02263374485596708,0.9063995968757873,0.6733014786960333,3.3095349490034622,0.839563862928349,-5640189.403614733,137027678.45961437,-135436855.80731276,-109622142.7676915,451215152.28917867,343183832.1737888,-108031320.1153899,343183832.1737888,19487577.490694497,26320883.883535422,860996605.4979569,780406976.1347694,19487577.490694497,20282988.816845294,19487577.490694497,19487577.490694497,19487577.490694497,19487577.490694497,20282988.816845294,19487577.490694497,0.03290110485441928,0.03145490244323602,23211548.699491404,21439950.745791905,32109729.662267733,21476099.334315695,32105693.528268483,32105693.528268483,1278768327.0285225,892379197.8206336,386389129.20788884,386389129.20788884,386389129.20788884,671977950.356304,671977950.356304,340616822.8939385,340616822.8939385,340978373.4967343,331324972.402086,0.009386395974483583,0.0,27.658645629882812,2023-05-04,0,0,0,0,0,0,0,1,0,0,0,14.737527425513216,1
28.383871459960936,28.78331127166748,29.603439044952392,29.8492529296875,28.311238274775416,28.72528623335927,29.1946701540153,30.071418278183746,39.369615359937846,35.31624584473675,45.53505152518875,-0.5308910359273433,-0.34572287013500336,-0.18516816579233997,26.673947617263583,-90.05233761752788,-77.97916974866261,48.6839697404658,-7.744942120541709,0.9158626183661551,3.269998804558036,0.5665851224824188,29.444413052070857,28.383871459960936,27.323329867851015,-2.3513145446777344,-2.2082161975787598,-0.6559880452278328,57.142857142857146,21.42857142857143,-35.714285714285715,0.14285422343324697,0.012632424473294934,1.0094562233544497,1.0013504053695277,0.05043510807523159,0.01523933387995137,0.8824740338729298,0.02263374485596708,0.9063995968757873,0.6733014786960333,3.3095349490034622,0.839563862928349,-5569828.959949006,135318280.50132522,-133747303.10236526,-108254624.40106018,445586316.79592055,338902669.7938203,-106683647.0021002,338902669.7938203,19244473.13725971,25992535.146428697,850255813.1552926,770671526.285252,19244473.13725971,20029961.836739697,19244473.13725971,19244473.13725971,19244473.13725971,19244473.13725971,20029961.836739697,19244473.13725971,0.03249066893303587,0.031062507661254075,22921988.412097834,21172490.854165133,31709166.017441235,21208188.49493799,31705180.233555883,31705180.233555883,1262815900.541259,881246912.7529576,381568987.7883015,381568987.7883015,381568987.7883015,663595134.9334118,663595134.9334118,336367683.53640765,336367683.53640765,336724723.8543531,327191747.3652096,0.009269302214340778,0.0,28.008041381835938,2023-05-05,0,0,0,0,0,0,0,1,0,0,0,13.102814710697427,1
28.195010375976562,28.540625381469727,29.481623935699464,29.777466812133788,28.18813704504071,28.582858661034184,29.07536200463968,29.98790911376757,38.97939038412664,12.874840447547333,29.904004569388487,-0.5641154749124979,-0.38940139109050226,-0.17471408382199566,27.577741931695243,-83.62226225128353,-79.7927939205276,46.67587096399201,-7.991291794231303,0.8794473529883101,3.1474103924158525,0.406048903076325,29.162699204445744,28.195010375976562,27.22732154750738,-2.426858901977539,-2.6367942417036296,-0.7811688154171677,50.0,14.285714285714286,-35.714285714285715,0.20930346029816838,-0.0023602791556684988,1.0146009638943123,1.003050852630098,0.05043510807523159,0.01523933387995137,0.8824740338729298,0.02263374485596708,0.9063995968757873,0.6733014786960333,3.3095349490034622,0.839563862928349,-5583006.413613021,135638425.04867533,-134063730.93201524,-108510740.03894025,446640513.0890417,339704467.1667615,-106936045.92228018,339704467.1667615,19290002.929086015,26054029.9301941,852267402.1396185,772494829.7297248,19290002.929086015,20077349.987416055,19290002.929086015,19290002.929086015,19290002.929086015,19290002.929086015,20077349.987416055,19290002.929086015,0.032567537412742625,0.031135997306688003,22976218.702176664,21222582.072259754,31784185.568117563,21258364.168769144,31780190.35441258,31780190.35441258,1265803550.2761471,883331822.4410038,382471727.8351433,382471727.8351433,382471727.8351433,665165110.2782795,665165110.2782795,337163483.47851455,337163483.47851455,337521368.50502825,327965838.2971136,0.009291232115834259,0.0,27.94193458557129,2023-05-08,0,0,0,0,0,0,0,1,0,0,0,9.599313183597049,1
28.13268585205078,28.38387088775635,29.336201095581053,29.70699951171875,28.118660602658974,28.473194853190787,28.97101397733071,29.90915611785102,39.34931325790871,19.70158934117814,22.63089187782073,-0.5807041105711619,-0.4276619349866342,-0.1530421755845277,28.600051290161655,-83.66777731417986,-78.756497053924,45.44686556986392,-5.305213839794931,0.8523783583728196,3.0464162348188073,0.5004814283714438,29.10764556572152,28.13268585205078,27.157726138380042,-1.567544937133789,-2.959970104169088,-0.8737835639562377,42.85714285714286,7.142857142857143,-35.714285714285715,0.2830177815045083,0.0013518438463355764,1.0181444951474592,1.005088182525762,0.05043510807523159,0.01523933387995137,0.8824740338729298,0.02263374485596708,0.9063995968757873,0.6733014786960333,3.3095349490034622,0.839563862928349,-5575469.249817221,135455310.62055942,-133882742.37061098,-108364248.49644755,446037539.9853777,339245859.73887867,-106791680.24649909,339245859.73887867,19263961.061868478,26018856.499147035,851116825.0970982,771451947.1622099,19263961.061868478,20050245.186842702,19263961.061868478,19263961.061868478,19263961.061868478,19263961.061868478,20050245.186842702,19263961.061868478,0.032523570623933795,0.03109396312398066,22945200.374247797,21193931.186805207,31741276.319050815,21229664.976810474,31737286.49895957,31737286.49895957,1264094691.6460598,882139307.8460813,381955383.79997855,381955383.79997855,381955383.79997855,664267124.8532237,664267124.8532237,336708306.4264618,336708306.4264618,337065708.30145013,327523078.23926294,0.00927868877750832,0.0,27.979707717895508,2023-05-09,0,0,0,0,0,0,0,1,0,0,0,11.045961242516322,1
27.83995132446289,28.227116203308107,29.194555377960206,29.628415336608885,27.949582837482282,28.316509844815897,28.841529532549586,29.819049105665837,36.99452224561325,20.775808285425914,17.78407935805045,-0.6164616885350149,-0.4654218856963103,-0.1510398028387046,29.868870888005766,-90.59724845698102,-87.29732056362826,42.681765151198434,-5.372179420488166,0.8744579460591677,3.1670146433661337,1.1614925859816942,28.178514977357093,27.83995132446289,27.50138767156869,-1.5675468444824254,-3.447318719481808,-1.0145814235393829,100.0,0.0,-100.0,-0.6178865949007127,-0.013162410932944013,1.042752850978993,0.974666659037272,0.05043510807523159,0.01523933387995137,0.8824740338729298,0.02263374485596708,0.9063995968757873,0.6733014786960333,3.3095349490034622,0.839563862928349,-5649834.695786366,137262009.59634826,-135668466.4770239,-109809607.67707862,451986775.6629093,343770711.10515505,-108216064.55775425,343770711.10515505,19520903.21172341,26365895.247003045,862468996.4452342,781741550.6958251,19520903.21172341,20317674.771385588,19520903.21172341,19520903.21172341,19520903.21172341,19520903.21172341,20317674.771385588,19520903.21172341,0.03295736905875381,0.03150869349573166,23251242.78650543,21476615.221803304,32164640.535286687,21512825.628055714,32160597.499091625,32160597.499091625,1280955149.7132564,893905256.1628147,387049893.5504417,387049893.5504417,387049893.5504417,673127100.3582398,673127100.3582398,341199311.9807908,341199311.9807908,341561480.8715463,331891571.48837346,0.009402447657349856,0.0,27.611427307128903,2023-05-10,0,0,0,0,0,0,0,1,0,0,0,13.35224234854944,1
27.77951545715332,28.141184425354005,29.041578102111817,29.543416900634767,27.751877322766507,28.141956471819363,28.70009493833867,29.722477230672467,35.41445483803122,20.552157933250143,20.343185186618054,-0.6577904508488324,-0.5038955987268148,-0.1538948521220176,31.047060514575296,-116.09728322678392,-94.59459030553141,42.90901371223864,-3.045521532634221,0.8430236174996136,3.0816246822967965,0.4343773462254106,28.290127038672477,27.77951545715332,27.268903875634162,-0.8593177795410156,-3.740966722689111,-1.0972686425233498,92.85714285714286,7.142857142857143,-85.71428571428572,-0.2352937876560902,-0.009233894755165895,1.0118137645752614,0.9972461299205821,0.05043510807523159,0.01523933387995137,0.8824740338729298,0.02263374485596708,0.9063995968757873,0.6733014786960333,3.3095349490034622,0.839563862928349,-5702490.8965675635,138541285.24353245,-136932890.37526983,-110833028.19482596,456199271.72540504,346974638.39884174,-109224633.32656333,346974638.39884174,19702837.13621741,26611624.183981963,870507168.018333,789027346.1693003,19702837.13621741,20507034.570348736,19702837.13621741,19702837.13621741,19702837.13621741,19702837.13621741,20507034.570348736,19702837.13621741,0.033264530229977454,0.03180235307701141,23467943.30510497,21676776.29272157,32464413.512953483,21713324.178302962,32460332.795846127,32460332.795846127,1292893593.0813982,902236412.237696,390657180.8437022,390657180.8437022,390657180.8437022,679400614.1256714,679400614.1256714,344379273.952327,344379273.952327,344744818.2405685,334984785.7445202,0.009490078039181973,0.0,27.35646629333496,2023-05-11,0,0,0,0,0,0,0,1,0,0,0,17.080623847712562,1
27.584988403320313,27.984429931640626,28.89804401397705,29.446925201416015,27.513053586067972,27.940765497428732,28.54155314541793,29.61710189271162,33.475521428424,18.164337553306275,19.8307679239941,-0.7082859861522479,-0.5447736762119014,-0.1635123099403465,32.41535381370382,-133.451859296278,-93.61112025421708,38.36382534215933,-5.480360870472111,0.8313719030265545,3.0751226726973737,0.6798996148767849,28.299509769778435,27.584988403320313,26.87046703686219,-1.567544937133789,-3.999305013941294,-1.168757304167137,100.0,0.0,-100.0,-0.6388891832323121,-0.011736171522353511,1.025352155999092,0.9841869718319556,0.05043510807523159,0.01523933387995137,0.8824740338729298,0.02263374485596708,0.9063995968757873,0.6733014786960333,3.3095349490034622,0.839563862928349,-5770211.083564461,140186538.50454685,-138559043.07072097,-112149230.80363747,461616886.6851569,351095151.3153453,-110521735.3698116,351095151.3153453,19936819.06436695,26927651.72330082,880844915.0256672,798397475.8893518,19936819.06436695,20750566.781279888,19936819.06436695,19936819.06436695,19936819.06436695,19936819.06436695,20750566.781279888,19936819.06436695,0.03365956465412603,0.03218002335064796,23746637.920822974,21934199.824062344,32849946.115059897,21971181.73570196,32845816.937213086,32845816.937213086,1308247409.0678937,912950961.3111413,395296447.75675255,395296447.75675255,395296447.75675255,687468866.6610838,687468866.6610838,348468965.50167173,348468965.50167173,348838850.82754123,338962912.62682515,0.009602777887561458,0.0,27.0354061126709,2023-05-12,0,0,0,0,0,0,0,1,0,0,0,18.084793936422713,1
27.483003234863283,27.83900680541992,28.744122219085693,29.35348140716553,27.486038638474025,27.848264269402804,28.435882249976807,29.53141196528317,37.991844239037256,23.753322016608468,20.823272501054948,-0.7081385633790376,-0.5774466536453287,-0.13069190973370892,33.68591187718031,-110.43771334094038,-80.53908179164179,50.20698609320955,-5.034339055309678,0.8138073962806758,2.966634357317532,0.5854688085842525,28.104075408022226,27.483003234863283,26.86193106170434,-1.4542312622070312,-3.919504669674988,-1.1418206508343047,92.85714285714286,0.0,-92.85714285714286,0.758062382521329,0.014669749326582382,1.0217620513939745,1.0164450424985707,0.05043510807523159,0.01523933387995137,0.8824740338729298,0.02263374485596708,0.9063995968757873,0.6733014786960333,3.3095349490034622,0.839563862928349,-5686787.338830239,138159769.3215808,-136555803.66191074,-110527815.45726465,454942987.10641915,346019137.30882454,-108923849.79759458,346019137.30882454,19648579.330958325,26538340.914541118,868109959.5314316,786854517.3631456,19648579.330958325,20450562.16079336,19648579.330958325,19648579.330958325,19648579.330958325,19648579.330958325,20450562.16079336,19648579.330958325,0.03317292614317639,0.031714775543476334,23403317.125185985,21617082.640553407,32375012.792942535,21653529.880321976,32370943.31334136,32370943.31334136,1289333214.0197868,899751827.5449228,389581386.4748639,389581386.4748639,389581386.4748639,677529676.1506335,677529676.1506335,343430919.99435693,343430919.99435693,343795457.644282,334062302.39128405,0.009463944198528284,0.0,27.432008743286133,2023-05-15,0,0,0,0,0,0,0,1,0,0,0,17.104271348485735,1
27.277145767211913,27.70491580963135,28.577924919128417,29.258295669555665,27.30749921886224,27.685019925809325,28.294409690896984,29.430196608983383,34.89400161221117,21.24995951508731,21.055873028334005,-0.7383704114302638,-0.6096314052023157,-0.1287390062279481,34.74976910834663,-117.42491747446024,-94.92748649241395,45.496691579496876,-4.739649715613481,0.7981718936952626,2.9616305885094465,0.5949103600848922,27.772892456251,27.277145767211913,26.781399078172825,-1.3409099578857457,-3.957571107977085,-1.1476924480536042,85.71428571428572,0.0,-85.71428571428572,-0.4761898995158908,-0.017555709031527922,1.022081988980165,0.9895978073691645,0.05043510807523159,0.01523933387995137,0.8824740338729298,0.02263374485596708,0.9063995968757873,0.6733014786960333,3.3095349490034622,0.839563862928349,-5788406.926589525,140628604.1780404,-138995976.5833613,-112502883.34243232,463072554.12716204,352202298.37940884,-110870255.74775322,352202298.37940884,19999688.034818936,27012565.657417785,883622580.4474549,800915150.7079161,19999688.034818936,20816001.832158487,19999688.034818936,19999688.034818936,19999688.034818936,19999688.034818936,20816001.832158487,19999688.034818936,0.03376570707177223,0.03228150016751851,23821520.81327228,22003367.355561465,32953535.473271422,22040465.88634191,32949393.274432685,32949393.274432685,1312372849.9137495,915829870.2697607,396542979.64398885,396542979.64398885,396542979.64398885,689636738.061493,689636738.061493,349567831.1243585,349567831.1243585,349938882.8504219,340031801.7645283,0.009633059386195767,0.0,26.950420379638672,2023-05-16,0,0,0,0,0,0,0,1,0,0,0,18.70372097743617,1
27.398017120361327,27.61898422241211,28.456581783294677,29.192383308410644,27.610260836866818,27.781522498003262,28.286921536799746,29.382572587959565,47.09943839927177,47.10008763032312,30.701123054006285,-0.6527011611673608,-0.6182453563953247,-0.034455804772036025,33.9848139252703,-6.295567427921574,-46.37681619668575,54.70456947124226,-2.9555044481906823,0.8403113399099392,2.9781605137733393,1.3881241407007359,28.293987778580142,27.398017120361327,26.502046462142513,-0.8593158721923828,-3.809304541940292,-1.1007799124106405,78.57142857142857,28.571428571428573,-50.0,0.7999985328100376,0.04695153824736997,1.0452804314129103,1.0360609917710208,0.05043510807523159,0.01523933387995137,0.8824740338729298,0.02263374485596708,0.9063995968757873,0.6733014786960333,3.3095349490034622,0.839563862928349,-5528820.308416092,134321980.56985247,-132762569.71363255,-107457584.45588198,442305624.67328733,336407451.07362527,-105898173.59966207,336407451.07362527,19102782.98869406,25801161.439275093,843995684.7732103,764997348.4433419,19102782.98869406,19882488.416804023,19102782.98869406,19102782.98869406,19102782.98869406,19102782.98869406,19882488.416804023,19102782.98869406,0.03225145179909387,0.030833805566166664,22753222.038481608,21016605.403145783,31475702.80897307,21052040.21500207,31471746.370983906,31471746.370983906,1253518240.310056,874758608.0277306,378759632.28232545,378759632.28232545,378759632.28232545,658709322.1296248,658709322.1296248,333891129.01017946,333891129.01017946,334245540.5684113,324782751.9636222,0.009201055669034895,0.0,28.215784072875977,2023-05-17,0,0,0,0,0,0,0,1,0,0,0,12.808380771242348,1
27.584989929199217,27.68225269317627,28.35034770965576,29.11797218322754,27.837284003752686,27.874214832461654,28.287341422583047,29.33977877421701,47.72948319220169,64.88379293592095,44.41128002711044,-0.5721167056769794,-0.6090196262516556,0.03690292057467626,33.1827561715825,38.135259984689014,-43.4781857028421,55.11522026973642,2.287475374275161,0.8227826997482142,2.9082503011776373,0.5949103776457889,28.72514505969487,27.584989929199217,26.444834798703564,0.6326847076416051,-3.5328666722928617,-1.017971784640583,71.42857142857143,21.42857142857143,-50.0,0.38095252512102923,0.0026774469372645715,1.021406699090513,1.0080753626064294,0.05043510807523159,0.01523933387995137,0.8824740338729298,0.02263374485596708,0.9063995968757873,0.6733014786960333,3.3095349490034622,0.839563862928349,-5514056.714154874,133963300.9400447,-132408054.17451385,-107170640.75203577,441124537.13238996,335509143.14588505,-105615393.9865049,335509143.14588505,19051772.87775306,25732264.66605608,841741965.3261806,762954578.045083,19051772.87775306,19829396.26051849,19051772.87775306,19051772.87775306,19051772.87775306,19051772.87775306,19829396.26051849,19051772.87775306,0.0321653308325701,0.03075147013663295,22692464.169791214,20960484.817268208,31391653.322927926,20995825.007640023,31387707.449804667,31387707.449804667,1250170973.865024,872422742.4280167,377748231.4370073,377748231.4370073,377748231.4370073,656950372.3671955,656950372.3671955,332999540.4105966,332999540.4105966,333353005.5845809,323915485.43920046,0.009176486114393062,0.0,28.291330337524418,2023-05-18,0,0,0,0,0,0,0,1,0,0,0,11.13142119781119,1
27.745520782470702,27.665254592895508,28.224282932281493,29.049982299804686,27.83754279551123,27.867641295473774,28.24455275176831,29.28088785675863,44.31889932175849,82.98613955156293,64.99000670593564,-0.5386191750653744,-0.5949395360143994,0.05632036094902504,32.450272049528834,25.285754624174608,-60.869675934082146,52.9531050085976,-0.6069007128711834,0.8071806158648263,2.8995576734681996,0.6043535253807839,28.748753022351817,27.745520782470702,26.742288542589588,-0.1699810028076172,-3.5587678181075484,-1.0219064370179787,64.28571428571429,14.285714285714286,-50.0,-0.8125014901175445,-0.01602151447416733,1.0217538881029484,0.9826666514078776,0.05043510807523159,0.01523933387995137,0.8824740338729298,0.02263374485596708,0.9063995968757873,0.6733014786960333,3.3095349490034622,0.839563862928349,-5603838.696948941,136144542.70151594,-134563972.8126329,-108915634.16121274,448307095.7559153,340972031.48358554,-107335064.27232972,340972031.48358554,19361981.138817172,26151247.25242839,855447530.3150133,775377296.625916,19361981.138817172,20152266.083258692,19361981.138817172,19361981.138817172,19361981.138817172,19361981.138817172,20152266.083258692,19361981.138817172,0.032689059065535486,0.03125217734836909,23061951.56052064,21301771.456991807,31902784.242434323,21337687.06987528,31898774.12109397,31898774.12109397,1270526736.3614557,886627863.5775241,383898872.7839316,383898872.7839316,383898872.7839316,667647089.8813654,667647089.8813654,338421566.4356152,338421566.4356152,338780786.8649068,329189601.4028211,0.00932590117505384,0.0,27.83806037902832,2023-05-19,0,0,0,0,0,0,0,1,0,0,0,12.258898685667106,1
27.796514129638673,27.639758682250978,28.09019203186035,28.984825363159178,27.78735369004948,27.83479296522872,28.191450154373804,29.21838148900833,43.210540184635484,69.55564250278903,72.47519166342428,-0.5182889174551555,-0.5796094123025506,0.0613204948473951,32.16219177424001,-9.055533177827172,-66.66664418994796,51.78294157275648,-0.9124604657007818,0.7953910434471807,2.8727985981959256,0.6421266020177896,28.75577626502123,27.796514129638673,26.837251994256118,-0.2549591064453125,-3.2630137534269257,-0.9341951394692423,57.142857142857146,7.142857142857143,-50.0,-0.676471743203672,-0.0054272782602398095,1.0233677077753165,0.9845533585891564,0.05043510807523159,0.01523933387995137,0.8824740338729298,0.02263374485596708,0.9063995968757873,0.6733014786960333,3.3095349490034622,0.839563862928349,-5634418.252640596,136887469.08658883,-135298274.1948184,-109509975.26927106,450753460.2112476,342832679.833747,-107920780.37750064,342832679.833747,19467637.424187697,26293951.84565611,860115617.1050202,779608448.6105593,19467637.424187697,20262234.870072912,19467637.424187697,19467637.424187697,19467637.424187697,19467637.424187697,20262234.870072912,19467637.424187697,0.032867439807070145,0.03142271717818794,23187798.193559375,21418012.973178674,32076874.365333743,21454124.573766965,32072842.36118493,32072842.36118493,1277459866.523367,891466098.1517639,385993768.37160283,385993768.37160283,385993768.37160283,671290369.5101161,671290369.5101161,340268297.16748106,340268297.16748106,340629477.82470167,330985954.2769129,0.009376791632431334,0.0,27.686975479125977,2023-05-22,0,0,0,0,0,0,0,1,0,0,0,10.505706516329038,1
27.9740421295166,27.62559394836426,28.004732418060303,28.9549853515625,27.804255919709092,27.835387040465008,28.15779398529328,29.16425124940127,44.699908375414054,55.81022533000793,69.45066912811994,-0.48440186984861455,-0.5605679038117634,0.0761660339631488,31.11054676452925,57.54577904706863,-53.846288624606494,48.83489148913728,-0.5062502449823314,0.7959098739260064,2.859070865891223,0.8026546701507407,28.446059340067293,27.9740421295166,27.50202491896591,-0.1416473388671875,-2.9641216634761705,-0.845576212956356,50.0,0.0,-50.0,0.0843369894682134,0.005456894344282981,1.0282890224740795,1.002380132444318,0.05043510807523159,0.01523933387995137,0.8824740338729298,0.02263374485596708,0.9063995968757873,0.6733014786960333,3.3095349490034622,0.839563862928349,-5603838.696948941,136144542.70151594,-134563972.8126329,-108915634.16121274,448307095.7559153,340972031.48358554,-107335064.27232972,340972031.48358554,19361981.138817172,26151247.25242839,855447530.3150133,775377296.625916,19361981.138817172,20152266.083258692,19361981.138817172,19361981.138817172,19361981.138817172,19361981.138817172,20152266.083258692,19361981.138817172,0.032689059065535486,0.03125217734836909,23061951.56052064,21301771.456991807,31902784.242434323,21337687.06987528,31898774.12109397,31898774.12109397,1270526736.3614557,886627863.5775241,383898872.7839316,383898872.7839316,383898872.7839316,667647089.8813654,667647089.8813654,338421566.4356152,338421566.4356152,338780786.8649068,329189601.4028211,0.00932590117505384,0.0,27.83806037902832,2023-05-23,0,0,0,0,0,0,0,1,0,0,0,9.633179106417531,1
27.79651336669922,27.597265243530273,27.91219072341919,28.92495651245117,27.645550699402417,27.743160352887564,28.078779344673833,29.092246896828243,40.80977650520216,37.97748497394104,54.44778426891265,-0.49300932795546615,-0.5470561886405039,0.05404686068503772,30.789785440556475,-55.77598564697762,-69.49147929756025,45.52417724506558,-1.025977560626501,0.7842506377871719,2.8697548766969145,0.6326805679823231,28.4159763987603,27.79651336669922,27.17705033463814,-0.2832870483398402,-2.757151171525959,-0.7834093509576263,42.85714285714286,0.0,-42.85714285714286,-0.6557364234434844,-0.018317372449677016,1.021173225326598,0.9863667479055894,0.05043510807523159,0.01523933387995137,0.8824740338729298,0.02263374485596708,0.9063995968757873,0.6733014786960333,3.3095349490034622,0.839563862928349,-5708401.615431131,138684885.40053836,-137074823.4064424,-110947908.3204307,456672129.23449045,347334282.90815574,-109337846.32633473,347334282.90815574,19723259.427675508,26639207.53867861,871409461.9863907,789845185.0582112,19723259.427675508,20528290.424723487,19723259.427675508,19723259.427675508,19723259.427675508,19723259.427675508,20528290.424723487,19723259.427675508,0.033299009423348264,0.031835316701442844,23492268.18658196,21699244.602247823,32498063.373133212,21735830.370270528,32493978.426300284,32493978.426300284,1294233697.0268183,903171594.0517383,391062102.9750801,391062102.9750801,391062102.9750801,680104823.2333525,680104823.2333525,344736228.3267736,344736228.3267736,345102151.50724995,335332002.5885313,0.009499914649936877,0.0,27.328140258789062,2023-05-24,0,0,0,0,0,0,0,1,0,0,0,10.87989265077106,1
27.660532760620118,27.62276134490967,27.881972885131837,28.915702209472656,27.634176235311244,27.719208890022355,28.03426962681241,29.034175540369446,43.73914029602352,31.305340844716934,41.69768371622195,-0.47153632600118556,-0.5319522161126402,0.06041589011145465,30.491935639724613,-23.78863636252066,-52.542527596646416,49.51916340565395,0.9319954231663985,0.764655922848443,2.7693458738767154,0.509924628644967,28.03643428899737,27.660532760620118,27.284631232242866,0.25496101379394176,-2.4649629967682265,-0.6975140204796411,35.714285714285715,85.71428571428572,50.0,0.5925910227609789,0.01036612977162732,1.0186980931862677,1.0110649963340257,0.05043510807523159,0.01523933387995137,0.8824740338729298,0.02263374485596708,0.9063995968757873,0.6733014786960333,3.3095349490034622,0.839563862928349,-5649834.695786366,137262009.59634826,-135668466.4770239,-109809607.67707862,451986775.6629093,343770711.10515505,-108216064.55775425,343770711.10515505,19520903.21172341,26365895.247003045,862468996.4452342,781741550.6958251,19520903.21172341,20317674.771385588,19520903.21172341,19520903.21172341,19520903.21172341,19520903.21172341,20317674.771385588,19520903.21172341,0.03295736905875381,0.03150869349573166,23251242.78650543,21476615.221803304,32164640.535286687,21512825.628055714,32160597.499091625,32160597.499091625,1280955149.7132564,893905256.1628147,387049893.5504417,387049893.5504417,387049893.5504417,673127100.3582398,673127100.3582398,341199311.9807908,341199311.9807908,341561480.8715463,331891571.48837346,0.009402447657349856,0.0,27.611427307128903,2023-05-25,0,0,0,0,0,0,0,1,0,0,0,8.298312971372612,1
27.692639541625976,27.71908016204834,27.85175504684448,28.900026741027833,27.7556489182267,27.7700062343924,28.030871975121478,28.993564510710158,47.55902584905135,34.313725745478074,34.532183854712,-0.4184540006580626,-0.5092525730217247,0.09079857236366207,29.34067019874911,63.01680937713939,-29.378480985233647,43.815585057814296,3.562691706470411,0.7518570440201635,2.685338543757786,0.5854716192525302,28.143632011801763,27.692639541625976,27.24164707145019,0.9631881713867188,-2.029035673364742,-0.5722725085723077,28.571428571428573,78.57142857142857,50.0,0.655736423443483,0.014021983457144671,1.020854721721421,1.0136752006335137,0.05043510807523159,0.01523933387995137,0.8824740338729298,0.02263374485596708,0.9063995968757873,0.6733014786960333,3.3095349490034622,0.839563862928349,-5571708.294256269,135363938.68737987,-133792431.21976914,-108291150.9499039,445736663.54050153,339017020.0582084,-106719643.48229316,339017020.0582084,19250966.478231598,26001305.373195924,850542700.7655051,770931561.0994973,19250966.478231598,20036720.212036967,19250966.478231598,19250966.478231598,19250966.478231598,19250966.478231598,20036720.212036967,19250966.478231598,0.03250163171649491,0.031072988564121502,22929722.59559311,21179634.73393569,31719865.111431334,21215344.41956692,31715877.982689533,31715877.982689533,1263241991.4073718,881544257.1720079,381697734.2353638,381697734.2353638,381697734.2353638,663819040.7503015,663819040.7503015,336481178.4627456,336481178.4627456,336838339.25083894,327302146.2087465,0.00927242980008552,0.0,27.998594284057617,2023-05-26,0,0,0,0,0,0,0,1,0,0,0,7.038074701926049,1
27.783292388916017,27.789903259277345,27.814455032348633,28.89568286895752,27.883845850676526,27.83732141278945,28.04128795040288,28.960100793253922,48.925302780164536,54.20433063653473,39.9411324089099,-0.36079722699848915,-0.4795615038170776,0.11876427681858842,27.597441583236552,114.33386549324437,-23.913089802908075,38.31559234350646,2.5817685424271986,0.7386231396205044,2.6247933460625856,0.5665823824249365,28.358421522729284,27.783292388916017,27.20816325510275,0.7082309722900391,-1.4993785740600964,-0.42160743322127914,21.42857142857143,100.0,78.57142857142857,-0.06666815015910521,0.005059019395099007,1.0202429282667012,0.998659486751917,0.05043510807523159,0.01523933387995137,0.8824740338729298,0.02263374485596708,0.9063995968757873,0.6733014786960333,3.3095349490034622,0.839563862928349,-5543662.796648138,134682576.91856694,-133118979.71951233,-107746061.53485355,443493023.73185104,337310559.39605206,-106182464.33579895,337310559.39605206,19154065.688418888,25870426.384357978,846261447.6883254,767051035.0362183,19154065.688418888,19935864.287946187,19154065.688418888,19154065.688418888,19154065.688418888,19154065.688418888,19935864.287946187,19154065.688418888,0.03233803298044747,0.030916580981306924,22814304.5862058,21073025.887258627,31560201.44023197,21108555.826239444,31556234.380920168,31556234.380920168,1256883393.9400513,877106956.0696752,379776437.87037593,379776437.87037593,379776437.87037593,660477671.4006557,660477671.4006557,334787482.09757763,334787482.09757763,335142845.09736276,325654653.00309956,0.009225756518921834,0.0,28.140239715576172,2023-05-30,0,0,0,0,0,0,0,1,0,0,0,5.318597032993326,1
27.856948852539062,27.915495491027833,27.81020565032959,28.891716842651366,27.99134479949887,27.904416191762923,28.057007450092467,28.930541652229987,49.5854293573155,68.37382898582155,52.29729512261144,-0.3062397194535791,-0.4448971469443779,0.1386574274907988,25.978729297403465,95.67275670083707,-20.10863875685678,41.36079975020573,4.660121437117715,0.7189149467296344,2.54877051749938,0.4627084391483258,28.527657467712164,27.856948852539062,27.18624023736596,1.2559223175048828,-0.859114322072041,-0.2408582002688675,14.285714285714286,92.85714285714286,78.57142857142857,-0.4693870401438733,0.0023490553824527804,1.0165261307730988,0.9923588192916462,0.05043510807523159,0.01523933387995137,0.8824740338729298,0.02263374485596708,0.9063995968757873,0.6733014786960333,3.3095349490034622,0.839563862928349,-5530670.94429786,134366941.53133905,-132807008.70089605,-107493553.22507124,442453675.54382885,336520055.14920056,-105933620.39462824,336520055.14920056,19109177.172926582,25809797.740056682,844278191.4583926,765253412.3889059,19109177.172926582,19889143.588148076,19109177.172926582,19109177.172926582,19109177.172926582,19109177.172926582,19889143.588148076,19109177.172926582,0.032262247175070854,0.030844126420122683,22760838.116918117,21023640.19210661,31486238.522158306,21059086.864889935,31482280.75984936,31482280.75984936,1253937824.544045,875051411.8407679,378886412.7032771,378886412.7032771,378886412.7032771,658929808.7866669,658929808.7866669,334002890.80916756,334002890.80916756,334357420.9979046,324891464.9586256,0.009204135494896723,0.0,28.206342697143555,2023-05-31,0,0,0,0,0,0,0,1,0,0,0,5.071777608258775,1
27.88905487060547,27.842784118652343,27.730884170532228,28.85526668548584,27.823786649372945,27.82882603855532,28.00288010714281,28.87399767955905,43.07595162466406,53.4228846096718,58.66701474400934,-0.3172555379492046,-0.41936882514534324,0.10211328719613866,25.328107574427747,7.523727052097636,-61.413119287328996,36.17773578332966,-2.5769750784769396,0.7356886343746492,2.6763340133626055,0.9537465737598403,28.463962935157898,27.88905487060547,27.314146806053042,-0.7271137237548793,-0.5614449576650836,-0.15696015724768841,7.142857142857143,85.71428571428572,78.57142857142857,-0.9702963565872369,-0.02544365129957582,1.0347317823772924,0.9674310555910038,0.05043510807523159,0.01523933387995137,0.8824740338729298,0.02263374485596708,0.9063995968757873,0.6733014786960333,3.3095349490034622,0.839563862928349,-5675065.327595513,137874984.5614551,-136274325.110082,-110299987.64916408,454005226.20764107,345305898.0098501,-108699328.197791,345305898.0098501,19608078.279320396,26483638.19544573,866320549.431792,785232596.7701869,19608078.279320396,20408408.005006943,19608078.279320396,19608078.279320396,19608078.279320396,19608078.279320396,20408408.005006943,19608078.279320396,0.03310454774430716,0.03164940278851344,23355076.54048923,21572523.96964192,32308279.109920494,21608896.081763085,32304218.018620614,32304218.018620614,1286675548.5367033,897897194.9725158,388778353.5641875,388778353.5641875,388778353.5641875,676133103.7095526,676133103.7095526,342723015.71331626,342723015.71331626,343086801.95226467,333373709.3723416,0.009444436442459674,0.0,27.488670349121097,2023-06-01,0,0,0,0,0,0,0,1,0,0,0,7.366045470504398,1
28.04580955505371,27.853171157836915,27.767711925506593,28.855077819824217,28.014258009372003,27.931803255067102,28.040243975926366,28.85522132857125,51.701160089223485,51.36508136839953,57.72059832129761,-0.24995490344073445,-0.3854860408044215,0.13553113736368705,23.745154363036693,113.60893979417258,-26.851822314506727,43.391390778494596,0.36714566125555237,0.7870127488747174,2.7716400259875025,1.4542262373756039,28.65860349380954,28.04580955505371,27.433015616297883,0.10387039184569957,-0.022977117695776088,-0.006416663145408563,0.0,100.0,100.0,0.49999999999999856,0.03297832775232812,1.045005103929691,1.0224413414089217,0.05043510807523159,0.01523933387995137,0.8824740338729298,0.02263374485596708,0.9063995968757873,0.6733014786960333,3.3095349490034622,0.839563862928349,-5493886.149522582,133473259.65827298,-131923702.02635635,-106778607.72661838,439510891.96180654,334281841.86710477,-105229050.09470175,334281841.86710477,18982080.990978666,25638135.364438716,838662851.0559664,760163670.1118264,18982080.990978666,19756859.806936976,18982080.990978666,18982080.990978666,18982080.990978666,18982080.990978666,19756859.806936976,18982080.990978666,0.03204766920554839,0.030638980449260552,22609454.538419858,20883810.81196725,31276821.828605566,20919021.72699226,31272890.38959008,31272890.38959008,1245597815.5286167,869231397.0674126,376366418.46120405,376366418.46120405,376366418.46120405,654547230.6091455,654547230.6091455,331781419.32469386,331781419.32469386,332133591.5137658,322730594.0655445,0.009142918286591698,0.0,28.395200729370117,2023-06-02,0,0,0,0,0,0,0,1,0,0,0,6.345397404479239,1
28.11191062927246,27.90227508544922,27.783764839172363,28.862254486083984,28.11920522463179,28.004038964173333,28.06775404061446,28.834589106084195,51.093237776332465,46.189337245337306,50.32576774113619,-0.19965101732829282,-0.3483190361091958,0.14866801878090297,22.27526923817357,111.16522683803466,-30.660420885071524,43.71949742231983,1.7639133956795616,0.755079679113582,2.665385375127085,0.33994977221882294,28.760338113670443,28.11191062927246,27.46348314487448,0.4910392761230469,-0.0047689126046655175,-0.001331989581768056,0.0,92.85714285714286,92.85714285714286,-0.7222216335353737,-0.0023278960007625527,1.0120401543459705,0.9914077915758349,0.05043510807523159,0.01523933387995137,0.8824740338729298,0.02263374485596708,0.9063995968757873,0.6733014786960333,3.3095349490034622,0.839563862928349,-5506705.186503622,133784696.51826108,-132231523.26052928,-107027757.21460886,440536414.92028975,335061830.9634127,-105474583.95687707,335061830.9634127,19026372.407214437,25697957.537016902,840619726.3551106,761937381.0941069,19026372.407214437,19802959.036080334,19026372.407214437,19026372.407214437,19026372.407214437,19026372.407214437,19802959.036080334,19026372.407214437,0.03212244692127113,0.030710471232424045,22662209.805995673,20932539.587158,31349800.904756453,20967832.66078797,31345860.292405233,31345860.292405233,1248504203.4708116,871259598.8030922,377244604.6677193,377244604.6677193,377244604.6677193,656074503.822797,656074503.822797,332555574.1157091,332555574.1157091,332908568.0379209,323483630.3148666,0.009164251711500883,0.0,28.329099655151367,2023-06-05,0,0,0,0,0,0,0,1,0,0,0,5.990362499997475,1
28.223337936401368,28.00331516265869,27.821536922454833,28.87660785675049,28.31192890016143,28.130100289091036,28.127718060672198,28.82920820981504,54.31623527448701,68.36514916354349,55.30652259242675,-0.12858572547593994,-0.30437237398254463,0.1757866485066047,21.245973143187815,129.88384428677148,-13.402148836509713,48.35518755097805,3.649372149213259,0.7530819992134435,2.624218996959381,0.7271121605116448,29.026063287507615,28.223337936401368,27.42061258529512,1.0104007720947266,0.10336189637853753,0.028873431376919,0.0,85.71428571428572,85.71428571428572,0.8051949338743293,0.012999940010531397,1.025934608843532,1.0208262990376635,0.05043510807523159,0.01523933387995137,0.8824740338729298,0.02263374485596708,0.9063995968757873,0.6733014786960333,3.3095349490034622,0.839563862928349,-5436037.031202956,132067822.7452513,-130534581.53132226,-105654258.19620104,434882962.49623644,330761945.5139645,-104121016.982272,330761945.5139645,18782204.870630726,25368172.81228046,829831960.6478666,752159354.6058705,18782204.870630726,19548825.477595244,18782204.870630726,18782204.870630726,18782204.870630726,18782204.870630726,19548825.477595244,18782204.870630726,0.031710216015350574,0.030316360366324176,22371383.1668737,20663909.996816363,30947485.450424142,20698750.150537994,30943595.408386055,30943595.408386055,1232482011.2603676,860078628.2317394,372403383.0286281,372403383.0286281,372403383.0286281,647655027.3201163,647655027.3201163,328287851.7369426,328287851.7369426,328636315.6491992,319332329.191948,0.009046645858049714,0.0,28.697376251220703,2023-06-06,0,0,0,0,0,0,0,1,0,0,0,4.530945406957064,1
28.397089385986327,28.127019119262695,27.876306533813477,28.888694953918456,28.56631924846374,28.30191840835964,28.217944906805165,28.838851022962228,57.4159572116602,80.10468513594002,64.88639051494026,-0.04131062123367357,-0.25176002343277043,0.21044940219909686,19.800021778871265,189.4580438681023,-1.492477826794043,48.092435372148046,4.443698839635957,0.7282941164549858,2.504872271568982,0.4060516405950345,29.447697528624985,28.397089385986327,27.346481243347668,1.237039566040039,0.4462748728446912,0.12469621805044184,0.0,100.0,100.0,0.4146344867369378,0.013162307611016777,1.0134824021528894,1.0055519291846695,0.05043510807523159,0.01523933387995137,0.8824740338729298,0.02263374485596708,0.9063995968757873,0.6733014786960333,3.3095349490034622,0.839563862928349,-5365415.778268384,130352088.45921266,-128838766.0602139,-104281670.76737013,429233262.26147074,326464913.89309937,-102768348.36837135,326464913.89309937,18538199.387734994,25038606.96525246,819051354.7672006,742387817.7815582,18538199.387734994,19294860.58723438,18538199.387734994,18538199.387734994,18538199.387734994,18538199.387734994,19294860.58723438,18538199.387734994,0.03129825870656557,0.029922511071112143,22080749.54902758,20395458.695597127,30545437.01235459,20429846.230012793,30541597.507066187,30541597.507066187,1216470452.9588108,848905078.4565401,367565374.50227064,367565374.50227064,367565374.50227064,639241138.8134371,639241138.8134371,324022961.84016955,324022961.84016955,324366898.74903286,315183783.28238124,0.008929118059456067,0.0,29.07509994506836,2023-06-07,0,0,0,0,0,0,0,1,0,0,0,2.585260322837093,1
28.676603317260742,28.282829093933106,27.940047168731688,28.887939529418944,28.67295950080688,28.408158698747553,28.281592059061165,28.84070941443403,55.39219389843325,87.15406287451549,78.54129905799965,0.012472335585279382,-0.19891355162916047,0.21138588721443985,18.610479840695994,144.00345962466542,-15.238081313955503,47.80760255480371,5.70144814813367,0.7099982282290106,2.45791154575325,0.4721516812913329,29.2444940320044,28.676603317260742,28.108712602517084,1.5580997467041016,0.7214651451137128,0.20175378750532147,28.571428571428573,100.0,71.42857142857143,-0.360000610351561,-0.0064955903825613115,1.0164419599641183,0.9941501364154071,0.05043510807523159,0.01523933387995137,0.8824740338729298,0.02263374485596708,0.9063995968757873,0.6733014786960333,3.3095349490034622,0.839563862928349,-5400495.182839102,131204338.0958987,-129681121.50586717,-104963470.47671896,432039614.6271282,328599360.7404408,-103440253.88668743,328599360.7404408,18659403.227886386,25202310.853249144,824406360.7957076,747241593.0870643,18659403.227886386,19421011.522902157,18659403.227886386,18659403.227886386,18659403.227886386,18659403.227886386,19421011.522902157,18659403.227886386,0.03150288856656143,0.0301181462119873,22225114.790914766,20528805.40656146,30745144.879745923,20563417.768703777,30741280.27154566,30741280.27154566,1224423808.473309,854455269.8899662,369968538.58334285,369968538.58334285,369968538.58334285,643420535.052869,643420535.052869,326141443.0610717,326141443.0610717,326487628.64971524,317244473.4329329,0.008987497159569062,0.0,28.886240005493164,2023-06-08,0,0,0,0,0,0,0,1,0,0,0,1.7025021741916477,1
28.780476760864257,28.413143157958984,28.017952251434327,28.87245288848877,28.75349564966715,28.500233107591214,28.341875476997025,28.843605827491036,55.644735044447245,84.34095009904574,83.8665660365004,0.056727623778776604,-0.14778531654757304,0.20451294032634965,17.54156931588944,127.15059614926955,-14.622626159893917,47.02581565939033,4.71957000180987,0.6862641377268981,2.3734199970603367,0.37772096119943654,29.291644926661192,28.780476760864257,28.269308595067322,1.3031406402587926,1.064575732393369,0.2976370591383706,21.42857142857143,100.0,78.57142857142857,-0.20000000000000376,0.0009806725239818181,1.013101854226464,0.9973941393577217,0.05043510807523159,0.01523933387995137,0.8824740338729298,0.02263374485596708,0.9063995968757873,0.6733014786960333,3.3095349490034622,0.839563862928349,-5395204.254265674,131075795.66453144,-129554071.38768728,-104860636.53162515,431616340.34125394,328277428.0864729,-103338912.254781,328277428.0864729,18641122.391341016,25177619.853239812,823598680.1992486,746509511.7200294,18641122.391341016,19401984.5297631,18641122.391341016,18641122.391341016,18641122.391341016,18641122.391341016,19401984.5297631,18641122.391341016,0.031472024816549767,0.0300886391103278,22203340.584862582,20508693.094740674,30715023.500125892,20543271.546745185,30711162.678127684,30711162.678127684,1223224226.0841196,853618150.0242652,369606076.05985427,369606076.05985427,369606076.05985427,642790168.3960373,642790168.3960373,325821918.45792896,325821918.45792896,326167764.88448447,316933665.29545283,0.008978692003020403,0.0,28.914567947387695,2023-06-09,0,0,0,0,0,0,0,1,0,0,0,-1.0387503965319311,0
29.056213760375975,28.58406219482422,28.151571178436278,28.8656538772583,29.071591984014756,28.71978793397644,28.471962065160163,28.877495193185897,62.11281186781502,78.64651241993032,83.38050846449717,0.1540306480155884,-0.08742212363494074,0.24145277165052914,17.973321175850945,187.11052786221245,-13.398738831776194,55.863243784056195,6.104557790694365,0.7215583252863311,2.4288526853196717,1.1803827635589599,29.75054525894065,29.056213760375975,28.3618822618113,1.7091903686523438,1.4877709525929808,0.41712771929227443,14.285714285714286,100.0,85.71428571428572,0.5222205738990364,0.02743311630198253,1.0290604309277727,1.0151661605945708,0.05043510807523159,0.01523933387995137,0.8824740338729298,0.02263374485596708,0.9063995968757873,0.6733014786960333,3.3095349490034622,0.839563862928349,-5251148.876419824,127575988.7284047,-126094895.45556833,-102060790.98272376,420091910.1135859,319512212.4036985,-100579697.7098874,319512212.4036985,18143392.59224542,24505361.42329251,801608072.7119339,726577233.9584737,18143392.59224542,18883939.228663597,18143392.59224542,18143392.59224542,18143392.59224542,18143392.59224542,18883939.228663597,18143392.59224542,0.03063170177911564,0.029285253349264403,21610497.299112353,19961097.97254459,29894912.87829791,19994753.157934144,29891155.14269746,29891155.14269746,1190563362.88521,830826003.6397058,359737359.2455042,359737359.2455042,359737359.2455042,625627262.9303772,625627262.9303772,317122266.4407126,317122266.4407126,317458878.5481754,308471335.2789184,0.008738955227895721,0.0,29.70778465270996,2023-06-12,0,0,0,0,0,0,0,1,0,0,0,-5.416554979042319,0
29.44526786804199,28.83430290222168,28.312103080749512,28.8639542388916,29.59527691919343,29.06939863498996,28.678693943673554,28.946716824415894,68.02997301041364,84.13972729822672,82.37572993906758,0.30308577309992657,-0.009320544287967279,0.3124063173878939,19.112759595957158,201.3913565904083,-2.150483914945101,61.89068365449071,8.892628844911643,0.7421901975874844,2.422082539686399,1.0104045375024775,30.78207307209981,29.44526786804199,28.108462663984174,2.5024070739746094,2.0200078534586323,0.5683983656076279,7.142857142857143,100.0,92.85714285714286,0.8842117520925665,0.03146859140691727,1.03008229442324,1.0265738733428815,0.05043510807523159,0.01523933387995137,0.8824740338729298,0.02263374485596708,0.9063995968757873,0.6733014786960333,3.3095349490034622,0.839563862928349,-5090944.038593832,123683832.73250401,-122247925.4395673,-98947066.18600321,407275523.08750665,309764364.1944401,-97511158.8930665,309764364.1944401,17589864.338474844,23757738.84677122,777152188.0453432,704410429.9554352,17589864.338474844,18307817.984943207,17589864.338474844,17589864.338474844,17589864.338474844,17589864.338474844,18307817.984943207,17589864.338474844,0.029697173558464025,0.028391803292157913,20951192.774213083,19352114.197988097,28982863.004603386,19384742.613113806,28979219.911995664,28979219.911995664,1154241023.724521,805478722.8241857,348762300.9003352,348762300.9003352,348762300.9003352,606540294.2391344,606540294.2391344,307447331.9717468,307447331.9717468,307773674.53832334,299060328.01073,0.008472342542176525,0.0,30.64264678955078,2023-06-13,0,0,0,0,0,0,0,1,0,0,0,-7.990571390797651,0
29.970299911499023,29.183694648742676,28.549595069885253,28.89945991516113,30.296938000246794,29.547737094510605,28.96646215497641,29.05469891609972,73.14067109585825,91.75065195756241,84.84563055857313,0.5007809034254826,0.0926997452547227,0.40808115817075996,21.09977134887824,221.95367451189185,-1.4705818147619156,69.18013605424314,12.386992183725365,0.7694419201062328,2.427241657215179,1.1237143128499625,32.12501249835001,29.970299911499023,27.815587324648035,3.493917465209961,2.5892592643046233,0.7323195384098931,0.0,100.0,100.0,0.8958348234508724,0.03451442625261025,1.0293757367046479,1.0262916733238248,0.05043510807523159,0.01523933387995137,0.8824740338729298,0.02263374485596708,0.9063995968757873,0.6733014786960333,3.3095349490034622,0.839563862928349,-4921095.259188501,119557378.41233602,-118169377.18538542,-95645902.72986883,393687620.7350801,299429719.2321619,-94257901.50291821,299429719.2321619,17003015.030144885,22965111.20954634,751224118.6045831,680909238.2665628,17003015.030144885,17697015.64362019,17003015.030144885,17003015.030144885,17003015.030144885,17003015.030144885,17697015.64362019,17003015.030144885,0.028706389011932926,0.027444569714705103,20252199.720506527,18706471.081402443,28015909.946843293,18738010.917191785,28012388.398457624,28012388.398457624,1115732168.09127,778605597.3544269,337126570.73684305,337126570.73684305,337126570.73684305,586304336.4569069,586304336.4569069,297189989.9795825,297189989.9795825,297505444.80388945,289082800.9948938,0.008189680421245018,0.0,31.700260162353516,2023-06-14,0,0,0,0,0,0,0,1,0,0,0,-11.421711562396913,0
30.60865020751953,29.642626762390137,28.74270544052124,28.94195369720459,30.890622495363097,30.00778334743517,29.262798281702057,29.17325940902113,74.69648897917564,97.16992105929982,91.02010010502964,0.6800957589143941,0.21017894798665698,0.4699168109277371,23.226317370837595,188.99239104134165,-1.8072293469546714,68.95430753256592,16.695318755646337,0.754952087889599,2.353489270762487,0.5665842690733598,32.98068820122512,30.60865020751953,28.23661221381394,4.589321136474606,3.174473091175562,0.9028392204871558,0.0,100.0,100.0,0.7333346048942392,0.0119157168208599,1.0179319278313068,1.0131226500872386,0.05043510807523159,0.01523933387995137,0.8824740338729298,0.02263374485596708,0.9063995968757873,0.6733014786960333,3.3095349490034622,0.839563862928349,-4863147.372242749,118149541.92820524,-116777884.97705984,-94519633.54256418,389051789.7794199,295903813.1880011,-93147976.5914188,295903813.1880011,16802797.651531033,22694687.737132825,742378150.7858257,672891256.6016649,16802797.651531033,17488626.12710373,16802797.651531033,16802797.651531033,16802797.651531033,16802797.651531033,17488626.12710373,16802797.651531033,0.028368359671416033,0.027121398806738403,20013721.878075927,18486194.81884583,27686011.27657252,18517363.260312904,27682531.195843335,27682531.195843335,1102593970.5695755,769437201.5493302,333156769.0202452,333156769.0202452,333156769.0202452,579400365.7724597,579400365.7724597,293690457.6531983,293690457.6531983,294002197.8693677,285678734.0976445,0.008093243622082058,0.0,32.0779914855957,2023-06-15,0,0,0,0,0,0,0,1,0,0,0,-12.851673071866712,0
31.29421501159668,30.03734588623047,28.94525852203369,28.992379570007323,31.37454565283321,30.432257642042128,29.55609291847076,29.297539117207496,75.75512689237856,96.8773641727485,95.26597906320357,0.833926003144505,0.3349283590182266,0.49899764412627845,25.420189942629936,153.91204256070722,-3.001871779056414,68.29885659154378,13.900909791141602,0.7414969821959007,2.2926473185246845,0.5665806081778229,33.257713030681295,31.29421501159668,29.330716992512066,3.9471912384033203,3.7227619612374356,1.0655498137840844,21.42857142857143,100.0,78.57142857142857,0.10000254313797328,0.00824242634693828,1.0177461830745467,1.0017549393302443,0.05043510807523159,0.01523933387995137,0.8824740338729298,0.02263374485596708,0.9063995968757873,0.6733014786960333,3.3095349490034622,0.839563862928349,-4823390.9277780475,117183664.2069154,-115823220.61190107,-93746931.36553231,385871274.22224385,293484786.45172584,-92386487.77051799,293484786.45172584,16665434.038925434,22509157.66296422,736309176.6288874,667390340.8723664,16665434.038925434,17345655.836432595,16665434.038925434,16665434.038925434,16665434.038925434,16665434.038925434,17345655.836432595,16665434.038925434,0.02813644707870528,0.026899680174146803,19850108.818163503,18335069.360079374,27459676.912113704,18365982.99816144,27456225.281198118,27456225.281198118,1093580216.1832166,763147018.4578062,330433197.7254102,330433197.7254102,330433197.7254102,574663742.2030948,574663742.2030948,291289525.1961345,291289525.1961345,291598716.9222742,283343297.83434635,0.008027080998173704,0.0,32.34239196777344,2023-06-16,0,0,0,0,0,0,0,1,0,0,0,-15.010614076017484,0
31.897079467773438,30.476646614074706,29.189460849761964,29.050210876464845,31.823732746420056,30.848593876869696,29.85761806276819,29.43183589432068,77.2285819325917,95.84319416459836,96.63015979888222,0.9752354965737702,0.4629897865293353,0.5122457100444349,27.6993338172282,133.8287887603675,-2.9757267228835156,71.36488686196397,15.507048695222325,0.7414219720091264,2.2658136699869855,0.7404468395810611,33.31807683114536,31.897079467773438,30.476082104401517,4.393007278442383,4.493051438416681,1.295298735300701,14.285714285714286,100.0,85.71428571428572,0.7179516021753601,0.011740472572302929,1.0230359942479865,1.016514343138039,0.05043510807523159,0.01523933387995137,0.8824740338729298,0.02263374485596708,0.9063995968757873,0.6733014786960333,3.3095349490034622,0.839563862928349,-4767419.173728221,115823837.61814074,-114479180.92811485,-92659070.0945126,381393533.8982577,290079120.49377096,-91314413.40448669,290079120.49377096,16472044.452817379,22247956.14406503,727764873.0972042,659645787.5956644,16472044.452817379,17144372.797830332,16472044.452817379,16472044.452817379,16472044.452817379,16472044.452817379,17144372.797830332,16472044.452817379,0.02780994518008129,0.02658753000733046,19619763.522650756,18122304.93603099,27141028.412453204,18152859.845041867,27137616.835068334,27137616.835068334,1080890056.125599,754291282.3458971,326598773.7797019,326598773.7797019,326598773.7797019,567995210.0186713,567995210.0186713,287909333.56213826,287909333.56213826,288214937.35532594,280055316.0772142,0.007933932876842641,0.0,32.72210693359375,2023-06-20,0,0,0,0,0,0,0,1,0,0,0,-15.559185553953506,0
32.29018859863281,30.867728233337402,29.43552169799805,29.0948099899292,32.085219312229256,31.168520889047507,30.1195775276329,29.556398896262916,75.74142640031839,92.15847533053817,94.959677889295,1.065747072054858,0.5835412436344398,0.48220582842041826,29.815681700783735,106.23433328698255,-5.076251505760908,73.9526072141961,13.627783105992485,0.7271132596350042,2.229848406614737,0.5410999987714149,33.029619872037905,32.29018859863281,31.550757325227718,3.910816192626953,4.930723899092216,1.432043442359337,7.142857142857143,92.85714285714286,85.71428571428572,-0.19298233872964343,-0.0034812700165448573,1.0168043496548103,0.9968078754128253,0.05043510807523159,0.01523933387995137,0.8824740338729298,0.02263374485596708,0.9063995968757873,0.6733014786960333,3.3095349490034622,0.839563862928349,-4784073.826497342,116228460.27195467,-114879106.11576311,-92982768.21756375,382725906.11978745,291092492.05841523,-91633414.06137218,291092492.05841523,16529588.413346589,22325677.8569876,730307269.8987675,661950215.0316997,16529588.413346589,17204265.491442367,16529588.413346589,16529588.413346589,16529588.413346589,16529588.413346589,17204265.491442367,16529588.413346589,0.0279070973212345,0.02668041172469672,19688303.82443137,18185613.968672592,27235843.73863582,18216275.61916799,27232420.24313872,27232420.24313872,1084666071.5986187,756926347.3436373,327739724.25498146,327739724.25498146,327739724.25498146,569979462.4312795,569979462.4312795,288915125.1245607,288915125.1245607,289221796.5236951,281033670.16680545,0.007961649528628895,0.0,32.608192443847656,2023-06-21,0,0,0,0,0,0,0,1,0,0,0,-13.068214919861179,0
32.4584846496582,31.214392280578615,29.670705699920653,29.127881507873536,32.23739301397966,31.41819716694441,30.35025970761838,29.67347111278125,74.83610363508278,84.8582909930965,90.95332016274432,1.11921441744175,0.6906758783959018,0.42853853904584815,31.688302989534943,88.57967832870925,-6.5883933524443465,77.61416361351128,11.923056082220329,0.7104360592178661,2.1831532367464916,0.4936324537950725,32.911998233835504,32.4584846496582,32.0049710654809,3.4666404724121094,5.426059044977906,1.58656869790493,0.0,85.71428571428572,85.71428571428572,-0.21153944907017833,-0.0020378935901343986,1.0153483011030082,0.9968013779498734,0.05043510807523159,0.01523933387995137,0.8824740338729298,0.02263374485596708,0.9063995968757873,0.6733014786960333,3.3095349490034622,0.839563862928349,-4793843.168763075,116465805.18982086,-115113695.57811846,-93172644.15185669,383507453.501046,291686918.9608917,-91820534.54015428,291686918.9608917,16563342.743354471,22371268.12089435,731798597.5700247,663301953.831737,16563342.743354471,17239397.549205672,16563342.743354471,16563342.743354471,16563342.743354471,16563342.743354471,17239397.549205672,16563342.743354471,0.027964085151117937,0.02673489459502484,19728508.425294194,18222749.99408015,27291460.831730206,18253474.25735474,27288030.345266733,27288030.345266733,1086881019.461418,758472032.6372449,328408986.824173,328408986.824173,328408986.824173,571143391.8886571,571143391.8886571,289505105.72382647,289505105.72382647,289812403.3628498,281607556.4009283,0.007977907655502728,0.0,32.54174041748047,2023-06-22,0,0,0,0,0,0,0,1,0,0,0,-14.680412518571332,0
32.48478393554687,31.5467170715332,29.914773082733156,29.1631844329834,32.228091314332794,31.562068212052527,30.527329060706066,29.772922752085478,70.31090776726722,65.48390405924272,80.83355679429245,1.121845734374137,0.7769098495915489,0.3449358847825882,32.60319752462895,63.871884998415275,-13.905102256280587,74.1584513384289,11.504605337745355,0.7112236406464069,2.2081184355443493,0.7214621992174379,32.85449655643369,32.48478393554687,32.11507131466006,3.3232479095458984,5.6958388384436205,1.6769728416051635,0.0,78.57142857142857,78.57142857142857,0.5636396423889777,-0.01021004095598188,1.0164080915736728,1.0092207431035047,0.05043510807523159,0.01523933387995137,0.8824740338729298,0.02263374485596708,0.9063995968757873,0.6733014786960333,3.3095349490034622,0.839563862928349,-4843293.392664011,117667192.0397218,-116301134.92897041,-94133753.63177744,387463471.41312087,294695774.8920948,-92767696.52102606,294695774.8920948,16734199.6067045,22602035.83243205,739347364.4416715,670144153.0811069,16734199.6067045,17417228.162080195,16734199.6067045,16734199.6067045,16734199.6067045,16734199.6067045,17417228.162080195,16734199.6067045,0.028252544790540065,0.027010674689856982,19932015.11596343,18410724.242626656,27572982.10833486,18441765.437775034,27569516.23516437,27569516.23516437,1098092589.7764962,766295945.6264943,331796644.1500018,331796644.1500018,331796644.1500018,577034942.282393,577034942.282393,292491455.46338236,292491455.46338236,292801922.9885531,284512440.0664936,0.008060202654720943,0.0,32.20948791503906,2023-06-23,0,0,0,0,0,0,0,1,0,0,0,-14.304228897791976,0
32.471493530273435,31.88285427093506,30.14799871444702,29.20038299560547,32.24404085669061,31.69186307193502,30.69386343029656,29.871080288921586,70.6926128708179,50.97091583981844,67.10437029738587,1.116423757044199,0.8448126310820789,0.2716111259621201,33.774955079630374,65.9059265272273,-12.534143246459367,66.73175842548336,11.625184924550247,0.702462228104833,2.176426865894791,0.5885638650643727,32.86475318454155,32.471493530273435,32.07823387600532,3.3613719940185547,6.039380374250715,1.7875496668693351,7.142857142857143,71.42857142857143,64.28571428571429,-0.04838491355441406,0.0020631196168803267,1.0183161824085765,0.999118460758949,0.05043510807523159,0.01523933387995137,0.8824740338729298,0.02263374485596708,0.9063995968757873,0.6733014786960333,3.3095349490034622,0.839563862928349,-4833321.671908004,117424930.36238037,-116061685.78825247,-93939944.2899043,386665733.75264037,294089034.036864,-92576699.7157764,294089034.036864,16699746.033066759,22555501.135570686,737825142.915495,668764412.1034249,16699746.033066759,17381368.32013071,16699746.033066759,16699746.033066759,16699746.033066759,16699746.033066759,17381368.32013071,16699746.033066759,0.02819437641946336,0.02695506317025618,19890977.649775248,18372818.919496454,27516212.86978096,18403796.204799842,27512754.13239941,27512754.13239941,1095831757.7802193,764718240.4232908,331113517.35692847,331113517.35692847,331113517.35692847,575846901.2441165,575846901.2441165,291889253.01952124,291889253.01952124,292199081.331823,283926665.3933651,0.008043607729823054,0.0,32.27593994140625,2023-06-26,0,0,0,0,0,0,0,1,0,0,0,-15.634331110098355,0
32.61958465576172,32.258332061767575,30.421197128295898,29.271512489318848,32.650214758138794,32.01380843358959,30.957549061795472,30.011922730965257,76.50222208039457,56.36725834933198,57.607359416131025,1.1941123455219724,0.9146725739700576,0.2794397715519148,35.50615202296829,92.26343784776009,-3.8462956541171343,69.3540143894837,12.639037047761438,0.751283944746221,2.245147673241975,1.3859662610842634,33.515384759875566,32.61958465576172,31.723784551647878,3.7547779083251953,6.611431331899617,1.9700163327730635,0.0,100.0,100.0,0.8219188461839922,0.036764928357875926,1.0429537808877953,1.0352423139449987,0.05043510807523159,0.01523933387995137,0.8824740338729298,0.02263374485596708,0.9063995968757873,0.6733014786960333,3.3095349490034622,0.839563862928349,-4661926.2859937465,113260901.43536088,-111945999.14956777,-90608721.14828871,372954102.8794997,283660284.0170041,-89293818.8624956,283660284.0170041,16107553.000965571,21755656.00130415,711660978.0426607,645049223.6100962,16107553.000965571,16765004.143862125,16107553.000965571,16107553.000965571,16107553.000965571,16107553.000965571,16765004.143862125,16107553.000965571,0.027194570001630187,0.025999204287272815,19185619.7154358,17721296.71534802,26540454.945137545,17751175.508945383,26537118.85873363,26537118.85873363,1056972248.7776462,737600414.0442157,319371834.73343056,319371834.73343056,319371834.73343056,555426679.1761523,555426679.1761523,281538509.87401974,281538509.87401974,281837351.3026091,273858285.1592736,0.00775837174832222,0.0,33.462562561035156,2023-06-27,0,0,0,0,0,0,0,1,0,0,0,-19.310807899215803,0
32.83222579956055,32.56120719909668,30.69775505065918,29.33473155975342,32.99060922637313,32.31518838436272,31.21601088094274,30.155431571431002,77.35307720204597,76.18460959536718,61.17426126150584,1.2580306056356108,0.9833441803031683,0.2746864253324425,37.17077227551194,105.69719733070085,-1.5094488903798597,70.00970075343298,9.884104966819729,0.7383046570258125,2.1926759722160023,0.5695739166605023,34.05963701807394,32.83222579956055,31.604814581047155,3.0287513732910156,7.135089758499426,2.1420597051962815,0.0,100.0,100.0,0.26666709052300164,0.006240872958421129,1.017167337940585,1.0045312897533087,0.05043510807523159,0.01523933387995137,0.8824740338729298,0.02263374485596708,0.9063995968757873,0.6733014786960333,3.3095349490034622,0.839563862928349,-4633012.245156912,112558438.52015832,-111251691.47665252,-90046750.81612664,370640979.612553,281900975.83993214,-88740003.77262086,281900975.83993214,16007651.282945998,21620723.810732257,707247138.5010686,641048521.2289227,16007651.282945998,16661024.804698896,16007651.282945998,16007651.282945998,16007651.282945998,16007651.282945998,16661024.804698896,16007651.282945998,0.02702590476341532,0.02583795290568278,19066627.316607293,17611386.29088493,26375846.637104575,17641079.77124368,26372531.241662424,26372531.241662424,1050416731.4035566,733025693.8138648,317391037.5896918,317391037.5896918,317391037.5896918,551981830.6954254,551981830.6954254,279792361.29245687,279792361.29245687,280089349.25689,272159770.6065253,0.007710253038630844,0.0,33.6713981628418,2023-06-28,0,0,0,0,0,0,0,1,0,0,0,-20.463431918071816,0
33.14929046630859,32.8038875579834,30.993791103363037,29.411785507202147,33.36942740132232,32.64462026924599,31.4932540114454,30.311181852991382,79.128903435293,94.96006020643091,75.83730938371,1.3301218751037531,1.0526997192632852,0.2774221558404679,38.94971164824981,125.4316764521657,-0.35712201760177553,72.38210348767915,7.655468997535864,0.7330332835620385,2.1479529821425625,0.6645054285329763,34.69143090700098,33.14929046630859,31.607150025616207,2.4268035888671875,7.475053549007277,2.2626372606326335,0.0,100.0,100.0,0.6857128843984481,0.013532719555487738,1.019846916752318,1.0135325493576854,0.05043510807523159,0.01523933387995137,0.8824740338729298,0.02263374485596708,0.9063995968757873,0.6733014786960333,3.3095349490034622,0.839563862928349,-4571152.1253984235,111055554.84141041,-109766255.52399033,-88844443.87312832,365692170.0318738,278137025.4761656,-87555144.55570826,278137025.4761656,15793916.638395833,21332043.251859307,697803953.2963978,632489221.9661857,15793916.638395833,16438566.297105867,15793916.638395833,15793916.638395833,15793916.638395833,15793916.638395833,16438566.297105867,15793916.638395833,0.026665054064824136,0.025492963776260435,18812049.131447356,17376238.527956825,26023675.53429594,17405535.54006688,26020404.4061141,26020404.4061141,1036391535.4052361,723238312.55823,313153222.8470061,313153222.8470061,313153222.8470061,544611752.5811224,544611752.5811224,276056565.213965,276056565.213965,276349587.78610593,268525885.1099433,0.007607305506636613,0.0,34.1270637512207,2023-06-29,0,0,0,0,0,0,0,1,0,0,0,-23.064126073569742,0
33.582167053222655,33.03347549438477,31.338051128387452,29.48640998840332,33.704241884084674,32.9590294656757,31.76759847222292,30.470502990113655,80.04177419632694,97.99584154458755,89.71350378212851,1.3911338704262768,1.1203865494958836,0.2707473209303932,40.74250509141223,148.4363107873126,-0.5522533611353315,73.9301627234943,7.157179292365035,0.7037280135727251,2.0472760157028467,0.3227595037116515,35.038794392201005,33.582167053222655,32.125539714244304,2.295879364013672,7.608627209331647,2.3221952731792754,0.0,100.0,100.0,0.6176440889048321,0.0072320050792487045,1.0094707559369545,1.005833307902018,0.05043510807523159,0.01523933387995137,0.8824740338729298,0.02263374485596708,0.9063995968757873,0.6733014786960333,3.3095349490034622,0.839563862928349,-4538330.893326574,110258167.21607511,-108978125.1692394,-88206533.77286008,363066471.4661259,276139979.7401016,-86926491.72602437,276139979.7401016,15680515.073737329,21178877.50219068,692793665.9851221,627947899.5670135,15680515.073737329,16320536.09715518,15680515.073737329,15680515.073737329,15680515.073737329,15680515.073737329,16320536.09715518,15680515.073737329,0.02647359687773835,0.025309922289705893,18676977.1379209,17251475.767581142,25836823.495544508,17280562.424838174,25833575.8543205,25833575.8543205,1028950162.6029974,718045404.5454262,310904758.0575711,310904758.0575711,310904758.0575711,540701397.3292801,540701397.3292801,274074457.34634393,274074457.34634393,274365375.99335206,266597848.1182354,0.007552684454301144,0.0,34.373870849609375,2023-06-30,0,0,0,0,0,0,0,1,0,0,0,-26.22745731171923,0
34.15933685302734,33.31541519165039,31.67638053894043,29.58132553100586,34.190090902866345,33.35953118835824,32.090854707290234,30.654474988165266,82.65066014282961,98.35402093128785,97.10330756076873,1.4859357786170406,1.193496395320115,0.29243938329692565,42.80755377884931,162.59909903084562,-1.5745394830984114,76.85929751305854,8.71734216648401,0.7280491369425791,2.0705691003834406,1.044223740750681,35.35116071776277,34.15933685302734,32.967512988291915,2.81939697265625,7.492612758050965,2.3093618246225205,0.0,100.0,100.0,0.9181818497081758,0.022922006493466096,1.0305301783537786,1.0280322556327928,0.05043510807523159,0.01523933387995137,0.8824740338729298,0.02263374485596708,0.9063995968757873,0.6733014786960333,3.3095349490034622,0.839563862928349,-4436634.332351283,107787462.30520105,-106536103.90376863,-86229969.84416084,354930746.58810264,269952135.14537424,-84978611.44272843,269952135.14537424,15329140.417547062,20704293.550972655,677269294.8116248,613876615.7936054,15329140.417547062,15954819.618263269,15329140.417547062,15329140.417547062,15329140.417547062,15329140.417547062,15954819.618263269,15329140.417547062,0.02588036693871582,0.024742768391959078,18258456.675445665,16864898.455668658,25257862.60490383,16893333.328584082,25254687.73799961,25254687.73799961,1005893075.0059777,701955183.276246,303937891.7297318,303937891.7297318,303937891.7297318,528585164.7505189,528585164.7505189,267932897.72488102,267932897.72488102,268217297.3615702,260623827.06196898,0.0073834411679062715,0.0,35.16178894042969,2023-07-03,0,0,0,0,0,0,0,1,0,0,0,-27.201741869662026,0
34.533355712890625,33.57647018432617,32.02655839920044,29.680791549682617,34.570946222028084,33.71828131053884,32.39959776948655,30.837933100800022,83.16460969804092,96.56004728617971,97.63663658735167,1.556907526183437,1.2661786214927795,0.2907289046906576,44.81897640602766,147.59196560836577,-3.085264166614056,79.32794807180159,7.977939599230766,0.7384275618915236,2.0899293387702977,0.8733470862278025,35.787880337958946,34.533355712890625,33.278831087822304,2.6105499267578125,7.338368179437429,2.283613571753868,0.0,100.0,100.0,0.2934793425439098,0.004859477434761894,1.0252400041066863,1.0073071840917112,0.05043510807523159,0.01523933387995137,0.8824740338729298,0.02263374485596708,0.9063995968757873,0.6733014786960333,3.3095349490034622,0.839563862928349,-4415178.870260813,107266204.60441336,-106020897.74357057,-85812963.68353069,353214309.6208651,268646652.7981772,-84567656.8226879,268646652.7981772,15255009.045324221,20604168.06121713,673994036.0025065,610907922.5293568,15255009.045324221,15877662.475745618,15255009.045324221,15255009.045324221,15255009.045324221,15255009.045324221,15877662.475745618,15255009.045324221,0.025755210076521415,0.024623112930300693,18170159.19684258,16783340.192722194,25135716.159420546,16811637.555242985,25132556.64610002,25132556.64610002,1001028599.1170174,698560544.0754962,302468055.04152125,302468055.04152125,302468055.04152125,526028938.99145824,526028938.99145824,266637180.36363542,266637180.36363542,266920204.6501906,259363456.19916728,0.007347735015402314,0.0,35.33265686035156,2023-07-05,0,0,0,0,0,0,0,1,0,0,0,-26.445886115718825,0
34.8428237915039,33.837524795532225,32.35262651443482,29.777790451049803,34.786876999988124,33.991091718787814,32.66808736819337,31.009729393157205,81.43258756235436,92.69274067920104,95.8689362988895,1.5856821357321849,1.3300793243406606,0.2556028113915243,46.68672598840755,116.28073459511546,-6.608219559434503,82.77034753734756,8.005798286905929,0.7324694902767414,2.0797720767709444,0.6550145592845737,35.82881219250801,34.8428237915039,33.856835390499796,2.610546112060547,7.1524214469449605,2.2456112641554604,0.0,92.85714285714286,92.85714285714286,0.43103312199099486,-0.0032241646840657223,1.0158774117283411,1.0067842607965254,0.05043510807523159,0.01523933387995137,0.8824740338729298,0.02263374485596708,0.9063995968757873,0.6733014786960333,3.3095349490034622,0.839563862928349,-4429460.179340519,107613167.17756774,-106363832.25518964,-86090533.7420542,354356814.3472415,269515615.5275654,-84841198.8196761,269515615.5275654,15304352.799131665,20670814.170255754,676174132.7616354,612883961.3529814,15304352.799131665,15929020.260320712,15304352.799131665,15304352.799131665,15304352.799131665,15304352.799131665,15929020.260320712,15304352.799131665,0.025838517712819694,0.02470275869247597,18228932.27651675,16837627.476595692,25217019.984692574,16866016.369582668,25213850.251630645,25213850.251630645,1004266519.7634283,700820103.5030942,303446416.26033413,303446416.26033413,303446416.26033413,527730428.80271083,527730428.80271083,267499643.26645532,267499643.26645532,267783583.02154124,260202391.5607469,0.0073715019516633895,0.0,35.2187385559082,2023-07-06,0,0,0,0,0,0,0,1,0,0,0,-26.614607867677904,0
35.15419235229492,34.151741409301756,32.683066844940186,29.900523529052734,35.08588685171734,34.29887623449472,32.955308243144074,31.193030458334405,82.99038297715163,87.14025566239776,92.13101454259281,1.6272633125483367,1.3895161219821959,0.2377471905661408,48.74668950776918,130.5668224583176,-9.151766012904284,78.98782978231176,9.655802355326504,0.7411772262556623,2.0770630174967715,0.8543777939816337,36.014690945194,35.15419235229492,34.29369375939584,3.1421661376953125,6.9502022506521905,2.202286866995003,0.0,100.0,100.0,0.5058836201093211,0.013207968778584878,1.022880173329979,1.0115715906066056,0.05043510807523159,0.01523933387995137,0.8824740338729298,0.02263374485596708,0.9063995968757873,0.6733014786960333,3.3095349490034622,0.839563862928349,-4371718.655825618,106210344.26653263,-104977295.4148895,-84968275.4132261,349737492.4660494,266002265.90446642,-83735226.56158298,266002265.90446642,15104848.432628255,20401353.727186214,667359667.1143029,604894533.2435638,15104848.432628255,15721372.858449817,15104848.432628255,15104848.432628255,15104848.432628255,15104848.432628255,15721372.858449817,15104848.432628255,0.025501692158982767,0.02438073865748902,17991303.698974654,16618135.659644814,24888296.14624085,16646154.48091524,24885167.733161207,24885167.733161207,991175109.8583094,691684358.0967172,299490751.76159215,299490751.76159215,299490751.76159215,520851044.46907,520851044.46907,264012573.439315,264012573.439315,264292811.81468844,256810447.19221768,0.007275408582257484,0.0,35.68390655517578,2023-07-07,0,0,0,0,0,0,0,1,0,0,0,-27.25017376994292,0
35.57188186645508,34.57702445983887,33.06187076568604,30.04619041442871,35.54469737461495,34.69222935920662,33.28930921240751,31.39966920194522,85.2244088675694,88.79142285053645,89.54147306404504,1.703392379787111,1.4522913735431788,0.2511010062439323,50.79437712075521,134.98881268813264,-0.6097313481400405,80.61934838777474,13.20365761973321,0.7458709584133292,2.0455938917910936,0.8068894764629988,36.53335648257715,35.57188186645508,34.61040725033301,4.252830505371101,6.89261647855197,2.205926503890595,28.571428571428573,100.0,71.42857142857143,0.9382723607866967,0.021814087648468927,1.0215253131969766,1.0201858775758834,0.05043510807523159,0.01523933387995137,0.8824740338729298,0.02263374485596708,0.9063995968757873,0.6733014786960333,3.3095349490034622,0.839563862928349,-4278389.492443173,103942924.2074335,-102736198.96597517,-83154339.3659468,342271159.3954539,260323545.27096537,-81947614.12448847,260323545.27096537,14782384.207864553,19965817.631401476,653112611.3656521,591981007.6563199,14782384.207864553,15385746.828593718,14782384.207864553,14782384.207864553,14782384.207864553,14782384.207864553,15385746.828593718,14782384.207864553,0.024957272039251844,0.02386024909247154,17607218.295823827,16263365.186017958,24356971.0450137,16290785.85050978,24353909.41852268,24353909.41852268,970015115.1168115,676918009.3107846,293097105.8060269,293097105.8060269,293097105.8060269,509731712.2214668,509731712.2214668,258376329.54043034,258376329.54043034,258650585.27712542,251327957.10736692,0.007120090308209194,0.0,36.46231842041016,2023-07-10,0,0,0,0,0,0,0,1,0,0,0,-29.79829318321583,0
35.978179931640625,35.06875839233398,33.47580633163452,30.22574031829834,36.09422467186244,35.146965705961314,33.661115884212265,31.62686959662805,86.9568042915866,91.78609366049788,89.239257391144,1.8019360483285354,1.5222203085002501,0.27971573982828524,52.91892546637354,145.24176262660575,-1.9064208820782842,80.47805485757105,15.235309440648702,0.7522647183163184,2.022582394332643,0.8353835970551771,37.47241004199883,35.978179931640625,34.48394982128242,4.917339324951172,6.857552162758285,2.2203005521725387,21.42857142857143,100.0,78.57142857142857,0.8372101275704786,0.02004702053005203,1.0223783659516583,1.018720781015146,0.05043510807523159,0.01523933387995137,0.8824740338729298,0.02263374485596708,0.9063995968757873,0.6733014786960333,3.3095349490034622,0.839563862928349,-4194306.150926231,101900130.20519498,-100717120.77801065,-81520104.16415597,335544492.0740985,255207397.33712685,-80337094.73697166,255207397.33712685,14491865.48300794,19573428.704322413,640276965.8856236,580346783.7675815,14491865.48300794,15083370.1966001,14491865.48300794,14491865.48300794,14491865.48300794,14491865.48300794,15083370.1966001,14491865.48300794,0.024466785880403016,0.023391322764780904,17261183.005734876,15943740.68909779,23878282.623047087,15970622.4542909,23875281.166810855,23875281.166810855,950951373.4109607,663614515.4946233,287336857.9163374,287336857.9163374,287336857.9163374,499713936.6738137,499713936.6738137,253298450.30689758,253298450.30689758,253567316.08580312,246388599.78902555,0.006980158919055856,0.0,37.19327926635742,2023-07-11,0,0,0,0,0,0,0,1,0,0,0,-30.176830859913263,0
36.230692291259764,35.3820240020752,33.82017803192139,30.38558567047119,36.26122266739072,35.410284424595126,33.940554243663215,31.821706814738608,78.81455563603308,87.40513379067205,89.32755010056876,1.810899203981215,1.5799560875964431,0.23094311638477194,54.94782106866505,118.3038764449652,-16.306149996129072,70.82899813931046,9.361674234297501,0.7697283972876061,2.1033578306272256,0.9967562239143462,37.6267234726843,36.230692291259764,34.83466110983523,3.1326560974121094,6.944618777033601,2.2703928091587215,14.285714285714286,100.0,85.71428571428572,-0.8000007266095326,-0.016079803117847735,1.027286882784602,0.9786747863517703,0.05043510807523159,0.01523933387995137,0.8824740338729298,0.02263374485596708,0.9063995968757873,0.6733014786960333,3.3095349490034622,0.839563862928349,-4262851.971346004,103565442.12436767,-102363099.26065469,-82852353.69949414,341028157.70768034,259378146.8718992,-81650010.83578116,259378146.8718992,14728700.08048395,19893309.199614685,650740749.0104727,589831152.5737404,14728700.08048395,15329871.512340438,14728700.08048395,14728700.08048395,14728700.08048395,14728700.08048395,15329871.512340438,14728700.08048395,0.024866636499518358,0.02377359753250656,17543275.420539323,16204302.685949875,24268515.575462956,16231623.768775793,24265465.06766187,24265465.06766187,966492380.6060053,674459694.5946287,292032686.01137656,292032686.01137656,292032686.01137656,507880556.022031,507880556.022031,257438002.70545325,257438002.70545325,257711262.4472062,250415227.34240246,0.007094232785519184,0.0,36.595218658447266,2023-07-12,0,0,0,0,0,0,0,1,0,0,0,-28.72265893703854,0
36.219302368164065,35.531063079833984,34.046135139465335,30.51109664916992,35.89474475840371,35.36510342747414,34.05686231002193,31.952690427510806,63.4736740658304,54.620083182793,77.93710354465428,1.682936921599655,1.6005522543970856,0.08238466720256943,54.138201394784055,59.38643703374791,-41.43091402485596,53.21545160705771,4.426281232457452,0.8646005697307126,2.4589208791267687,2.0979388114910975,37.64870341295668,36.219302368164065,34.78990132337145,1.4903907775878906,6.821548801537207,2.2480844840025256,7.142857142857143,92.85714285714286,85.71428571428572,-0.9864241834228317,-0.039169863456648635,1.0596814197143727,0.9444161081763296,0.05043510807523159,0.01523933387995137,0.8824740338729298,0.02263374485596708,0.9063995968757873,0.6733014786960333,3.3095349490034622,0.839563862928349,-4436634.332351283,107787462.30520105,-106536103.90376863,-86229969.84416084,354930746.58810264,269952135.14537424,-84978611.44272843,269952135.14537424,15329140.417547062,20704293.550972655,677269294.8116248,613876615.7936054,15329140.417547062,15954819.618263269,15329140.417547062,15329140.417547062,15329140.417547062,15329140.417547062,15954819.618263269,15329140.417547062,0.02588036693871582,0.024742768391959078,18258456.675445665,16864898.455668658,25257862.60490383,16893333.328584082,25254687.73799961,25254687.73799961,1005893075.0059777,701955183.276246,303937891.7297318,303937891.7297318,303937891.7297318,528585164.7505189,528585164.7505189,267932897.72488102,267932897.72488102,268217297.3615702,260623827.06196898,0.0073834411679062715,0.0,35.16178894042969,2023-07-13,0,0,0,0,0,0,0,1,0,0,0,-26.468599999218874,0
35.985774230957034,35.569983291625974,34.18693542480469,30.635595359802245,35.43525179531601,35.21076932595896,34.10061502993799,32.0532227977708,57.998698537650014,24.462774065993028,55.495997013152646,1.5120080858805025,1.582843420693769,-0.07083533481326643,52.18353320610881,-11.993551941508759,-55.80990288181359,47.570205138438496,1.140450056755915,0.8699720215927231,2.5204696964932243,0.9398008957988608,37.96466116449768,35.985774230957034,34.00688729741639,0.3892021179199219,6.365658881979732,2.1120896461682435,0.0,85.71428571428572,85.71428571428572,-0.6464629339210763,-0.01835865269490966,1.0273707970302524,0.9827027191986909,0.05043510807523159,0.01523933387995137,0.8824740338729298,0.02263374485596708,0.9063995968757873,0.6733014786960333,3.3095349490034622,0.839563862928349,-4519608.250539995,109803303.00991398,-108528541.70847963,-87842642.40793118,361568660.0431996,275000778.9367028,-86567881.10649683,275000778.9367028,15615825.94257088,21091505.169186644,689935582.5535861,625357333.896832,15615825.94257088,16253206.593288058,15615825.94257088,15615825.94257088,15615825.94257088,15615825.94257088,16253206.593288058,15615825.94257088,0.026364381461483306,0.025205507551088434,18599926.261837672,17180305.721603956,25730235.054018952,17209272.383403078,25727000.810766127,25727000.810766127,1024705283.4189044,715083146.4091549,309622137.00974953,309622137.00974953,309622137.00974953,538470762.4649765,538470762.4649765,272943777.74575186,272943777.74575186,273233496.2233506,265498012.87146485,0.007521526256179107,0.0,34.516265869140625,2023-07-14,0,0,0,0,0,0,0,1,0,0,0,-26.697762612629738,0
35.57947692871094,35.57567939758301,34.30457744598389,30.74270999908447,35.100445166603905,35.06896252290818,34.13206425653244,32.146462370767225,57.29432408376927,3.390847153144746,27.491234800643543,1.3540433763500346,1.537083411825022,-0.18304003547498748,50.31561594843082,-41.485145697065086,-58.84487724880353,45.20448300458909,0.16571034382344418,0.8369880183203963,2.4309259228129334,0.40819597578014566,37.81739661273237,35.57947692871094,33.34155724468951,0.0569610595703125,5.8989398024489565,1.969386100769043,0.0,78.57142857142857,78.57142857142857,-0.046512659463112,-0.0024751796815112304,1.0119014750197517,0.9994488713899393,0.05043510807523159,0.01523933387995137,0.8824740338729298,0.02263374485596708,0.9063995968757873,0.6733014786960333,3.3095349490034622,0.839563862928349,-4530822.851201816,110075760.29522362,-108797835.9012949,-88060608.2361789,362465828.09614533,275683144.25389516,-86782683.84225018,275683144.25389516,15654573.825626789,21143839.972275145,691647534.4776927,626909046.4307129,15654573.825626789,16293536.022591148,15654573.825626789,15654573.825626789,15654573.825626789,15654573.825626789,16293536.022591148,15654573.825626789,0.02642979996534393,0.025268050516317822,18646078.656869013,17222935.581812035,25794080.036829386,17251974.119208902,25790837.768379573,25790837.768379573,1027247906.5651094,716857497.5215592,310390409.0435501,310390409.0435501,310390409.0435501,539806881.4899806,539806881.4899806,273621038.9818738,273621038.9818738,273911476.34413034,266156798.77188107,0.007540189580222818,0.0,34.43083190917969,2023-07-17,0,0,0,0,0,0,0,1,0,0,0,-26.09994243192542,0
35.11622161865235,35.547200775146486,34.43130798339844,30.887077140808106,35.02596434975742,35.034060739845685,34.203010776487865,32.25354238430829,60.024758454959525,11.11137920550708,12.98833347488157,1.2504431312403312,1.4797553557080838,-0.22931222446775257,48.240689397029136,-43.92812992342028,-60.916946291113106,48.1166590968255,-0.8099309874355698,0.8361948266472666,2.3975535783701756,0.8258833348965808,36.68502760107732,35.11622161865235,33.54741563622737,-0.2847862243652344,5.3589829706328285,1.801467064099434,0.0,71.42857142857143,71.42857142857143,0.8160962883388524,0.01295846722674776,1.024247461147873,1.0197058818547031,0.05043510807523159,0.01523933387995137,0.8824740338729298,0.02263374485596708,0.9063995968757873,0.6733014786960333,3.3095349490034622,0.839563862928349,-4472861.423041549,108667594.82902223,-107406018.53021565,-86934075.86321779,357828913.8433239,272156414.27891266,-85672499.5644112,272156414.27891266,15454309.660380734,20873353.307527225,682799499.540458,618889191.1304604,15454309.660380734,16085097.80978403,15454309.660380734,15454309.660380734,15454309.660380734,15454309.660380734,16085097.80978403,15454309.660380734,0.026091691634409032,0.024944804090039404,18407545.087132525,17002607.84527973,25464104.276108943,17031274.901567213,25460903.485005736,25460903.485005736,1014106638.9202342,707686959.2532789,306419679.6669553,306419679.6669553,306419679.6669553,532901297.49134755,532901297.49134755,270120688.88765657,270120688.88765657,270407410.773749,262751936.41508174,0.007443730245788023,0.0,34.87700271606445,2023-07-18,0,0,0,0,0,0,0,1,0,0,0,-28.277194604670758,0
34.888390350341794,35.55954132080078,34.56800575256348,31.03603755950928,35.16933033880313,35.110788299309114,34.32234901843136,32.37913140127245,63.30398794735457,23.809686306980733,12.770637555210804,1.2012175725312488,1.4240477990727167,-0.2228302265414679,46.86736917842437,-0.32403450188477234,-51.173901435951386,47.21904952493388,0.34926741295089325,0.8239310279423221,2.323808607335749,0.6645016447780421,35.660382208059055,34.888390350341794,34.11639849262453,0.12340545654296875,4.842568600832961,1.6400537490844727,0.0,64.28571428571429,64.28571428571429,0.8857166212534093,0.016602906090991576,1.0190630970852887,1.0168799057885045,0.05043510807523159,0.01523933387995137,0.8824740338729298,0.02263374485596708,0.9063995968757873,0.6733014786960333,3.3095349490034622,0.839563862928349,-4399811.76154655,106892862.66834249,-105651890.12021397,-85514290.13467398,351984940.92372406,267711623.3371786,-84273317.58654547,267711623.3371786,15201913.7145743,20532454.887217235,671648187.75301,608781646.6216813,15201913.7145743,15822399.988638557,15201913.7145743,15201913.7145743,15201913.7145743,15201913.7145743,15822399.988638557,15201913.7145743,0.025665568609021545,0.024537411747086534,18106917.63405696,16724925.478186568,25048230.85153542,16753124.351232985,25045082.334957287,25045082.334957287,997544501.2444868,696129191.6569997,301415309.5874871,301415309.5874871,301415309.5874871,524198085.8981038,524198085.8981038,265709144.90724394,265709144.90724394,265991184.1227277,258460737.06931147,0.007322161092781459,0.0,35.45606231689453,2023-07-19,0,0,0,0,0,0,0,1,0,0,0,-31.468152347482846,0
34.8959846496582,35.557643508911134,34.69758415222168,31.181194076538088,35.179473704872656,35.126965051618676,34.405912010677106,32.489744304634776,60.92184948000112,48.41129412939453,27.77745321396073,1.1285157162012212,1.3649413824984176,-0.2364256662971964,45.30957174579547,-25.555269919220986,-67.12329003043183,45.33686698585021,-0.05388642431459756,0.8213578741451208,2.3334189322535344,0.7879068747815055,35.6792498463194,34.8959846496582,34.112719452997005,-0.018978118896484375,4.2020080022576405,1.4319882026085509,0.0,57.142857142857146,57.142857142857146,-0.0853655132630529,-0.007228718112915922,1.022453441526447,0.99811575526382,0.05043510807523159,0.01523933387995137,0.8824740338729298,0.02263374485596708,0.9063995968757873,0.6733014786960333,3.3095349490034622,0.839563862928349,-4431848.3439441165,107671187.33043718,-106421178.82317089,-86136949.86434974,354547867.5155293,269660926.15844584,-84886941.35708345,269660926.15844584,15312604.214012042,20681958.938405875,676538695.273623,613214400.666883,15312604.214012042,15937608.467645187,15312604.214012042,15312604.214012042,15312604.214012042,15312604.214012042,15937608.467645187,15312604.214012042,0.025852448673007344,0.024716077302765264,18238760.492385402,16846705.56383885,25230615.861412838,16875109.76283302,25227444.419374198,25227444.419374198,1004807974.8523041,701197954.0078762,303610020.844428,303610020.844428,303610020.844428,528014957.182983,528014957.182983,267643866.97626615,267643866.97626615,267927959.81882665,260342680.92246076,0.007375476332134946,0.0,35.19976043701172,2023-07-20,0,0,0,0,0,0,0,1,0,0,0,-31.18613725244126,0
35.06495971679688,35.525366973876956,34.83855419158935,31.328822746276856,35.2400295381931,35.16954253402146,34.49688621964443,32.60234810464259,61.894175623369776,69.0990748690196,47.106685101798234,1.0715686738748929,1.3062668407737126,-0.23469816689881973,43.983990325455025,-14.927561637336042,-62.465720811132265,49.536949860708255,-0.9045123740662353,0.8074417993370726,2.283415556810968,0.6265328268324453,35.81131183870612,35.06495971679688,34.31860759488764,-0.3227653503417969,3.6569645208060253,1.2528813435481112,78.57142857142857,50.0,-28.571428571428573,-0.1363638990838973,0.004584712106522781,1.0179250367431396,0.9975897120455246,0.05043510807523159,0.01523933387995137,0.8824740338729298,0.02263374485596708,0.9063995968757873,0.6733014786960333,3.3095349490034622,0.839563862928349,-4411622.325658265,107179798.8092617,-105935495.07638372,-85743839.04740936,352929786.0526612,268430250.7381298,-84499535.31453139,268430250.7381298,15242720.72775516,20587570.853071902,673451115.7899097,610415819.8675234,15242720.72775516,15864872.594194144,15242720.72775516,15242720.72775516,15242720.72775516,15242720.72775516,15864872.594194144,15242720.72775516,0.02573446356633988,0.02460327835463263,18155522.64790132,16769820.763559943,25115468.668148987,16798095.331798803,25112311.69990089,25112311.69990089,1000222243.8218409,697997834.883957,302224408.9378838,302224408.9378838,302224408.9378838,525605208.6197725,525605208.6197725,266422396.98734945,266422396.98734945,266705193.29027626,259154532.0021304,0.007341816218434425,0.0,35.361141204833984,2023-07-21,0,0,0,0,0,0,0,1,0,0,0,-30.852191616329787,0
35.241529083251955,35.41050300598145,34.99376373291015,31.482867774963378,35.26457927261376,35.195749117191205,34.5746759836264,32.708674796282295,61.41022414027134,82.01588066400161,66.50874988747186,1.0109542570377172,1.2472043240265136,-0.23625006698879636,42.753093292281754,-20.364250245095896,-63.83552287298134,60.25225987553557,-3.150210213490212,0.7836706858064699,2.2191703434355343,0.4746462099086344,35.64169028409975,35.241529083251955,34.84136788240416,-1.1486396789550852,3.261174429635013,1.1218153880192716,71.42857142857143,42.85714285714286,-28.571428571428573,0.4199981689453093,-0.0013422209171354282,1.0135501349410334,1.0056771850484911,0.05043510807523159,0.01523933387995137,0.8824740338729298,0.02263374485596708,0.9063995968757873,0.6733014786960333,3.3095349490034622,0.839563862928349,-4417551.655893331,107323851.12715209,-106077875.0190796,-85859080.90172166,353404132.4714665,268791027.6778173,-84613104.79364918,268791027.6778173,15263207.323887855,20615241.060835544,674356250.8554089,611236233.9260099,15263207.323887855,15886195.377924094,15263207.323887855,15263207.323887855,15263207.323887855,15263207.323887855,15886195.377924094,15263207.323887855,0.025769051326044432,0.02463634577325127,18179924.12233025,16792359.820158623,25149224.483300205,16820672.390121102,25146063.27200819,25146063.27200819,1001566567.4185334,698935961.3510205,302630606.067513,302630606.067513,302630606.067513,526311635.1053426,526311635.1053426,266780475.32160944,266780475.32160944,267063651.70980772,259502842.14491338,0.007351683802209917,0.0,35.31367874145508,2023-07-24,0,0,0,0,0,0,0,1,0,0,0,-30.272599834789286,0
35.01179962158203,35.06401062011719,35.06638450622559,31.610305557250978,34.75250465098079,34.928950260922775,34.494074024015774,32.748662271240434,47.92964586286165,64.93895519607796,72.017970243033,0.825478943638565,1.162859247948924,-0.3373803043103589,40.32546311210084,-163.62176127338927,-84.92570643446996,54.76028353502971,-9.31599452102283,0.8890742097180182,2.635984467581411,2.259320020568147,36.30581606830923,35.01179962158203,33.71778317485483,-3.464923858642578,2.5981130476263488,0.895377256931404,100.0,35.714285714285715,-64.28571428571429,-0.29134064032824086,-0.04489261357750329,1.0364733046781862,0.9896935172463626,0.05043510807523159,0.01523933387995137,0.8824740338729298,0.02263374485596708,0.9063995968757873,0.6733014786960333,3.3095349490034622,0.839563862928349,-4625188.4538763305,112368360.51404676,-111063820.18090215,-89894688.4112374,370015076.31010646,281424928.23201364,-88590148.0780928,281424928.23201364,15980619.081021424,21584212.78475621,706052806.670583,639965979.3392346,15980619.081021424,16632889.247593729,15980619.081021424,15980619.081021424,15980619.081021424,15980619.081021424,16632889.247593729,15980619.081021424,0.026980265980945266,0.025794320223541077,19034429.40633721,17581645.853517078,26331305.611090012,17611289.19034492,26327995.81437296,26327995.81437296,1048642887.3407176,731787829.6062539,316855057.73446375,316855057.73446375,316855057.73446375,551049696.1778557,551049696.1778557,279319874.5126212,279319874.5126212,279616360.9519723,271700173.0212993,0.007697232695212202,0.0,33.728355407714844,2023-07-25,0,0,0,0,0,0,0,1,0,0,0,-30.080716505879085,0
34.80485458374024,34.846622467041016,35.11432323455811,31.75802417755127,34.642115476549044,34.836656963970555,34.487146700555755,32.81425736365004,52.80648850714271,54.44234757877846,67.1323944796193,0.7260369527549742,1.075494788910134,-0.3494578361551599,37.76795817956202,-102.7591135816394,-69.42680252806029,58.502738749126706,-5.940343056974529,0.8926972909518509,2.5934416424335893,0.9397973469916749,36.079293621533125,34.80485458374024,33.53041554594735,-2.1738815307617188,1.8682347228620495,0.6453360533102952,92.85714285714286,28.571428571428573,-64.28571428571429,0.5656553201655325,0.020545968268947723,1.0279818494596296,1.0156862057878466,0.05043510807523159,0.01523933387995137,0.8824740338729298,0.02263374485596708,0.9063995968757873,0.6733014786960333,3.3095349490034622,0.839563862928349,-4532072.633358775,110106123.59249844,-108827846.69591007,-88084898.87399875,362565810.668702,275759188.69129163,-86806621.97741038,275759188.69129163,15658891.983207561,21149672.289007615,691838318.5308068,627081973.0195458,15658891.983207561,16298030.431501748,15658891.983207561,15658891.983207561,15658891.983207561,15658891.983207561,16298030.431501748,15658891.983207561,0.02643709036125952,0.02527502045527009,18651221.99113034,17227686.35629329,25801195.075762466,17256732.903680198,25797951.912965335,25797951.912965335,1027531262.6235032,717055235.4907774,310476027.13272583,310476027.13272583,310476027.13272583,539955781.8179884,539955781.8179884,273696514.6081604,273696514.6081604,273987032.0846577,266230215.4621783,0.007542269466086143,0.0,34.42133712768555,2023-07-26,0,0,0,0,0,0,0,1,0,0,0,-32.403702306915605,0
34.03402976989746,34.46500720977783,34.99803514480591,31.836296730041504,33.54328910696531,34.20192594648461,34.1879552402931,32.75666438342054,36.476955118607336,29.431924528626606,49.60440910116095,0.39449758927673884,0.939295348983455,-0.5447977597067162,37.37070562662377,-238.52636275219538,-94.75981260398977,41.92123167979368,-10.853124052069917,1.0730365282368037,3.4232405290682206,3.417446612941191,36.9828775639615,34.03402976989746,31.085181975833418,-3.816152572631836,0.6117019455254165,0.21097365403787194,100.0,21.42857142857143,-78.57142857142857,-0.6896546054254236,-0.08935448232235776,1.0355174480352616,0.9763453801218401,0.05043510807523159,0.01523933387995137,0.8824740338729298,0.02263374485596708,0.9063995968757873,0.6733014786960333,3.3095349490034622,0.839563862928349,-4976769.275619578,120909971.5038346,-119506267.34917268,-96727977.20306769,398141542.0495662,302817269.00116044,-95324273.04840575,302817269.00116044,17195375.89460867,23224923.286224697,759722971.3436193,688612594.9631319,17195375.89460867,17897227.971939635,17195375.89460867,17195375.89460867,17195375.89460867,17195375.89460867,17897227.971939635,17195375.89460867,0.02903115410778087,0.027755059421724567,20481319.711203646,18918103.720784675,28332863.419304483,18950000.377412364,28329302.030449905,28329302.030449905,1128354823.7781336,787414226.0310411,340940597.7470925,340940597.7470925,340940597.7470925,592937395.8760607,592937395.8760607,300552200.9334105,300552200.9334105,300871224.6049246,292353292.57549876,0.00828233304801267,0.0,31.34563636779785,2023-07-27,0,0,0,0,0,0,0,1,0,0,0,-26.2888032906618,0
33.36003189086914,34.21249580383301,34.89123954772949,31.93711135864258,33.02591000787434,33.79996701252239,33.97873586595018,32.72664428249003,40.626731395406075,27.848318494787275,37.240863534064054,0.1817429370243815,0.7877848665916403,-0.6060419295672588,37.001828256038245,-175.78770287932673,-84.86174989943318,43.69880696552366,-7.3157220106646275,1.0648756081406383,3.328656668804317,0.9587836468904882,36.32791181237192,33.36003189086914,30.392151969366353,-2.525114059448242,-0.4322136386368182,-0.1489662512754748,92.85714285714286,14.285714285714286,-78.57142857142857,0.9207939115819661,0.020593470629222344,1.0308867981030108,1.0283796244182064,0.05043510807523159,0.01523933387995137,0.8824740338729298,0.02263374485596708,0.9063995968757873,0.6733014786960333,3.3095349490034622,0.839563862928349,-4876348.339316016,118470257.73081858,-117094877.42998587,-94776206.18465486,390107867.14528126,296707041.2614591,-93400825.88382214,296707041.2614591,16848408.685200848,22756292.250141405,744393329.1825103,674717813.4880526,16848408.685200848,17536098.83561721,16848408.685200848,16848408.685200848,16848408.685200848,16848408.685200848,17536098.83561721,16848408.685200848,0.02844536531267676,0.02719501958464701,20068048.934877448,18536375.41804101,27761164.68963547,18567628.465944618,27757675.1622604,27757675.1622604,1105586951.3671036,771525831.4807558,334061119.88634783,334061119.88634783,334061119.88634783,580973142.5290222,580973142.5290222,294487677.59420633,294487677.59420633,294800264.02621377,286454206.2916152,0.008115212654561072,0.0,31.991151809692383,2023-07-28,0,0,0,0,0,0,0,1,0,0,0,-27.507555934904936,0
32.78286209106445,34.0121955871582,34.7939374923706,32.02135227203369,32.826549919393436,33.55048750886952,33.831030520853176,32.71492606523284,43.32404543619033,23.28036727623737,26.85353676655036,0.0478183814665627,0.6397915695666248,-0.591973188100062,35.82870304408231,-113.38163073395748,-78.16591385984309,43.855516072036025,-5.8174666590441015,1.0600102049318838,3.268828698532564,0.996759963218075,35.0450785219636,32.78286209106445,30.520645660165297,-2.003002166748047,-1.0806696582524178,-0.3724150046324084,85.71428571428572,7.142857142857143,-78.57142857142857,0.6857134553064106,0.013649959693134761,1.0313996140812984,1.021531137866975,0.05043510807523159,0.01523933387995137,0.8824740338729298,0.02263374485596708,0.9063995968757873,0.6733014786960333,3.3095349490034622,0.839563862928349,-4810682.71417112,116874919.78659323,-115518060.55951932,-93499935.82927458,384854617.1336896,292711540.5314889,-92143076.60220067,292711540.5314889,16621525.531655343,22449852.66613189,734369218.9440452,665631964.0088693,16621525.531655343,17299955.145192295,16621525.531655343,16621525.531655343,16621525.531655343,16621525.531655343,17299955.145192295,16621525.531655343,0.028062315832664865,0.026828807444415858,19797809.631396532,18286761.855791498,27387328.756013256,18317594.045547687,27383886.219127912,27383886.219127912,1090698954.5994763,761136350.9690485,329562603.6304279,329562603.6304279,329562603.6304279,573149672.5999001,573149672.5999001,290522063.1423469,290522063.1423469,290830440.23940915,282596771.747847,0.008005932005381635,0.0,32.42782974243164,2023-07-31,0,0,0,0,0,0,0,1,0,0,0,-29.632011769299243,0
32.38416023254395,33.69797992706299,34.62259035110473,32.09022258758545,32.46264865129972,33.22037089182275,33.63139391078262,32.67649155738497,40.20269764341568,27.708989412790714,26.279225061271728,-0.11293394864514283,0.48924646592427123,-0.6021804145694141,34.995899055128696,-115.22557805753723,-88.29786190207409,42.84310407898712,-9.009250670227065,1.0595606019673542,3.3387923109001174,1.053715763428471,34.53945009506712,32.38416023254395,30.22887037002078,-3.1421566009521484,-1.701188404952378,-0.5859445302914352,78.57142857142857,0.0,-78.57142857142857,-0.5119050322205683,-0.021370027930440627,1.0254160415122173,0.9873006409502448,0.05043510807523159,0.01523933387995137,0.8824740338729298,0.02263374485596708,0.9063995968757873,0.6733014786960333,3.3095349490034622,0.839563862928349,-4915732.0452772565,119427079.81795385,-118040591.29236284,-95541663.85436308,393258563.6221805,299103388.29340845,-94155175.32877207,299103388.29340845,16984484.438490007,22940082.87796053,750405403.3732858,680167155.1109588,16984484.438490007,17677728.70128552,16984484.438490007,16984484.438490007,16984484.438490007,16984484.438490007,17677728.70128552,16984484.438490007,0.028675103597450662,0.027414659483277006,20230128.03248717,18686083.992624443,27985377.045111194,18717589.454991374,27981859.33465515,27981859.33465515,1114516196.8552005,777757040.6508541,336759156.2043464,336759156.2043464,336759156.2043464,585665357.650789,585665357.650789,296866099.9907502,296866099.9907502,297181211.0192936,288767746.55718446,0.00818075496752984,0.0,31.734846115112305,2023-08-01,0,0,0,0,0,0,0,1,0,0,0,-28.997970273104677,0
31.835469436645507,33.320162010192874,34.439851665496825,32.16701904296875,32.20106015026427,32.93991857479923,33.4453452667265,32.63733044329903,39.94791981016807,33.327861418157575,28.105739369061826,-0.24213656420032237,0.3429698598993525,-0.5851064240996748,34.222583970892266,-99.3878976886692,-85.26981217229708,44.577301426705915,-10.655946886975375,1.0218494870782437,3.2257505411516787,0.5316049935198066,32.556592260931005,31.835469436645507,31.114346612360006,-3.778179168701172,-2.3020020303716344,-0.7923547426859514,71.42857142857143,0.0,-71.42857142857143,0.5714266251592278,-0.0017949659094713688,1.0169440661488143,1.0096822905358915,0.05043510807523159,0.01523933387995137,0.8824740338729298,0.02263374485596708,0.9063995968757873,0.6733014786960333,3.3095349490034622,0.839563862928349,-4924571.48320837,119641832.82922898,-118252851.12883689,-95713466.2633832,393965718.6566696,299641234.09367853,-94324484.56299108,299641234.09367853,17015025.829803277,22981333.588305727,751754777.5713085,681390227.3400812,17015025.829803277,17709516.67999933,17015025.829803277,17015025.829803277,17015025.829803277,17015025.829803277,17709516.67999933,17015025.829803277,0.02872666698538216,0.027463956348662062,20266505.719357524,18719685.189375408,28035700.171166595,18751247.304663308,28032176.135186106,28032176.135186106,1116520312.753826,779155598.3881345,337364714.36569136,337364714.36569136,337364714.36569136,586718497.3519921,586718497.3519921,297399922.7135003,297399922.7135003,297715600.37268037,289287006.87257373,0.008195465548802185,0.0,31.67788314819336,2023-08-02,0,0,0,0,0,0,0,1,0,0,0,-29.503236146382893,0
31.691175842285155,32.86260280609131,34.21012315750122,32.225762901306155,31.67542956550821,32.51887308774411,33.176661755228366,32.55838291203224,35.46994083267922,21.4176482495098,27.484833026819302,-0.4246613108738231,0.1894436257447174,-0.6141049366185405,34.089251834561416,-112.17085969557901,-97.93627054030844,43.213955195630795,-12.99892949329421,1.0315840854777227,3.368529300578805,1.1581338646709511,32.882220166735486,31.691175842285155,30.500131517834824,-4.5755920410156214,-3.024063108300956,-1.0375885963439941,100.0,35.714285714285715,-64.28571428571429,-0.344831517330581,-0.03326342064170906,1.027060618680981,0.9907861474476503,0.05043510807523159,0.01523933387995137,0.8824740338729298,0.02263374485596708,0.9063995968757873,0.6733014786960333,3.3095349490034622,0.839563862928349,-5094015.876048929,123758462.62965028,-122321688.92102109,-99006770.10372022,407521270.08391434,309951273.68882334,-97569996.39509103,309951273.68882334,17600477.930707518,23772074.088228337,777621115.8476231,704835465.9263855,17600477.930707518,18318864.785022113,17600477.930707518,17600477.930707518,17600477.930707518,17600477.930707518,18318864.785022113,17600477.930707518,0.029715092610285425,0.028408934693349798,20963834.566816747,19363791.11857061,29000351.046793308,19396439.221437324,28996705.75597083,28996705.75597083,1154937484.1024013,805964742.6451261,348972741.45727503,348972741.45727503,348972741.45727503,606906276.1041372,606906276.1041372,307632843.3862626,307632843.3862626,307959382.8654965,299240778.7699512,0.008477454690131043,0.0,30.624168395996097,2023-08-03,0,0,0,0,0,0,0,1,0,0,0,-30.351147280336612,0
31.507012557983398,32.43352222442627,33.97944459915161,32.29040840148926,31.473731506400004,32.25550259691493,32.97605924408124,32.50002810717543,38.60798347238155,22.76143349111614,25.835647719594444,-0.5272339157469474,0.046108117446384426,-0.5733420331933319,33.965443422254204,-88.08707195618638,-89.11826831919859,41.98661230646019,-12.134240215255899,1.00332994861321,3.2292214940003126,0.6360261693745421,32.739606551319184,31.507012557983398,30.274418564647608,-4.290805816650391,-3.8087855379827578,-1.303024964454842,92.85714285714286,28.571428571428573,-64.28571428571429,0.3389842562958723,0.014569113728026384,1.018243665732966,1.0061481946032762,0.05043510807523159,0.01523933387995137,0.8824740338729298,0.02263374485596708,0.9063995968757873,0.6733014786960333,3.3095349490034622,0.839563862928349,-5020866.303854853,121981303.15134546,-120565161.37333512,-97585042.52107638,401669304.30838823,305500403.5653222,-96168900.74306603,305500403.5653222,17347736.780626703,23430709.417989314,766454552.307689,694714097.2353013,17347736.780626703,18055807.669631876,17347736.780626703,17347736.780626703,17347736.780626703,17347736.780626703,18055807.669631876,17347736.780626703,0.029288386772486644,0.028000985156113604,20662795.94278728,19085728.962730307,28583908.828282524,19117908.2420174,28580315.883481473,28580315.883481473,1138352694.2374506,794391167.3829838,343961526.85446674,343961526.85446674,343961526.85446674,598191161.0477327,598191161.0477327,303215265.6962601,303215265.6962601,303537116.1003533,294943710.3110633,0.008355719265867164,0.0,31.070335388183594,2023-08-04,0,0,0,0,0,0,0,1,0,0,0,-30.828903773182294,0
31.281081008911134,32.031971549987794,33.72123727798462,32.369809036254885,31.415211669956772,32.08144248785227,32.81626045865163,32.45289649501445,40.20701765039516,25.537797359383024,23.238959700002926,-0.5834137038617442,-0.0797962468152413,-0.5036174570465028,33.968510904738714,-75.60223626555899,-84.61532713710204,54.80195559651101,-11.370966966607543,0.9879431266075895,3.156552167647576,0.7879144405345251,32.10063928451324,31.281081008911134,30.461522733309025,-4.015506744384766,-4.455291419542405,-1.519353805444176,85.71428571428572,21.42857142857143,-64.28571428571429,0.3614486625608964,0.007332930463742837,1.0258085147696752,1.0091828303817594,0.05043510807523159,0.01523933387995137,0.8824740338729298,0.02263374485596708,0.9063995968757873,0.6733014786960333,3.3095349490034622,0.839563862928349,-4984316.6564041665,121093334.15238327,-119687501.2492949,-96874667.32190661,398745332.5123333,303276498.09351504,-95468834.41881825,303276498.09351504,17221453.062832344,23260144.396552775,760875108.0487745,689656891.2082303,17221453.062832344,17924369.51437652,17221453.062832344,17221453.062832344,17221453.062832344,17221453.062832344,17924369.51437652,17221453.062832344,0.02907518049569097,0.027797150583792465,20512380.08597099,18946793.443895325,28375830.833926413,18978738.47250893,28372264.04414679,28372264.04414679,1130065998.8484547,788608357.136972,341457641.7114828,341457641.7114828,341457641.7114828,593836598.5636399,593836598.5636399,301007994.99989516,301007994.99989516,301327502.4778698,292796652.8159473,0.008294893389438254,0.0,31.298171997070312,2023-08-07,0,0,0,0,0,0,0,1,0,0,0,-32.18658420588965,0
31.33993606567383,31.862048149108887,33.46302938461304,32.45816291809082,31.619848246279776,32.071929562592906,32.74129483391583,32.43627786379528,45.14355052086812,53.57987823427029,33.95970302825643,-0.5624712641585177,-0.17633125028389657,-0.3861400138746211,32.804333801206106,-42.01000205939213,-70.1689123149769,55.0324468803432,-5.037998408900746,1.011626876055001,3.1584596513126013,1.3195156188713497,32.309858443532924,31.33993606567383,30.370013687814737,-1.6992340087890625,-5.0183376103019715,-1.7068394514230576,78.57142857142857,14.285714285714286,-64.28571428571429,0.812950765684178,0.02335437999139023,1.0427035152758413,1.0346519793610962,0.05043510807523159,0.01523933387995137,0.8824740338729298,0.02263374485596708,0.9063995968757873,0.6733014786960333,3.3095349490034622,0.839563862928349,-4870567.570586937,118329814.6956698,-116956064.86806835,-94663851.75653584,389645405.6469549,296355303.7180205,-93290101.9289344,296355303.7180205,16828435.388117686,22729315.329405703,743510872.6022904,673917955.1994809,16828435.388117686,17515310.301918406,16828435.388117686,16828435.388117686,16828435.388117686,16828435.388117686,17515310.301918406,16828435.388117686,0.02841164416175713,0.027162780682119452,20044258.8481847,18514401.085628547,27728254.638598554,18545617.08395542,27724769.247956406,27724769.247956406,1104276310.282624,770611210.110428,333665100.1721961,333665100.1721961,333665100.1721961,580284415.8136462,580284415.8136462,294138571.04166365,294138571.04166365,294450786.91157305,286114623.1849916,0.008105592306653382,0.0,32.02912139892578,2023-08-08,0,0,0,0,0,0,0,1,0,0,0,-33.73418131587918,0
31.38930015563965,31.612384796142578,33.2295036315918,32.536685104370115,31.72146669686067,32.04516120539828,32.663524240021225,32.41621612788262,44.57736582023444,72.87848402741442,50.665386540355854,-0.5479830660111489,-0.250661613429347,-0.29732145258180187,31.723312205068684,-29.151607394505508,-72.23261585291577,54.34005310385495,-7.2531567277640985,0.9739493234333363,3.0507701361827726,0.48414113935169567,32.44438215937396,31.38930015563965,30.334218151905336,-2.496633529663086,-5.5027613241752285,-1.8647507643088304,71.42857142857143,7.142857142857143,-64.28571428571429,0.05882836926115068,-0.0032600894543058923,1.0153245839824891,1.0008929343856146,0.05043510807523159,0.01523933387995137,0.8824740338729298,0.02263374485596708,0.9063995968757873,0.6733014786960333,3.3095349490034622,0.839563862928349,-4886497.991156392,118716842.22104311,-117338599.19789644,-94973473.77683449,390919839.29251134,297324608.53882354,-93595230.75368781,297324608.53882354,16883477.033546764,22803657.29206316,745942712.5730661,676122173.9686584,16883477.033546764,17572598.5451201,16883477.033546764,16883477.033546764,16883477.033546764,16883477.033546764,17572598.5451201,16883477.033546764,0.028504571615078956,0.027251623412218342,20109818.655912846,18574957.107408594,27818946.89399757,18606275.205536902,27815450.103505615,27815450.103505615,1107888124.6744258,773131688.5751414,334756436.09928435,334756436.09928435,334756436.09928435,582182382.459184,582182382.459184,295100625.47874594,295100625.47874594,295413862.52946115,287050433.27536654,0.008132103692141453,0.0,31.92470359802246,2023-08-09,0,0,0,0,0,0,0,1,0,0,0,-30.736122722429833,0
31.689277267456056,31.690226554870605,33.07761688232422,32.616361389160154,31.855662449599823,32.059505341703705,32.61214611764569,32.40475878777264,45.97058623858874,85.5960084490094,70.68479023689798,-0.5144844997657643,-0.30342619069663046,-0.2110583090691338,30.31464799484024,-8.433132546117362,-67.80953649875671,57.19959844352839,2.4833363666528108,0.9572708368506799,2.9799191540062644,0.7404505112761477,32.53591898216654,31.689277267456056,30.84263555274557,0.7784175872802734,-5.553332200831787,-1.87503474797958,64.28571428571429,0.0,-64.28571428571429,-0.08974290004059117,0.0062443917903129975,1.0233883846981104,0.9979357211695901,0.05043510807523159,0.01523933387995137,0.8824740338729298,0.02263374485596708,0.9063995968757873,0.6733014786960333,3.3095349490034622,0.839563862928349,-4856174.137241472,117980128.07785371,-116610437.93658046,-94384102.46228296,388493930.9793177,295479518.658308,-93014412.32100973,295479518.658308,16778704.230597135,22662145.973793533,741313659.6427462,671926402.2586998,16778704.230597135,17463549.301233754,16778704.230597135,16778704.230597135,16778704.230597135,16778704.230597135,17463549.301233754,16778704.230597135,0.02832768246724192,0.027082509611538977,19985024.33403221,18459687.585796107,27646312.48726964,18490811.335040152,27642837.3966053,27642837.3966053,1101012968.3339334,768333910.6115,332679057.7224334,332679057.7224334,332679057.7224334,578569567.4023718,578569567.4023718,293269336.8394353,293269336.8394353,293580630.053361,285269101.2415439,0.008081638773332978,0.0,32.124053955078125,2023-08-10,0,0,0,0,0,0,0,1,0,0,0,-29.560998241565738,0
31.873440551757813,31.690226554870605,32.95136117935181,32.692057571411134,31.900825569630676,32.047077426792555,32.55300380260252,32.3885389062793,45.15561167535023,82.04451668540194,80.17300305394186,-0.4929779936525378,-0.34133655128781193,-0.15164144236472588,29.00660265677097,3.0678842234326065,-63.270128769421966,56.86539676424538,0.0,0.9234758563338892,2.886660229764228,0.4841411096156101,32.46299045076148,31.873440551757813,31.283890652754142,0.0,-5.806814020426422,-1.9534122393681486,57.142857142857146,0.0,-57.142857142857146,-0.21568656783401172,-0.0041371535974753515,1.015260387916609,0.9967465067765876,0.05043510807523159,0.01523933387995137,0.8824740338729298,0.02263374485596708,0.9063995968757873,0.6733014786960333,3.3095349490034622,0.839563862928349,-4876348.339316016,118470257.73081858,-117094877.42998587,-94776206.18465486,390107867.14528126,296707041.2614591,-93400825.88382214,296707041.2614591,16848408.685200848,22756292.250141405,744393329.1825103,674717813.4880526,16848408.685200848,17536098.83561721,16848408.685200848,16848408.685200848,16848408.685200848,16848408.685200848,17536098.83561721,16848408.685200848,0.02844536531267676,0.02719501958464701,20068048.934877448,18536375.41804101,27761164.68963547,18567628.465944618,27757675.1622604,27757675.1622604,1105586951.3671036,771525831.4807558,334061119.88634783,334061119.88634783,334061119.88634783,580973142.5290222,580973142.5290222,294487677.59420633,294487677.59420633,294800264.02621377,286454206.2916152,0.008115212654561072,0.0,31.991151809692383,2023-08-11,0,0,0,0,0,0,0,1,0,0,0,-29.775734521892495,0
31.979759979248048,31.63042049407959,32.821308040618895,32.77887954711914,31.877140091260944,32.00756682819782,32.484124310404326,32.36662636621037,44.13247904085746,75.1589182850541,80.93314780648842,-0.4833840157295626,-0.3697460441761621,-0.1136379715534005,27.863461341800864,1.4263886673030537,-67.29864222678472,64.57712076921656,-1.844281941346193,0.8812458363136055,2.7686215146242965,0.33225557604991707,32.17757915654103,31.979759979248048,31.78194080195507,-0.5980606079101562,-5.269450088538901,-1.764831787500622,50.0,7.142857142857143,-42.85714285714286,0.0,-0.005044603461948682,1.0101949075905272,1.0,0.05043510807523159,0.01523933387995137,0.8824740338729298,0.02263374485596708,0.9063995968757873,0.6733014786960333,3.3095349490034622,0.839563862928349,-4901072.305636289,119070923.32283035,-117688569.5955996,-95256738.65826428,392085784.4509031,298211399.51986957,-93874384.93103354,298211399.51986957,16933833.158576664,22871670.759636015,748167537.7334781,678138754.597175,16933833.158576664,17625010.02219204,16933833.158576664,16933833.158576664,16933833.158576664,16933833.158576664,17625010.02219204,16933833.158576664,0.028589588449545022,0.02733290324297161,20169797.56550319,18630358.187450767,27901918.80583841,18661769.6939488,27898411.585929647,27898411.585929647,1111192476.7823713,775437606.7161211,335754870.06625015,335754870.06625015,335754870.06625015,583918781.2343338,583918781.2343338,295980783.2782018,295980783.2782018,296294954.57984513,287906580.82596767,0.008156358247613878,0.0,31.829769134521484,2023-08-14,0,0,0,0,0,0,0,1,0,0,0,-29.32969182703273,0
31.86204719543457,31.600991630554198,32.6494857788086,32.8397866821289,31.731612554126762,31.904474219408833,32.38473699320947,32.33030993929461,41.67970013205655,53.55661076703894,70.25334857916494,-0.5014069397718188,-0.3960782232952934,-0.10532871647652542,27.292577066876124,-39.750450950430135,-58.547336812632665,61.13506004629002,-0.9273359454349595,0.863730136564193,2.74718454695824,0.6360260398218287,32.32502609073038,31.86204719543457,31.399068300138754,-0.29428863525390625,-4.857768966529983,-1.6175699967604444,42.85714285714286,0.0,-42.85714285714286,-0.3043471049707286,-0.012227913216026454,1.0139987545930764,0.9957907577656792,0.05043510807523159,0.01523933387995137,0.8824740338729298,0.02263374485596708,0.9063995968757873,0.6733014786960333,3.3095349490034622,0.839563862928349,-4961744.081667047,120544936.34306479,-119145470.06362024,-96435949.07445183,396939526.5333637,301903043.7383565,-95036482.79500727,301903043.7383565,17143461.923195757,23154805.714446217,757429317.697558,686533628.2229692,17143461.923195757,17843195.062918033,17143461.923195757,17143461.923195757,17143461.923195757,17143461.923195757,17843195.062918033,17143461.923195757,0.02894350714305777,0.027671265070835453,20419485.25916823,18860988.720695887,28247324.640122756,18892789.07921817,28243774.003335495,28243774.003335495,1124948246.3107805,785036970.6647823,339911275.64599824,339911275.64599824,339911275.64599824,591147278.8581008,591147278.8581008,299644814.0601618,299644814.0601618,299962874.5782174,291470658.74613345,0.008257328139499937,0.0,31.4405574798584,2023-08-15,0,0,0,0,0,0,0,1,0,0,0,-27.149061202541365,0
31.727246475219726,31.558273315429688,32.43921766281128,32.898218688964846,31.571308368400587,31.78560617896145,32.276733469756024,32.28797229449671,40.49733109582789,29.073897699644686,52.59647558391251,-0.5249587513787048,-0.4218543289119757,-0.10310442246672913,26.142328617531767,-21.0306200107457,-67.09428320602089,54.07803154501446,-1.3485217722620568,0.860348836595555,2.753054608951389,0.8163919370032637,32.388699556440905,31.727246475219726,31.065793393998543,-0.42718315124512074,-4.496827232629878,-1.4871034010862694,35.714285714285715,14.285714285714286,-21.42857142857143,-0.08139937190610964,-0.0060386169371133835,1.0261318934773314,0.9978780386189801,0.05043510807523159,0.01523933387995137,0.8824740338729298,0.02263374485596708,0.9063995968757873,0.6733014786960333,3.3095349490034622,0.839563862928349,-4991888.182192208,121277283.40069532,-119869314.93905136,-97021826.72055626,399351054.5753767,303737196.31646436,-95613858.2589123,303737196.31646436,17247613.655138463,23295478.18356364,762030930.5815722,690704528.2860181,17247613.655138463,17951597.88596044,17247613.655138463,17247613.655138463,17247613.655138463,17247613.655138463,17951597.88596044,17247613.655138463,0.02911934772945455,0.027839376400687316,20543539.826714087,18975574.94897423,28418935.706615463,19007568.504321713,28415363.498632573,28415363.498632573,1131782648.1792066,789806308.4158211,341976339.7633855,341976339.7633855,341976339.7633855,594738677.9116948,594738677.9116948,301465247.20790255,301465247.20790255,301785240.0400944,293241431.42057306,0.00830749391294763,0.0,31.25069999694824,2023-08-16,0,0,0,0,0,0,0,1,0,0,0,-28.661772529875574,0
31.42157325744629,31.555425262451173,32.20901403427124,32.93618492126465,31.24610153433737,31.569257394824994,32.11663388846602,32.22160819926982,36.635953527224224,9.351215628992103,30.66057469855851,-0.5896802694613967,-0.4554195170218599,-0.13426075243953683,25.786753900767504,-127.49684437371842,-96.58141999209026,41.10035331281061,-0.09300017364352042,0.8538187770612409,2.7906506982122,0.7689280031151569,32.40246605589107,31.42157325744629,30.440680459001513,-0.028480529785159803,-4.114831210155805,-1.3512820708446007,28.571428571428573,7.142857142857143,-21.42857142857143,-0.7777777777777757,-0.02095991868346203,1.025170956047528,0.9808277219594217,0.05043510807523159,0.01523933387995137,0.8824740338729298,0.02263374485596708,0.9063995968757873,0.6733014786960333,3.3095349490034622,0.839563862928349,-5098757.729591112,123873665.35352765,-122435554.19902758,-99098932.28282212,407900618.36728895,310239797.2389669,-97660821.12832206,310239797.2389669,17616861.6426257,23794202.738091853,778344978.0287354,705491574.3155394,17616861.6426257,18335917.219875727,17616861.6426257,17616861.6426257,17616861.6426257,17616861.6426257,18335917.219875727,17616861.6426257,0.02974275342261482,0.028435379645796583,20983349.11793265,19381816.241330314,29027346.52946982,19414494.735253118,29023697.84536479,29023697.84536479,1156012577.8071027,806714988.9856911,349297588.8214116,349297588.8214116,349297588.8214116,607471225.3985924,607471225.3985924,307919208.7851145,307919208.7851145,308246052.22931904,299519332.26905733,0.008485346076716643,0.0,30.595687866210938,2023-08-17,0,0,0,0,0,0,0,1,0,0,0,-27.72743787276466,0
31.127293014526366,31.50036678314209,31.96694450378418,32.96507793426514,31.00398455458917,31.378437976691863,31.964549765287614,32.15486868538052,36.20495655052953,6.983509699133891,15.136207675923494,-0.639725682527498,-0.4922807501229875,-0.14744493240451045,25.706247932803365,-146.11605500217695,-88.78916256062799,39.344263447416786,-1.7720593814388397,0.8247007754174477,2.702187138940939,0.44616675404813577,32.130706561512,31.127293014526366,30.12387946754073,-0.5505847930908203,-3.8861707131698084,-1.269253180577202,100.0,0.0,-100.0,0.36170687661058987,-0.002481959923575583,1.0147335209709996,1.0053158844926828,0.05043510807523159,0.01523933387995137,0.8824740338729298,0.02263374485596708,0.9063995968757873,0.6733014786960333,3.3095349490034622,0.839563862928349,-5111444.1290710615,124181879.80243157,-122740190.43269357,-99345503.84194525,408915530.32568496,311011715.85347766,-97903814.47220726,311011715.85347766,17660694.7792904,23853405.935664956,780281605.703194,707246932.8589671,17660694.7792904,18381539.464159396,17660694.7792904,17660694.7792904,17660694.7792904,17660694.7792904,18381539.464159396,17660694.7792904,0.029816757419581195,0.028506130719819382,21035558.531177063,19430040.823968843,29099570.497237228,19462800.62640841,29095912.7347122,29095912.7347122,1158888893.596887,808722205.0880253,350166688.5088618,350166688.5088618,350166688.5088618,608982696.0443254,608982696.0443254,308685353.46140045,308685353.46140045,309013010.1363409,300264576.91543084,0.008506458766466562,0.0,30.519750595092773,2023-08-18,0,0,0,0,0,0,0,1,0,0,0,-27.76659836527887,0
30.821621704101563,31.400690841674805,31.716331195831298,32.993381385803225,30.769793897191935,31.182615177729243,31.806155747869504,32.08218413232236,34.93246471793593,7.908728937408346,8.081151421844714,-0.6890620079364318,-0.5316370016856764,-0.1574250062507554,25.40940150500364,-124.22590820490657,-93.64408545063614,35.03075992666291,-3.184720867295876,0.8166485256661816,2.695084011167799,0.7119692788997227,31.707050175190194,30.821621704101563,29.936193233012933,-0.9967594146728516,-3.4894972144671152,-1.1340397565792735,100.0,50.0,-50.0,-0.37333424886067446,-0.00715399072528522,1.0236071762415326,0.9913043267077256,0.05043510807523159,0.01523933387995137,0.8824740338729298,0.02263374485596708,0.9063995968757873,0.6733014786960333,3.3095349490034622,0.839563862928349,-5148274.839524237,125076677.19100551,-123624599.67216535,-100061341.75280441,411861987.161939,313252722.92797476,-98609264.23396423,313252722.92797476,17787949.605792075,24025282.58444644,785903955.31045,712343028.2764786,17787949.605792075,18513988.36521216,17787949.605792075,17787949.605792075,17787949.605792075,17787949.605792075,18513988.36521216,17787949.605792075,0.030031603230558052,0.02871153275888517,21187131.070349745,19570044.742550466,29309248.589813836,19603040.59702693,29305564.471137967,29305564.471137967,1167239312.8149536,814549484.5457515,352689828.2692021,352689828.2692021,352689828.2692021,613370744.6628044,613370744.6628044,310909597.8407554,310909597.8407554,311239615.4586736,302428145.06025714,0.008567752387583878,0.0,30.30141258239746,2023-08-21,0,0,0,0,0,0,0,1,0,0,0,-23.433549655191978,0
30.514052200317384,31.188049697875975,31.52504892349243,33.01314422607422,30.480765918440458,30.949905138312563,31.62487519673312,31.996714556973934,32.674095389157706,9.151152709716555,8.014463782086198,-0.7516686029694561,-0.5756433219424324,-0.17602528102702375,25.5343811425867,-143.9087060346911,-94.26523962869341,32.56861399421656,-6.6389939689684985,0.8084934848573717,2.703746536395941,0.702477954342843,31.394189358124414,30.514052200317384,29.633915042510353,-2.1264114379882812,-3.270532769545833,-1.0571833390456007,100.0,42.85714285714286,-57.142857142857146,-0.6756741431126846,-0.013157888939196671,1.0236120508890838,0.984375,0.05043510807523159,0.01523933387995137,0.8824740338729298,0.02263374485596708,0.9063995968757873,0.6733014786960333,3.3095349490034622,0.839563862928349,-5216918.473402105,126744365.47560243,-125272926.93182236,-101395492.38048194,417353477.8721684,317429424.03546655,-99924053.83670187,317429424.03546655,18025122.161305994,24345619.542543158,796382670.035883,721840931.0793875,18025122.161305994,18760841.433196034,18025122.161305994,18025122.161305994,18025122.161305994,18025122.161305994,18760841.433196034,18025122.161305994,0.03043202442817895,0.029094353024742513,21469626.025154818,19830978.555945184,29700038.39652519,19864414.354951564,29696305.15628891,29696305.15628891,1182802496.7035837,825410139.4904536,357392357.2131301,357392357.2131301,357392357.2131301,621549017.6067406,621549017.6067406,315055057.2943669,315055057.2943669,315389475.145226,306460518.5272878,0.008681989035078767,0.0,29.9027099609375,2023-08-22,0,0,0,0,0,0,0,1,0,0,0,-20.3692113706968,0
30.257743453979494,30.992494964599608,31.302439880371093,33.018371658325194,30.3102293673799,30.771587161393693,31.46718767944985,31.91720246710275,33.446321048917895,9.341170394015116,8.80035068037994,-0.7868527702093644,-0.6178852115958188,-0.16896755861354562,25.65043366319954,-131.58384088464408,-91.75643672727327,34.38800490857014,-6.125498790487772,0.7724421675950722,2.577457172161073,0.3037750431851798,30.819236112671778,30.257743453979494,29.69625079528721,-1.9555473327636719,-3.046985849954171,-0.9791713249989051,92.85714285714286,35.714285714285715,-57.142857142857146,0.2499985098913436,0.002222083028865507,1.0101976294050683,1.002540486639807,0.05043510807523159,0.01523933387995137,0.8824740338729298,0.02263374485596708,0.9063995968757873,0.6733014786960333,3.3095349490034622,0.839563862928349,-5205351.749619999,126463353.40422946,-124995177.26972127,-101170682.72338358,416428139.96959996,316725633.38072455,-99702506.58887537,316725633.38072455,17985157.64772551,24291641.498226665,794616965.1631453,720240496.8945364,17985157.64772551,18719245.71497961,17985157.64772551,17985157.64772551,17985157.64772551,17985157.64772551,18719245.71497961,17985157.64772551,0.03036455187278333,0.029029846295957687,21422024.508051537,19787010.176440127,29634188.768588312,19820371.84305331,29630463.805529226,29630463.805529226,1180180038.6686523,823580076.1802617,356599962.48839056,356599962.48839056,356599962.48839056,620170946.272034,620170946.272034,314356530.981859,314356530.981859,314690207.3760655,305781047.65075433,0.008662739708189718,0.0,29.96915626525879,2023-08-23,0,0,0,0,0,0,0,1,0,0,0,-22.61654740575781,0
30.065987014770506,30.7437801361084,31.217003345489502,32.9982568359375,30.08578813497527,30.565281435715935,31.292875107137103,31.82777906330131,31.50068481240248,6.841172501402301,8.444498535044593,-0.8319560510433632,-0.6606993794853276,-0.1712566715580356,25.913914470291008,-121.01981671407451,-100.0,30.180681648538787,-7.742323831201714,0.7532052686941545,2.5414436887463876,0.503125582982225,30.68661442336217,30.065987014770506,29.445359606178844,-2.4871482849121094,-2.9916998221496782,-0.9547089185470199,100.0,28.571428571428573,-71.42857142857143,-0.15094305672016098,-0.011086418054349068,1.016976319612499,0.9974440918320747,0.05043510807523159,0.01523933387995137,0.8824740338729298,0.02263374485596708,0.9063995968757873,0.6733014786960333,3.3095349490034622,0.839563862928349,-5263707.410488449,127881096.70353349,-126396461.28006238,-102304877.36282678,421096592.8390759,320276350.89972025,-100820241.93935569,320276350.89972025,18186783.93752099,24563967.915612765,803525181.2395637,728314900.3550845,18186783.93752099,18929101.64925654,18186783.93752099,18186783.93752099,18186783.93752099,18186783.93752099,18929101.64925654,18186783.93752099,0.030704959894515955,0.029355291327724044,21662180.497010157,20008836.502690066,29966408.905300036,20042572.17709303,29962642.182780404,29962642.182780404,1193410688.4715767,832812989.1389481,360597699.3326286,360597699.3326286,360597699.3326286,627123499.5598611,627123499.5598611,317880689.1936646,317880689.1936646,318218106.3353626,309209068.6520266,0.008759855124192042,0.0,29.636905670166016,2023-08-24,0,0,0,0,0,0,0,1,0,0,0,-20.073819009756168,0
29.889418029785155,30.50835552215576,31.099291038513183,32.95698974609375,29.93616064670552,30.396485841979587,31.135163732187475,31.741862459648946,31.50068481240248,11.717054863119378,9.299799252845533,-0.8578123986934401,-0.7001219833269501,-0.15769041536648998,26.49099711613069,-114.94321475653142,-89.2638568466795,34.487838622673415,-7.3590540082182905,0.73534230466963,2.481170986112299,0.5031237723508113,30.3824083798211,29.889418029785155,29.39642767974921,-2.354246139526367,-2.9383676768451408,-0.9314027932974014,100.0,21.42857142857143,-78.57142857142857,-0.056605199516319996,0.0,1.017168732260716,0.9990399780273438,0.05043510807523159,0.01523933387995137,0.8824740338729298,0.02263374485596708,0.9063995968757873,0.6733014786960333,3.3095349490034622,0.839563862928349,-5263707.410488449,127881096.70353349,-126396461.28006238,-102304877.36282678,421096592.8390759,320276350.89972025,-100820241.93935569,320276350.89972025,18186783.93752099,24563967.915612765,803525181.2395637,728314900.3550845,18186783.93752099,18929101.64925654,18186783.93752099,18186783.93752099,18186783.93752099,18186783.93752099,18929101.64925654,18186783.93752099,0.030704959894515955,0.029355291327724044,21662180.497010157,20008836.502690066,29966408.905300036,20042572.17709303,29962642.182780404,29962642.182780404,1193410688.4715767,832812989.1389481,360597699.3326286,360597699.3326286,360597699.3326286,627123499.5598611,627123499.5598611,317880689.1936646,317880689.1936646,318218106.3353626,309209068.6520266,0.008759855124192042,0.0,29.636905670166016,2023-08-25,0,0,0,0,0,0,0,1,0,0,0,-19.04293231024244,0
29.731835174560548,30.276728439331055,30.953574466705323,32.90569988250732,29.795273199895153,30.235942653669557,30.98071940591004,31.654475630104848,30.73061652310255,13.131238660550318,10.563155341690601,-0.8781390431320766,-0.7357253952879754,-0.14241364784410115,26.392961788845337,-94.40477688929593,-93.25156392705513,33.66083196771754,-7.277058210689058,0.7418096481355428,2.513458894087923,0.8258851131924096,30.07964397533882,29.731835174560548,29.384026373782277,-2.3162708282470668,-2.9359707861536215,-0.9240397551120836,92.85714285714286,14.285714285714286,-78.57142857142857,-0.3448263766330285,-0.004163975998878522,1.0281736030724618,0.9904428403028426,0.05043510807523159,0.01523933387995137,0.8824740338729298,0.02263374485596708,0.9063995968757873,0.6733014786960333,3.3095349490034622,0.839563862928349,-5285717.009251838,128415817.08374658,-126924973.82472682,-102732653.66699725,422857360.74014705,321615550.33216953,-101241810.4079775,321615550.33216953,18262829.922991928,24666679.37650858,806885031.1430979,731360266.9532111,18262829.922991928,19008251.5525018,18262829.922991928,18262829.922991928,18262829.922991928,18262829.922991928,19008251.5525018,18262829.922991928,0.03083334922063572,0.029478037166981403,21752758.461151794,20092501.195425257,30091710.06377079,20126377.931745175,30087927.591125846,30087927.591125846,1198400800.6424887,836295302.7073966,362105497.9350923,362105497.9350923,362105497.9350923,629745745.7304786,629745745.7304786,319209871.4369331,319209871.4369331,319548699.4503467,310501991.4922041,0.00879648347023664,0.0,29.513498306274418,2023-08-28,0,0,0,0,0,0,0,1,0,0,0,-20.321912721774098,0
29.790690994262697,30.15237159729004,30.87668161392212,32.86279182434082,29.929178486412848,30.228860181992953,30.906078420532726,31.597319294000666,39.54545666869112,41.6160885307961,22.1547940181552,-0.8295337153805953,-0.7544870593064994,-0.07504665607409589,25.918441748429526,-56.45159661264683,-71.1656783700419,38.74630313151174,-3.9553001603321425,0.7484930578319565,2.47870096041169,0.8353773838853336,30.29749557894271,29.790690994262697,29.283886409582685,-1.2435684204101598,-2.803268451943681,-0.8767575606321678,85.71428571428572,7.142857142857143,-78.57142857142857,0.8160919036239613,0.023158581408443624,1.0279742418396605,1.0228295522753656,0.05043510807523159,0.01523933387995137,0.8824740338729298,0.02263374485596708,0.9063995968757873,0.6733014786960333,3.3095349490034622,0.839563862928349,-5166077.9719754765,125509202.01145548,-124052103.09628291,-100407361.60916439,413286237.7580381,314335975.06404626,-98950262.69399181,314335975.06404626,17849461.710863985,24108363.86921889,788621671.9527179,714806365.545453,17849461.710863985,18578011.16845027,17849461.710863985,17849461.710863985,17849461.710863985,17849461.710863985,18578011.16845027,17849461.710863985,0.030135454836523613,0.028810819459094,21260397.80774523,19637719.47039396,29410602.237580426,19670829.427086383,29406905.378937326,29406905.378937326,1171275716.6076963,817366259.6429404,353909456.96475583,353909456.96475583,353909456.96475583,615491828.1226679,615491828.1226679,311984747.2691087,311984747.2691087,312315906.11346614,303473964.9691235,0.0085973803377847,0.0,30.19698905944824,2023-08-29,0,0,0,0,0,0,0,1,0,0,0,-21.872452732988318,0
29.802082824707032,30.02991313934326,30.794093227386476,32.80887199401855,29.96149079676872,30.19199749753614,30.822272420242033,31.535703455705757,38.235470607878995,57.575686064010426,37.441004418452216,-0.795630188263555,-0.7627156850979105,-0.03291450316564448,25.477815996614844,-49.41384532593688,-75.16344614159516,40.55496439360398,-3.9185828784230603,0.7214737984891311,2.40282097253615,0.37022342703239985,30.326669935419876,29.802082824707032,29.27749571399419,-1.2245845794677699,-2.841497921791426,-0.884668191274006,78.57142857142857,0.0,-78.57142857142857,-0.23076998317616682,-0.00565863178051873,1.0124045605287433,0.9971626685202987,0.05043510807523159,0.01523933387995137,0.8824740338729298,0.02263374485596708,0.9063995968757873,0.6733014786960333,3.3095349490034622,0.839563862928349,-5195477.264740701,126223454.06004651,-124758063.03665811,-100978763.2480372,415638181.179256,316124808.95460725,-99513372.2246488,316124808.95460725,17951040.036507934,24245560.568789937,793109587.0675323,718874209.9963335,17951040.036507934,18683735.548202135,17951040.036507934,17951040.036507934,17951040.036507934,17951040.036507934,18683735.548202135,17951040.036507934,0.03030695071098742,0.0289747770533616,21381387.20489442,19749474.47430279,29577973.096145604,19782772.85426632,29574255.19929322,29574255.19929322,1177941252.4141912,822017755.4380126,355923496.97617865,355923496.97617865,355923496.97617865,618994490.0158376,618994490.0158376,313760200.7123214,313760200.7123214,314093244.1267279,305200984.96207553,0.008646306603113186,0.0,30.02611541748047,2023-08-30,0,0,0,0,0,0,0,1,0,0,0,-20.919060784641054,0
29.874229431152344,29.970108222961425,30.762766742706297,32.75666091918945,29.97354009864334,30.156659534782765,30.74373587568494,31.475387190869945,38.00949494152189,73.63636042256148,57.6093783391226,-0.7622722318881152,-0.7626269944559515,0.00035476256783628646,25.158012527981203,-44.95912457974272,-74.82755029084954,42.976287230697345,-1.9546844850604983,0.7024870910733133,2.3418079604288446,0.45565989466768286,30.387199208597327,29.874229431152344,29.36125965370736,-0.5980491638183629,-2.695958497091345,-0.8347691756028404,71.42857142857143,0.0,-71.42857142857143,-0.33333333333333853,-0.000948398242395232,1.0153012282242597,0.9949622214653949,0.05043510807523159,0.01523933387995137,0.8824740338729298,0.02263374485596708,0.9063995968757873,0.6733014786960333,3.3095349490034622,0.839563862928349,-5200409.323803131,126343277.80265298,-124876495.68568288,-101074622.2421224,416032745.9042505,316424905.7790982,-99607840.12515227,316424905.7790982,17968080.932883896,24268576.84441461,793862484.8528702,719556636.2454524,17968080.932883896,18701471.991368953,17968080.932883896,17968080.932883896,17968080.932883896,17968080.932883896,18701471.991368953,17968080.932883896,0.030335721055518267,0.029002282767363614,21401684.524882115,19768222.621892672,29606051.423279703,19801552.6119602,29602329.99703321,29602329.99703321,1179059470.3435445,822798095.7058262,356261374.6377183,356261374.6377183,356261374.6377183,619582100.5910577,619582100.5910577,314058052.8176237,314058052.8176237,314391412.3896624,305490711.81623006,0.00865451452948173,0.0,29.997638702392575,2023-08-31,0,0,0,0,0,0,0,1,0,0,0,-22.212600657120614,0
29.91220169067383,29.900809860229494,30.700588321685792,32.70236145019531,29.924615721686706,30.096679068053795,30.656405503502892,31.41073541741518,36.61127618118221,61.66535578644513,64.29246742433894,-0.7410810114850861,-0.7583177978617784,0.017236786376692348,25.00607749609856,-48.606298459492585,-81.03441911795875,40.68077840755203,-2.2706071111562642,0.6923153456380478,2.3211209796424304,0.5600826549795954,30.37492678932344,29.91220169067383,29.44947659202422,-0.6929836273193324,-2.895982261548263,-0.8950122075203133,64.28571428571429,14.285714285714286,-50.0,-0.5932208321210286,-0.005696172832613811,1.0188739650757512,0.9889833057467208,0.05043510807523159,0.01523933387995137,0.8824740338729298,0.02263374485596708,0.9063995968757873,0.6733014786960333,3.3095349490034622,0.839563862928349,-5230201.455241575,127067073.81644596,-125591888.7906086,-101653659.05315678,418416116.419326,318237642.39200664,-100178474.0273194,318237642.39200664,18071016.56650775,24407606.79112735,798410368.3020697,723678835.9704449,18071016.56650775,18808609.079426434,18071016.56650775,18071016.56650775,18071016.56650775,18071016.56650775,18808609.079426434,18071016.56650775,0.030509508488909192,0.0291684311926934,21524290.604263406,19881470.916399065,29775658.72156265,19914991.84748356,29771915.975990504,29771915.975990504,1185814072.2464056,827511745.6299523,358302326.6164533,358302326.6164533,358302326.6164533,623131565.6866661,623131565.6866661,315857230.1912236,315857230.1912236,316192499.51527756,307240808.56303716,0.008704094556426548,0.0,29.82676696777344,2023-09-01,0,0,0,0,0,0,0,1,0,0,0,-20.550587115234002,0
29.885107803344727,29.808471488952637,30.60458116531372,32.64573226928711,29.742420104334105,29.966015395612907,30.534655347895846,31.33102143514905,33.161257727343724,43.882934998868556,59.72821706929165,-0.7518296071867212,-0.757020159726767,0.005190552540045745,25.483520970927295,-109.21858488627136,-93.65932343694807,41.706625653663714,-3.0473289331236164,0.6892384272907014,2.346101674654007,0.6492384887752003,30.44392724932627,29.885107803344727,29.326288357363186,-0.9233837127685582,-2.908569434364234,-0.8959790621048356,100.0,7.142857142857143,-92.85714285714286,-0.44117515062437695,-0.015044811884217357,1.0222367660847715,0.990344408110486,0.05043510807523159,0.01523933387995137,0.8824740338729298,0.02263374485596708,0.9063995968757873,0.6733014786960333,3.3095349490034622,0.839563862928349,-5310090.771994349,129007974.5247345,-127510256.6146848,-103206379.61978759,424807261.7595479,323098600.04981,-101708661.70973791,323098600.04981,18347044.39810868,24780423.602640294,810605779.7709835,734732752.0096027,18347044.39810868,19095903.353133522,18347044.39810868,18347044.39810868,18347044.39810868,18347044.39810868,19095903.353133522,18347044.39810868,0.03097552950330037,0.02961396776689156,21853065.869361356,20185152.742260568,30230470.46284758,20219185.692682017,30226670.548275523,30226670.548275523,1203926926.3760777,840151669.4510546,363775256.9250231,363775256.9250231,363775256.9250231,632649660.8223523,632649660.8223523,320681827.9676843,320681827.9676843,321022218.40178657,311933793.8112578,0.008837046254944312,0.0,29.378028869628903,2023-09-05,0,0,0,0,0,0,0,1,0,0,0,-17.679561849117423,0
29.56855354309082,29.67962226867676,30.433835983276367,32.572497825622555,29.36635265561564,29.72023400698851,30.351756529827547,31.224480114483548,28.276817573473163,25.586029692218077,43.71144015917719,-0.8126138137673706,-0.7681388905348877,-0.04447492323248292,26.742629332239535,-220.073953310351,-92.7892774432312,38.168269978556424,-4.308947932953144,0.7157061431925701,2.5012256118306855,1.0597864499168637,30.629574770805775,29.56855354309082,28.50753231537587,-1.288492202758789,-2.9620079036275984,-0.9080960811712799,100.0,0.0,-100.0,0.0630627534538437,-0.025999399579861637,1.0373109448857667,1.0023411269470663,0.05043510807523159,0.01523933387995137,0.8824740338729298,0.02263374485596708,0.9063995968757873,0.6733014786960333,3.3095349490034622,0.839563862928349,-5451835.214171144,132451637.57505538,-130913940.46336608,-105961310.0600443,436146817.13369155,331723204.1853366,-104423612.948355,331723204.1853366,18836789.61819389,25441897.666132007,832243614.0402027,754345276.2684882,18836789.61819389,19605638.17403854,18836789.61819389,18836789.61819389,18836789.61819389,18836789.61819389,19605638.17403854,18836789.61819389,0.03180237208266501,0.03040446561749292,22436398.766012017,20723963.34617621,31037424.874078687,20758904.75217408,31033523.52682036,31033523.52682036,1236063844.1667898,862578184.3344371,373485659.8323527,373485659.8323527,373485659.8323527,649537239.0422108,649537239.0422108,329241920.2096561,329241920.2096561,329591396.82594913,320260371.17092544,0.009072937173891292,0.0,28.61421775817871,2023-09-06,0,0,0,0,0,0,0,1,0,0,0,-14.68134675359588,0
29.183059692382812,29.49257125854492,30.242533111572264,32.465219497680664,28.943783825057235,29.42539985370704,30.13717459021925,31.10189839093284,25.542011202521316,10.08335865665421,26.517441115913545,-0.8921044297026448,-0.7929319983684391,-0.09917243133420572,28.22876769920492,-232.02322650987756,-97.64604002276559,36.556118110060794,-6.241450659345771,0.71641422896575,2.549639668708093,0.7256193440170904,30.629557489628336,29.183059692382812,27.73656189513729,-1.8705101013183594,-3.1188074347687027,-0.9518061051001929,100.0,0.0,-100.0,-0.6578945387103795,-0.018018021621119318,1.025885565840686,0.9832943536618163,0.05043510807523159,0.01523933387995137,0.8824740338729298,0.02263374485596708,0.9063995968757873,0.6733014786960333,3.3095349490034622,0.839563862928349,-5551868.908196652,134881943.34657252,-133316031.60323499,-107905554.67725801,444149512.65573215,337809869.72181165,-106339642.93392049,337809869.72181165,19182418.855884586,25908721.571584377,847514142.1781735,768186476.8168253,19182418.855884586,19965374.727553345,19182418.855884586,19182418.855884586,19182418.855884586,19182418.855884586,19965374.727553345,19182418.855884586,0.03238590196448047,0.030962345834173635,22848075.891424682,21104219.63179881,31606919.02443798,21139802.1646428,31602946.09281171,31602946.09281171,1258743919.3205602,878405310.2058319,380338609.11472833,380338609.11472833,380338609.11472833,661455355.9470704,661455355.9470704,335283057.59051704,335283057.59051704,335638946.6230938,326136709.45329565,0.009239413119240217,0.0,28.09864616394043,2023-09-07,0,0,0,0,0,0,0,1,0,0,0,-9.31021723575483,0
28.82235679626465,29.348293113708497,30.046036624908446,32.355674018859865,28.693897290638745,29.20153155699699,29.95212217417949,30.98786803135907,26.951006575842428,10.73855066767691,15.469313005516332,-0.9366004868059861,-0.8216656960559485,-0.11493479075003754,29.829017995266856,-193.4792273409382,-85.90553108287729,35.59310579504037,-4.868191924019349,0.700022417467844,2.4828663304481555,0.48692886799506496,30.172724554137957,28.82235679626465,27.471989038391342,-1.4427814483642543,-3.1601785966313716,-0.9601975220900307,100.0,7.142857142857143,-92.85714285714286,0.058824849375632586,0.0033979593644573036,1.0175438677067699,1.0010169724286615,0.05043510807523159,0.01523933387995137,0.8824740338729298,0.02263374485596708,0.9063995968757873,0.6733014786960333,3.3095349490034622,0.839563862928349,-5533067.7687576255,134425172.07430387,-132864563.21644914,-107540137.65944308,442645421.50061005,336665892.6990217,-105979528.80158837,336665892.6990217,19117458.508720256,25820982.92086892,844644075.9307314,765585049.9271369,19117458.508720256,19897762.937647615,19117458.508720256,19117458.508720256,19117458.508720256,19117458.508720256,19897762.937647615,19117458.508720256,0.03227622865108615,0.03085749332576368,22770701.97142561,21032751.19790559,31499883.69964147,21068213.23219807,31495924.222158793,31495924.222158793,1254481243.0332594,875430632.4902289,379050610.54303044,379050610.54303044,379050610.54303044,659215368.9110848,659215368.9110848,334147637.4965743,334147637.4965743,334502321.32790494,325032263.03137743,0.009208124287089814,0.0,28.19412422180176,2023-09-08,0,0,0,0,0,0,0,1,0,0,0,-7.551657469458653,0
28.472912979125976,29.192557334899902,29.85045642852783,32.23472370147705,28.489114154452523,28.997534525193917,29.773781765408117,30.87381626079911,26.30764330787435,12.089187751690389,10.970365692007102,-0.9699285530977271,-0.8513182674643043,-0.1186102856334228,30.843295886591413,-139.29762108687538,-87.96994748264048,36.06413700839342,-5.254792134570407,0.6943491522186774,2.4727932056975885,0.6205967039795119,29.457488719456464,28.472912979125976,27.488337238795488,-1.557357788085934,-3.36716982596909,-1.0197948675889243,92.85714285714286,0.0,-92.85714285714286,-0.476921135720735,-0.004063837515232427,1.0223061612729412,0.9895693313221887,0.05043510807523159,0.01523933387995137,0.8824740338729298,0.02263374485596708,0.9063995968757873,0.6733014786960333,3.3095349490034622,0.839563862928349,-5555645.007359848,134973683.1916271,-133406706.39467943,-107978946.55330166,444451600.58878785,338039630.8324338,-106411969.75635402,338039630.8324338,19195465.762608707,25926343.36767929,848090578.2388937,768708958.2298867,19195465.762608707,19978954.16108253,19195465.762608707,19195465.762608707,19195465.762608707,19195465.762608707,19978954.16108253,19195465.762608707,0.03240792920959912,0.030983404848737614,22863615.991827067,21118573.64977173,31628416.4449378,21154180.384046752,31624440.81112529,31624440.81112529,1259600052.9827595,879002756.8695883,380597296.1131711,380597296.1131711,380597296.1131711,661905244.2742957,661905244.2742957,335511100.09190464,335511100.09190464,335867231.18212,326358531.07336956,0.009245697298626454,0.0,28.07954788208008,2023-09-11,0,0,0,0,0,0,0,1,0,0,0,-7.616448293921191,0
28.188393783569335,29.03675079345703,29.65673961639404,32.10635494232178,28.31122040025025,28.80806150094879,29.600605682211697,30.759369854173485,25.594875191375188,14.988629720638414,12.605456046668502,-0.9948878800048533,-0.8800321899724141,-0.11485569003243923,31.785125357107074,-115.65492676019758,-92.27044825112019,34.92487084135119,-5.279162091392864,0.6761236042544667,2.418576764202727,0.43919148071972813,28.64052804491112,28.188393783569335,27.73625952222755,-1.5580654144287145,-3.447897473274031,-1.0401136569487726,85.71428571428572,0.0,-85.71428571428572,-0.47825834566887265,-0.004420120678424011,1.015775068389176,0.9925423961574749,0.05043510807523159,0.01523933387995137,0.8824740338729298,0.02263374485596708,0.9063995968757873,0.6733014786960333,3.3095349490034622,0.839563862928349,-5580310.653873062,135572931.91140324,-133998998.13723391,-108458345.52912259,446424852.309845,339540440.5548917,-106884411.75495327,339540440.5548917,19280688.733574234,26041449.71807429,851855884.0470071,772121829.8964746,19280688.733574234,20067655.620658897,19280688.733574234,19280688.733574234,19280688.733574234,19280688.733574234,20067655.620658897,19280688.733574234,0.03255181214759286,0.031120963261984384,22965124.614016064,21212334.72914568,31768838.5451206,21248099.548237126,31764845.2605082,31764845.2605082,1265192355.877156,882905304.864711,382287051.012445,382287051.012445,382287051.012445,664843934.6979791,664843934.6979791,337000683.78293663,337000683.78293663,337358396.00433874,327807479.6929022,0.009286745835931122,0.0,27.955432891845703,2023-09-12,0,0,0,0,0,0,0,1,0,0,0,-4.405753601527438,0
27.96307029724121,28.765811920166016,29.45909175872803,31.952871170043945,28.03668037567953,28.567977651055934,29.39936707690945,30.631065166815233,23.058843182324424,17.08559805500379,14.721138509110796,-1.0404251313098491,-0.912110778239901,-0.1283143530699481,33.301568235108036,-135.57913438301807,-87.70796229271328,37.06050074029272,-8.972380417054914,0.6898885396384717,2.5098172683062994,0.8688326996305378,28.462240634869385,27.96307029724121,27.463899959613034,-2.709388732910149,-3.573152391099614,-1.0726619867178115,100.0,28.571428571428573,-71.42857142857143,0.3793124993834049,-0.01673494261804387,1.0204441278304075,1.0077004278282504,0.05043510807523159,0.01523933387995137,0.8824740338729298,0.02263374485596708,0.9063995968757873,0.6733014786960333,3.3095349490034622,0.839563862928349,-5675286.243498991,137880351.68500754,-136279629.92402065,-110304281.34800604,454022899.4799193,345319339.89290017,-108703559.58701915,345319339.89290017,19608841.572089463,26484669.136328626,866354273.0941344,785263163.8841393,19608841.572089463,20409202.45258291,19608841.572089463,19608841.572089463,19608841.572089463,19608841.572089463,20409202.45258291,19608841.572089463,0.03310583642041078,0.03165063481951361,23355985.694399696,21573363.733300652,32309536.7893052,21609737.26129592,32305475.539917335,32305475.539917335,1286725635.5533066,897932147.8336033,388793487.7197033,388793487.7197033,388793487.7197033,676159423.8568734,676159423.8568734,342736357.0513077,342736357.0513077,343100157.45153195,333386686.7655433,0.009444804090423016,0.0,27.48760032653809,2023-09-13,0,0,0,0,0,0,0,1,0,0,0,1.2851545014408237,1
27.869503784179688,28.52628173828125,29.278097438812257,31.79883430480957,27.90139144999729,28.397584186979003,29.230933412311675,30.513408242572787,25.49260783440645,25.290920206801445,19.121715994147817,-1.0528213477343016,-0.9402528921387812,-0.11256845559552042,34.339901623797125,-102.31770365638127,-83.3179813672839,40.6933175268773,-7.977394962830154,0.6767553961210115,2.4492778459281337,0.5060245303940292,28.4059394420293,27.869503784179688,27.333068126330076,-2.3953018188476562,-3.5522794902675723,-1.0603866943946265,92.85714285714286,21.42857142857143,-71.42857142857143,-0.2264127856970611,0.005210104570549046,1.0185444607438887,0.9958706492054344,0.05043510807523159,0.01523933387995137,0.8824740338729298,0.02263374485596708,0.9063995968757873,0.6733014786960333,3.3095349490034622,0.839563862928349,-5645870.666932478,137165704.02355185,-135573278.9636478,-109732563.21884148,451669653.35459816,343529515.1956607,-108140138.15893745,343529515.1956607,19507206.98382439,26347396.445684895,861863872.1944232,781193066.3188303,19507206.98382439,20303419.51377641,19507206.98382439,19507206.98382439,19507206.98382439,19507206.98382439,20303419.51377641,19507206.98382439,0.03293424555710612,0.031486586411738814,23234929.283145197,21461546.83007025,32142073.22667995,21497731.83042976,32138033.027154103,32138033.027154103,1280056407.8124025,893278075.6488936,386778332.1635089,386778332.1635089,386778332.1635089,672654821.8949168,672654821.8949168,340959920.2126338,340959920.2126338,341321834.9989756,331658710.20364887,0.009395850725613301,0.0,27.630813598632812,2023-09-14,0,0,0,0,0,0,0,1,0,0,0,0.44920430767837427,1
27.90005569458008,28.361206245422363,29.165657234191894,31.66139720916748,28.049888891266097,28.38836593003804,29.14673820864425,30.42844649869949,36.33612001974928,52.366250883553704,31.580923048452913,-0.9934131118966967,-0.9508849360903643,-0.04252817580633239,33.979143317906356,-55.65318122524248,-61.367959806503336,50.557656519566905,-5.502949565350956,0.6918392203412439,2.4406182558260436,0.8879289352042647,28.518149634748717,27.90005569458008,27.28196175441144,-1.6507549285888636,-3.6244870304036105,-1.0769536800873603,85.71428571428572,14.285714285714286,-71.42857142857143,0.8817198126286961,0.025915638445273004,1.032280469365339,1.0284031753026437,0.05043510807523159,0.01523933387995137,0.8824740338729298,0.02263374485596708,0.9063995968757873,0.6733014786960333,3.3095349490034622,0.839563862928349,-5503250.418804931,133700763.37994033,-132148564.54386714,-106960610.70395227,440260033.50439453,334851621.6365155,-105408411.86787908,334851621.6365155,19014435.74189653,25681835.28775635,840092342.7783375,761459360.8327209,19014435.74189653,19790535.15993312,19014435.74189653,19014435.74189653,19014435.74189653,19014435.74189653,19790535.15993312,19014435.74189653,0.03210229410969544,0.030691204258719813,22647992.10815876,20919407.04071362,31330132.831769437,20954677.972360928,31326194.691658843,31326194.691658843,1247720923.4789207,870712992.5445085,377007930.93441224,377007930.93441224,377007930.93441224,655662899.2558235,655662899.2558235,332346937.15103376,332346937.15103376,332699709.61377764,323280684.8585154,0.009158502291525912,0.0,28.34688377380371,2023-09-15,0,0,0,0,0,0,0,1,0,0,0,-1.1788508505388702,0
27.8370418548584,28.15497741699219,29.02789363861084,31.5030086517334,27.954752155334624,28.274931885207796,29.0150944443421,30.323977172612125,32.22787330466025,61.64115728547125,46.4327761252754,-0.9820069159604259,-0.9571093320643766,-0.024897583896049236,33.64415346243636,-58.79080761100451,-79.22068532582195,49.91768257525654,-6.914219990822257,0.6853864736916766,2.4685731776397093,0.6015007672473018,28.432934535919138,27.8370418548584,27.24114917379766,-2.0622882843017614,-3.7154351024237524,-1.0977474359365615,78.57142857142857,7.142857142857143,-71.42857142857143,-0.7499982970143286,-0.020545647803101752,1.0192705224907979,0.9857627092781712,0.05043510807523159,0.01523933387995137,0.8824740338729298,0.02263374485596708,0.9063995968757873,0.6733014786960333,3.3095349490034622,0.839563862928349,-5618690.045596552,136505354.3128906,-134920595.58208132,-109204283.45031248,449495203.6477242,341875678.928221,-107619524.7195032,341875678.928221,19413294.45241373,26220553.546117246,857714645.8066429,777432209.1935999,19413294.45241373,20205673.81781837,19413294.45241373,19413294.45241373,19413294.45241373,19413294.45241373,20205673.81781837,19413294.45241373,0.03277569193264656,0.03133500217736539,23123070.572262734,21358225.622043304,31987333.31624544,21394236.41883868,31983312.567241915,31983312.567241915,1273893898.86349,888977613.4962443,384916285.36724585,384916285.36724585,384916285.36724585,669416494.7913944,669416494.7913944,339318454.6125969,339318454.6125969,339678627.05141723,330062022.9349154,0.009350616770433006,0.0,27.76447868347168,2023-09-18,0,0,0,0,0,0,0,1,0,0,0,4.229715174227358,1
27.766389083862304,27.97739143371582,28.89293146133423,31.3258056640625,27.83722444917816,28.152611367327328,28.880530119820495,30.217239598661266,31.170176764238576,61.399510016774194,58.46897272859965,-0.9748272537344,-0.9606529163983814,-0.014174337336018694,33.75046587597323,-75.31011943261929,-83.62422380929029,45.98359385899499,-6.044856993790903,0.6725749049444085,2.4366741035681763,0.5060245112299242,28.37305198328688,27.766389083862304,27.159726184437726,-1.7758598327636719,-3.8416822507643182,-1.128562878339718,71.42857142857143,0.0,-71.42857142857143,-0.32075444537613185,-0.005845946126230461,1.018486246433035,0.9941540551327387,0.05043510807523159,0.01523933387995137,0.8824740338729298,0.02263374485596708,0.9063995968757873,0.6733014786960333,3.3095349490034622,0.839563862928349,-5651729.7532540895,137308049.7745705,-135713972.15185782,-109846439.8196564,452138380.26032716,343886018.06338346,-108252362.19694372,343886018.06338346,19527450.878230475,26374738.848519083,862758284.2563647,782003761.0512149,19527450.878230475,20324489.689586822,19527450.878230475,19527450.878230475,19527450.878230475,19527450.878230475,20324489.689586822,19527450.878230475,0.03296842356064886,0.031519262085455496,23259041.67685337,21483818.869741507,32175429.141595554,21520041.42162374,32171384.749292508,32171384.749292508,1281384805.4028454,894205088.2680604,387179717.13478494,387179717.13478494,387179717.13478494,673352879.448593,673352879.448593,341313756.44491524,341313756.44491524,341676046.81371355,332002893.96679795,0.00940560140955808,0.0,27.60216903686523,2023-09-19,0,0,0,0,0,0,0,1,0,0,0,0.8301704469050508,1
27.71483154296875,27.83895092010498,28.75928659439087,31.12653633117676,27.63475384014221,27.9848297772806,28.723318929558573,30.100085599579266,28.832368211868616,30.684572292224498,51.241746531489916,-0.9877966653787382,-0.9660816661944527,-0.021714999184285544,34.01238974130538,-85.44326523052803,-95.45120942940727,41.08971170809262,-4.838172225458437,0.6736358390932965,2.473890835911596,0.6874279830288401,28.43978675259043,27.71483154296875,26.98987633334707,-1.3844051361083984,-4.000204258739106,-1.168054336156601,64.28571428571429,14.285714285714286,-50.0,-0.8888888888888901,-0.013490114284047783,1.025254272450868,0.9780521470165496,0.05043510807523159,0.01523933387995137,0.8824740338729298,0.02263374485596708,0.9063995968757873,0.6733014786960333,3.3095349490034622,0.839563862928349,-5729014.8178823255,139185680.51137188,-137569804.5370974,-111348544.40909751,458321185.43058604,348588516.99576306,-109732668.434823,348588516.99576306,19794480.68486265,26735402.483450852,874556146.6221135,792697338.7435256,19794480.68486265,20602418.6719999,19794480.68486265,19794480.68486265,19794480.68486265,19794480.68486265,20602418.6719999,19794480.68486265,0.03341925310431357,0.0319502749458822,23577099.442823417,21777601.198744994,32615414.814869773,21814319.07902852,32611315.117176313,32611315.117176313,1298907212.1389742,906432972.6600741,392474239.4789001,392474239.4789001,392474239.4789001,682560701.3151339,682560701.3151339,345981080.76454735,345981080.76454735,346348325.30415523,336542896.09662586,0.009534219115028974,0.0,27.229812622070312,2023-09-20,0,0,0,0,0,0,0,1,0,0,0,4.347832177942366,1
27.588803100585938,27.729153442382813,28.61086235046387,30.934645385742186,27.42339302233439,27.805891888087537,28.559257258811922,29.978539944172972,27.467119161898523,13.40965810302525,35.16458013734125,-1.0049800161779459,-0.9738613361911513,-0.031118679986794517,34.486753747225784,-114.70149897102019,-100.00000000000001,38.38102901637801,-3.9075718125905046,0.6609814849582839,2.4480187010587127,0.49647488120312033,28.518534219697013,27.588803100585938,26.659071981474863,-1.0979747772216797,-4.117945469181483,-1.1954026099963038,100.0,7.142857142857143,-92.85714285714286,-0.23076782000447746,-0.008415086748185696,1.0183875013362567,0.9957746854402607,0.05043510807523159,0.01523933387995137,0.8824740338729298,0.02263374485596708,0.9063995968757873,0.6733014786960333,3.3095349490034622,0.839563862928349,-5777634.110118247,140366879.983001,-138737290.87501892,-112293503.9864008,462210728.80945975,351546813.931041,-110663914.87841873,351546813.931041,19962466.572780352,26962292.51388515,881978068.5792047,799424565.8134767,19962466.572780352,20777261.126771387,19962466.572780352,19962466.572780352,19962466.572780352,19962466.572780352,20777261.126771387,19962466.572780352,0.033702865642356444,0.03222142099873638,23777186.53010202,21962416.84166744,32892205.578149054,21999446.32829316,32888071.088365406,32888071.088365406,1309930390.0049505,914125417.3457601,395804972.6591904,395804972.6591904,395804972.6591904,688353253.6580625,688353253.6580625,348917249.68861544,348917249.68861544,349287610.84952044,339398967.85335654,0.009615131278835568,0.0,27.00067138671875,2023-09-21,0,0,0,0,0,0,0,1,0,0,0,2.5813202593251487,1
27.275641250610352,27.587848472595216,28.468070793151856,30.767031097412108,27.209286856198187,27.619561458239946,28.3899065221561,29.853149143378964,26.18735268648658,0.6902662949640783,14.92816556340454,-1.024507690147388,-0.9839906069823987,-0.040517083164989254,35.1691768960978,-140.75351519892655,-99.3808498319998,35.609566685121976,-5.011858807032232,0.6390014457044403,2.3860186981428497,0.35326093540447445,28.006606293468504,27.275641250610352,26.5446762077522,-1.4130496978759801,-4.076127021539651,-1.1762558741447258,100.0,0.0,-100.0,-0.7027053498706135,-0.008133014903510372,1.0132001042747403,0.9908159578316268,0.05043510807523159,0.01523933387995137,0.8824740338729298,0.02263374485596708,0.9063995968757873,0.6733014786960333,3.3095349490034622,0.839563862928349,-5825008.995088383,141517846.73964724,-139874895.48462233,-113214277.39171779,466000719.6070706,354429393.47037774,-111571326.13669287,354429393.47037774,20126152.874055374,27183375.31041245,889210026.980992,805979609.9934791,20126152.874055374,20947628.501567837,20126152.874055374,20126152.874055374,20126152.874055374,20126152.874055374,20947628.501567837,20126152.874055374,0.03397921913801557,0.0324856270879929,23972152.40286373,22142502.14158597,33161911.901875906,22179835.25901211,33157743.510503102,33157743.510503102,1320671430.4312885,921620974.4664837,399050455.96480477,399050455.96480477,399050455.96480477,693997546.04303,693997546.04303,351778267.5815875,351778267.5815875,352151665.5940932,342181938.6601919,0.009693972501665836,0.0,26.78107452392578,2023-09-22,0,0,0,0,0,0,0,1,0,0,0,3.2798599187693087,1
26.973936462402342,27.40548915863037,28.299023246765138,30.60182487487793,26.89150948494267,27.37163296445662,28.186673019325198,29.71208269628299,23.38183425699631,2.9147910890719086,5.671571829020344,-1.0700217455970815,-1.0011968347053353,-0.06882491089174625,36.36816331802938,-185.08990764710677,-96.00001935456841,31.728961239688893,-6.494382129322773,0.6404146194000097,2.439121432385204,0.658785877442412,27.874406122261504,26.973936462402342,26.07346680254318,-1.823593139648441,-4.053291359016896,-1.1629006801507416,100.0,0.0,-100.0,-0.4999999999999963,-0.019607868273732176,1.018274853393491,0.9909909909909911,0.05043510807523159,0.01523933387995137,0.8824740338729298,0.02263374485596708,0.9063995968757873,0.6733014786960333,3.3095349490034622,0.839563862928349,-5941509.327325736,144348207.37541372,-142672397.05232185,-115478565.90033098,475320746.18605894,361517990.60881984,-113802755.57723911,361517990.60881984,20528676.45787546,27727043.527520105,906994250.7752249,822099223.2713207,20528676.45787546,21366581.6194214,20528676.45787546,20528676.45787546,20528676.45787546,20528676.45787546,21366581.6194214,20528676.45787546,0.03465880440940013,0.033135340479316606,24451596.077840533,22585352.76348822,33825151.007163465,22623432.54423922,33820899.247854196,33820899.247854196,1347084893.5781024,940053418.0580374,407031475.52006507,407031475.52006507,407031475.52006507,707877515.1133085,707877515.1133085,358813842.1329216,358813842.1329216,359194708.11544245,349025586.3821349,0.00988785220521584,0.0,26.25595474243164,2023-09-25,0,0,0,0,0,0,0,1,0,0,0,7.345447904433648,1
26.52519836425781,27.14579372406006,28.091272258758544,30.420377807617186,26.380499172009305,27.00560488839952,27.91732116473638,29.54135312176768,19.53070057752635,3.039172051866462,2.214743145300748,-1.1650804685667993,-1.033973561477628,-0.13110690708917128,38.01515494722461,-212.65598594028916,-99.71988165620088,19.59274286914658,-9.289623078813536,0.6669599354841054,2.630125992261316,1.0120490445773491,27.85839173908881,26.52519836425781,25.192004989426813,-2.5969543457031286,-4.2141783432264495,-1.2006940230345116,100.0,0.0,-100.0,-0.6698113886559698,-0.034181815328873766,1.0399247233051285,0.9739640271396052,0.05043510807523159,0.01523933387995137,0.8824740338729298,0.02263374485596708,0.9063995968757873,0.6733014786960333,3.3095349490034622,0.839563862928349,-6151788.630226401,149456916.08050036,-147721796.21043652,-119565532.8644003,492143090.41811204,374312677.4237756,-117830412.99433644,374312677.4237756,21255218.408282243,28708346.94105654,939094195.129561,851194599.893826,21255218.408282243,22122778.34331417,21255218.408282243,21255218.408282243,21255218.408282243,21255218.408282243,22122778.34331417,21255218.408282243,0.035885433676320674,0.03430805197626262,25316976.285931725,23384683.703360613,35022275.97700635,23424111.187078957,35017873.741288744,35017873.741288744,1394760333.7338307,973323378.0208206,421436955.7130099,421436955.7130099,421436955.7130099,732930406.9319736,732930406.9319736,371512824.9061726,371512824.9061726,371907170.33118707,361378147.4832996,0.010237798751514275,0.0,25.358478546142575,2023-09-26,0,0,0,0,0,0,0,1,0,0,0,10.1217767747718,1
26.198669815063475,26.956750679016114,27.861281299591063,30.23478115081787,26.119389406705746,26.749525795253906,27.696354375342306,29.386679268996346,23.155796627670966,7.60567465038622,4.519879263774794,-1.2072385019104885,-1.0686265495642,-0.13861195234628854,39.59744444311322,-169.73133530155528,-89.48947151965818,25.452399498040005,-6.87739354466067,0.6547825614974375,2.5580271751403307,0.4964766996707546,27.480358349363176,26.198669815063475,24.916981280763775,-1.8904304504394567,-4.332709756640981,-1.226626445085575,100.0,0.0,-100.0,0.44230642262407416,0.009412683395880084,1.0196523233467842,1.008653105451336,0.05043510807523159,0.01523933387995137,0.8824740338729298,0.02263374485596708,0.9063995968757873,0.6733014786960333,3.3095349490034622,0.839563862928349,-6094423.748996762,148063243.64549825,-146344303.61372992,-118450594.9163986,487553899.9197409,370822245.03511065,-116731654.88463028,370822245.03511065,21057015.38916189,28440644.161984887,930337225.375698,843257286.0390711,21057015.38916189,21916485.405046046,21057015.38916189,21057015.38916189,21057015.38916189,21057015.38916189,21916485.405046046,21057015.38916189,0.03555080520248111,0.03398813244632809,25080897.736255903,23166623.609968457,34695696.37185846,23205683.4359117,34691335.18659695,34691335.18659695,1381754317.8094003,964247224.1842184,417507093.625182,417507093.625182,417507093.625182,726095896.1464988,726095896.1464988,368048500.89293903,368048500.89293903,368439169.0819773,358008328.4346559,0.01014233218971663,0.0,25.597169876098633,2023-09-27,0,0,0,0,0,0,0,1,0,0,0,11.083919280724878,1
25.99626007080078,26.79253158569336,27.659406661987305,30.045432357788087,26.07580049293892,26.611179771645062,27.533713260110208,29.25342214728689,28.81922534821361,18.16856974777225,9.604472150008242,-1.195283593253187,-1.0939579583019974,-0.10132563495118951,40.04218182911508,-110.46344439287633,-77.17714052141379,29.397758244532202,-5.943331807315277,0.6625702886792616,2.549462883083994,0.7638107420429741,26.996048702452015,25.99626007080078,24.996471439149545,-1.642190933227539,-4.403311191439402,-1.2399854782300146,92.85714285714286,7.142857142857143,-85.71428571428572,0.5999985694905732,0.015292815229239753,1.0300413507180204,1.0179506187862715,0.05043510807523159,0.01523933387995137,0.8824740338729298,0.02263374485596708,0.9063995968757873,0.6733014786960333,3.3095349490034622,0.839563862928349,-6002626.688164557,145833045.82143378,-144139997.26836175,-116666436.65714704,480210135.05316454,365236746.9490896,-114973388.10407498,365236746.9490896,20739844.775132667,28012257.878101267,916324050.9740434,830555750.4104613,20739844.775132667,21586369.051668696,20739844.775132667,20739844.775132667,20739844.775132667,20739844.775132667,21586369.051668696,20739844.775132667,0.03501532234762658,0.03347618729937926,24703117.524369523,22817677.09026655,34173093.56613996,22856148.578843396,34168798.07109056,34168798.07109056,1360941688.0364885,949723281.5210103,411218406.5154783,411218406.5154783,411218406.5154783,715159100.1681184,715159100.1681184,362504782.2384506,362504782.2384506,362889566.0005124,352615839.55346155,0.009989563638768214,0.0,25.988622665405273,2023-09-28,0,0,0,0,0,0,0,1,0,0,0,9.041069469406775,1
25.809127044677734,26.542384147644043,27.451795196533205,29.858345336914063,25.99900345972946,26.47194879376606,27.372922415653097,29.119774588307425,28.00600534549772,32.56804212374527,19.44742884063451,-1.183720166942308,-1.1119104000300595,-0.07180976691224861,40.25804594679998,-86.71470187559814,-81.40237628102463,31.471054466829845,-8.824512776973602,0.657526217700016,2.5440735246012416,0.591953294969823,26.42957848594225,25.809127044677734,25.188675603413216,-2.501474380493164,-4.350555433282441,-1.2182290737445527,85.71428571428572,0.0,-85.71428571428572,-0.38709588105543524,-0.005510614161379324,1.0230483586626635,0.9912120184616825,0.05043510807523159,0.01523933387995137,0.8824740338729298,0.02263374485596708,0.9063995968757873,0.6733014786960333,3.3095349490034622,0.839563862928349,-6035888.138818834,146641128.5007909,-144938698.51291892,-117312902.80063272,482871051.1055067,367260578.29274595,-115610472.81276074,367260578.29274595,20854767.35143174,28167477.981154557,921401539.345075,835157983.8231059,20854767.35143174,21705982.34536773,20854767.35143174,20854767.35143174,20854767.35143174,20854767.35143174,21705982.34536773,20854767.35143174,0.0352093474764432,0.03366168385110503,24840001.186677508,22944113.24563826,34362451.77953598,22982797.91047699,34358132.48250721,34358132.48250721,1368482869.1146367,954985840.0149132,413497029.0997236,413497029.0997236,413497029.0997236,719121903.5133772,719121903.5133772,364513475.35777074,364513475.35777074,364900391.26410526,354569736.56497306,0.010044917302304175,0.0,25.845409393310547,2023-09-29,0,0,0,0,0,0,0,1,0,0,0,8.3444166159057,1
25.749932098388673,26.36193428039551,27.25845584869385,29.67032211303711,25.98599564348175,26.378863560533382,27.2383564723515,28.995861075471304,29.714701774308516,48.74171898154598,33.159443617687764,-1.152031277488799,-1.1199345755218073,-0.03209670196699177,40.45849119893596,-72.9522466121191,-77.74386477196352,35.40936091924096,-6.4993068771702855,0.6378390783971127,2.4570091276155748,0.38190626745937095,26.228915527197753,25.749932098388673,25.270948669579592,-1.8044986724853516,-4.36479965828644,-1.2160449883876723,78.57142857142857,21.42857142857143,-57.142857142857146,0.19999904632932142,0.004432919437733274,1.0148368523539482,1.0029509377316468,0.05043510807523159,0.01523933387995137,0.8824740338729298,0.02263374485596708,0.9063995968757873,0.6733014786960333,3.3095349490034622,0.839563862928349,-6009249.619374915,145993949.0860957,-144299032.52678484,-116795159.26887655,480739969.5499932,365639726.8404275,-115100242.70956568,365639726.8404275,20762727.8515582,28043164.890416272,917335066.8961169,831472134.8346637,20762727.8515582,21610186.13121364,20762727.8515582,20762727.8515582,20762727.8515582,20762727.8515582,21610186.13121364,20762727.8515582,0.03505395611302034,0.03351312287728318,24730373.433581382,22842852.719803363,34210798.06780086,22881366.65546806,34206497.833364904,34206497.833364904,1362443267.8696883,950771148.1116132,411672119.7580751,411672119.7580751,411672119.7580751,715948162.9852704,715948162.9852704,362904747.8469941,362904747.8469941,363289956.1559284,353004894.3073828,0.010000585512397554,0.0,25.959980010986328,2023-10-02,0,0,0,0,0,0,0,1,0,0,0,8.088259172730243,1
25.797670364379883,26.161434364318847,27.069412899017333,29.47599193572998,25.856387054354045,26.2367374360907,27.082052986994086,28.862579067652767,27.48970417945298,46.68956410859503,42.666441737962025,-1.1430173574522904,-1.124551131907904,-0.018466225544386372,40.9045456743249,-76.23464663517515,-89.32925272759846,34.4513692470825,-7.263918853944906,0.6413811453494995,2.505672105369701,0.6874280157305286,26.138829692712825,25.797670364379883,25.45651103604694,-2.004999160766598,-4.655543052122902,-1.2898133595784493,71.42857142857143,14.285714285714286,-57.142857142857146,-0.4722228844966852,-0.013975747852431053,1.026986480701607,0.9874769739460388,0.05043510807523159,0.01523933387995137,0.8824740338729298,0.02263374485596708,0.9063995968757873,0.6733014786960333,3.3095349490034622,0.839563862928349,-6094423.748996762,148063243.64549825,-146344303.61372992,-118450594.9163986,487553899.9197409,370822245.03511065,-116731654.88463028,370822245.03511065,21057015.38916189,28440644.161984887,930337225.375698,843257286.0390711,21057015.38916189,21916485.405046046,21057015.38916189,21057015.38916189,21057015.38916189,21057015.38916189,21916485.405046046,21057015.38916189,0.03555080520248111,0.03398813244632809,25080897.736255903,23166623.609968457,34695696.37185846,23205683.4359117,34691335.18659695,34691335.18659695,1381754317.8094003,964247224.1842184,417507093.625182,417507093.625182,417507093.625182,726095896.1464988,726095896.1464988,368048500.89293903,368048500.89293903,368439169.0819773,358008328.4346559,0.01014233218971663,0.0,25.597169876098633,2023-10-03,0,0,0,0,0,0,0,1,0,0,0,10.258273871747472,1
25.872141647338868,26.035405731201173,26.937178325653075,29.320815353393556,25.89410013320055,26.1881535915094,26.97609806355594,28.74912601758378,33.03199893259895,50.61231495650086,48.68119934888055,-1.093225684933465,-1.118286042513016,0.025060357579551162,40.689234480861174,-47.84304096989402,-77.43902941698498,36.664762692096204,-4.6283327346706375,0.6535357811473984,2.516548718782624,0.8115460465200854,26.16484116955884,25.872141647338868,25.579442125118895,-1.2602863311767578,-4.726705791019114,-1.3030861096504402,64.28571428571429,7.142857142857143,-57.142857142857146,0.400002384188065,0.014546780624471012,1.02978403644385,1.0119048218810929,0.05043510807523159,0.01523933387995137,0.8824740338729298,0.02263374485596708,0.9063995968757873,0.6733014786960333,3.3095349490034622,0.839563862928349,-6007040.646509705,145940282.37353706,-144245988.85785484,-116752225.89882965,480563251.7207764,365505319.33762896,-115057932.38314743,365505319.33762896,20755095.56710725,28032856.350378625,916997858.692193,831166489.454564,20755095.56710725,21602242.324948363,20755095.56710725,20755095.56710725,20755095.56710725,20755095.56710725,21602242.324948363,20755095.56710725,0.03504107043797328,0.033500803605534896,24721282.660636093,22834455.79089907,34198222.333821476,22872955.569015954,34193923.680132166,34193923.680132166,1361942439.9128318,950421648.9561061,411520790.9567258,411520790.9567258,411520790.9567258,715684983.6924961,715684983.6924961,362771345.7100508,362771345.7100508,363156412.41816044,352875131.3116342,0.009996909342587288,0.0,25.969526290893555,2023-10-04,0,0,0,0,0,0,0,1,0,0,0,6.827852439765206,1
25.891236877441408,25.943748474121094,26.83645095825195,29.154070587158202,25.957433027439688,26.169234541401867,26.891145754257085,28.644615146930217,34.68624801542086,51.22162583700708,49.507834967367586,-1.0326170143263589,-1.1011522368756848,0.06853522254932587,40.48930265835914,-35.30472654066081,-72.78478981053853,41.11282868408786,-3.3946288137547187,0.6389074630142144,2.449413596855098,0.44873932728282284,26.221843758873842,25.891236877441408,25.560629996008974,-0.9165725708007812,-4.638399352636813,-1.2714038751064223,57.142857142857146,0.0,-57.142857142857146,-0.10638513732874579,0.004411806505095539,1.0173624390839202,0.9981731405598824,0.05043510807523159,0.01523933387995137,0.8824740338729298,0.02263374485596708,0.9063995968757873,0.6733014786960333,3.3095349490034622,0.839563862928349,-5980655.153200083,145299250.19633538,-143612398.74286866,-116239400.1570683,478452412.2560067,363899863.5524051,-114552548.7036016,363899863.5524051,20663930.304966956,27909724.048267055,912970011.6558127,827515650.5245116,20663930.304966956,21507356.031700302,20663930.304966956,20663930.304966956,20663930.304966956,20663930.304966956,21507356.031700302,20663930.304966956,0.034887155060333824,0.03335365373900047,24612696.207400344,22734157.088766985,34048009.10576312,22772487.759381905,34043729.33360048,34043729.33360048,1355960205.8559856,946246990.3287466,409713215.5272391,409713215.5272391,409713215.5272391,712541388.9575433,712541388.9575433,361177898.7070384,361177898.7070384,361561274.0373717,351325152.7174716,0.009952998638448972,0.0,26.08409881591797,2023-10-05,0,0,0,0,0,0,0,1,0,0,0,4.885518566671395,1
25.893146133422853,25.85113658905029,26.719492530822755,29.044256973266602,25.923273909365715,26.11209292900476,26.792460984634292,28.535216736196396,32.93402476597785,53.82080317863838,51.88491465738204,-0.9916430984327569,-1.0792504091870991,0.08760731075434225,40.62355110986966,-47.988557258699004,-77.617305495728,40.346412071670876,-3.458109381984009,0.6410092390618212,2.479250968996322,0.6683323276807087,26.222781178585652,25.893146133422853,25.563511088260054,-0.9261188507080078,-4.497421371033377,-1.2255460665776177,50.0,0.0,-50.0,-0.05714425846251103,-0.00878478280263062,1.0261388662301227,0.9985250400335727,0.05043510807523159,0.01523933387995137,0.8824740338729298,0.02263374485596708,0.9063995968757873,0.6733014786960333,3.3095349490034622,0.839563862928349,-6033659.541779638,146586985.0214412,-144885183.6122213,-117269588.01715297,482692763.34237105,367124976.73443794,-115567786.60793306,367124976.73443794,20847067.26294375,28157077.86163831,921061335.4355147,834849623.1366249,20847067.26294375,21697967.967553698,20847067.26294375,20847067.26294375,20847067.26294375,20847067.26294375,21697967.967553698,20847067.26294375,0.03519634732704789,0.03364925513684798,24830829.652708508,22935641.719713625,34349764.32467696,22974312.10123107,34345446.62243794,34345446.62243794,1367977591.8795128,954633235.9628527,413344355.9166602,413344355.9166602,413344355.9166602,718856386.1763868,718856386.1763868,364378888.0968331,364378888.0968331,364765661.14438313,354438820.77479875,0.010041208473968721,0.0,25.854955673217773,2023-10-06,0,0,0,0,0,0,0,1,0,0,0,1.4680375993613781,1
25.76138916015625,25.755660629272462,26.580574893951415,28.91045783996582,25.71591432112825,25.96465696821359,26.650435666540865,28.40839236005745,29.107248422200716,46.2269265752092,50.423118530284825,-0.992414880584704,-1.0618833034666202,0.06946842288191624,41.50411303261841,-133.8484782125074,-82.97872138169696,38.388803430449855,-3.636354522790808,0.6729676351279386,2.659825479707234,1.0884267839874653,26.323502162776332,25.76138916015625,25.199276157536165,-0.9547595977783203,-4.383323197072681,-1.1865366422213057,100.0,7.142857142857143,-92.85714285714286,-0.10447714455708176,-0.02141796472457591,1.0258288381842657,0.9973654612108311,0.05043510807523159,0.01523933387995137,0.8824740338729298,0.02263374485596708,0.9063995968757873,0.6733014786960333,3.3095349490034622,0.839563862928349,-6165716.643348609,149795295.37366173,-148056247.08964032,-119836236.29892938,493257331.4678887,375160143.45298076,-118097188.01490797,375160143.45298076,21303341.47926218,28773344.335626844,941220359.9019473,853121754.7864085,21303341.47926218,22172865.621272884,21303341.47926218,21303341.47926218,21303341.47926218,21303341.47926218,22172865.621272884,21303341.47926218,0.035966680419533555,0.03438572743405955,25374295.416857738,23437628.009652086,35101568.48016236,23477144.759524327,35097156.277522855,35097156.277522855,1397918153.5807498,975527039.6867331,422391113.89401656,422391113.89401656,422391113.89401656,734589804.7004952,734589804.7004952,372353951.9037644,372353951.9037644,372749190.1501329,362196328.97209394,0.010260977733095828,0.0,25.30119514465332,2023-10-09,0,0,0,0,0,0,0,1,0,0,0,6.042828281975434,1
25.73083610534668,25.764253234863283,26.45502347946167,28.770789337158202,25.62541108143576,25.87006562891126,26.53557556516086,28.292157546017975,31.32949824208875,38.21779147914095,46.088507077662776,-0.9702858656625324,-1.0435638159058027,0.07327795024327033,40.93026784451543,-70.50119775201655,-75.17500188381234,37.92356083245062,0.3388454703694199,0.6746821821733998,2.6515935142731593,0.6969712937643955,26.339971607955455,25.73083610534668,25.121700602737903,0.08592605590820668,-4.19829128052646,-1.129373403695915,92.85714285714286,0.0,-92.85714285714286,-0.3692306337976525,0.0056601854805156115,1.0244544627688488,0.9910747572865117,0.05043510807523159,0.01523933387995137,0.8824740338729298,0.02263374485596708,0.9063995968757873,0.6733014786960333,3.3095349490034622,0.839563862928349,-6131013.967111127,148952198.30353317,-147222937.95383516,-119161758.64282654,490481117.3688902,373048619.0757617,-117432498.29312852,373048619.0757617,21183439.283800628,28611398.513185263,935922862.9024642,848320105.6416262,21183439.283800628,22048069.45864963,21183439.283800628,21183439.283800628,21183439.283800628,21183439.283800628,22048069.45864963,21183439.283800628,0.03576424814148158,0.03419219327811975,25231480.556957334,23305713.349339094,34904005.33594799,23345007.685977627,34899617.966632575,34899617.966632575,1390050211.556112,970036453.4374157,420013758.11869633,420013758.11869633,420013758.11869633,730455292.2610732,730455292.2610732,370258221.69329447,370258221.69329447,370651235.4091349,360157769.1961947,0.010203225583792021,0.0,25.44440460205078,2023-10-10,0,0,0,0,0,0,0,1,0,0,0,10.051928772260919,1
25.53988380432129,25.706012725830078,26.331381702423094,28.636387710571288,25.421862316212707,25.71455638470314,26.390736443313788,28.163632339733606,28.448349813138375,30.02895977159331,38.15789260864775,-0.9761641912742398,-1.03008389097949,0.053919699705250235,40.82767982190119,-126.40366386064146,-89.4309808461466,33.364638679692874,-2.2752714192667556,0.6940060241316209,2.774385568184556,0.9452159695884959,26.30788317900177,25.53988380432129,24.771884429640807,-0.5824050903320312,-3.9838000652548526,-1.0649880507053453,85.71428571428572,0.0,-85.71428571428572,-0.303029018622619,-0.016885434067085647,1.0378875511007768,0.9886792740731871,0.05043510807523159,0.01523933387995137,0.8824740338729298,0.02263374485596708,0.9063995968757873,0.6733014786960333,3.3095349490034622,0.839563862928349,-6236316.884688997,151510519.18571344,-149751558.01310888,-121208415.34857076,498905350.7751198,379455896.5991536,-119449454.17596617,379455896.5991536,21547274.364406213,29102812.128548652,951997758.2819473,862890384.3334103,21547274.364406213,22426754.95070851,21547274.364406213,21547274.364406213,21547274.364406213,21547274.364406213,22426754.95070851,21547274.364406213,0.03637851516068582,0.0347794595492271,25664842.56391241,23705999.439875484,35503497.29873676,23745968.67438809,35499034.57438352,35499034.57438352,1413924948.0420842,986697265.0506015,427227682.9914828,427227682.9914828,427227682.9914828,743001189.864293,743001189.864293,376617572.8888144,376617572.8888144,377017336.791679,366343640.5851921,0.010378470564221372,0.0,25.0147647857666,2023-10-11,0,0,0,0,0,0,0,1,0,0,0,11.826900326886717,1
25.182802963256837,25.53701992034912,26.16477575302124,28.488803939819334,25.047473081007038,25.457126971229062,26.191494364007305,28.012066154277218,24.417878232026368,21.751992582265,29.999581277666355,-1.0267677459263993,-1.029420661968872,0.0026529160424726417,41.40461396729756,-237.55304840419748,-93.41084598715878,32.72645074256553,-6.502568745434578,0.7105854882544562,2.924377213023608,0.9261185218513148,26.21977000222563,25.182802963256837,24.145835924288043,-1.6899280548095703,-3.7163480119479355,-0.9873217191451644,100.0,0.0,-100.0,-0.7835039788893694,-0.028625900795131276,1.0383702249607496,0.9710034968302064,0.05043510807523159,0.01523933387995137,0.8824740338729298,0.02263374485596708,0.9063995968757873,0.6733014786960333,3.3095349490034622,0.839563862928349,-6420097.972340232,155975457.14852232,-154164660.2845289,-124780365.71881784,513607837.7872186,390638268.93239415,-122969568.85482445,390638268.93239415,22182261.583919134,29960457.204254415,980052648.1622454,888319325.2113072,22182261.583919134,23087660.015915833,22182261.583919134,22182261.583919134,22182261.583919134,22182261.583919134,23087660.015915833,22182261.583919134,0.037450571505318025,0.035804392538051295,26421172.424630955,24404603.189729217,36549767.311892115,24445750.297260005,36545173.07332132,36545173.07332132,1455592597.331421,1015774731.7519333,439817865.57948756,439817865.57948756,439817865.57948756,764897057.1404843,764897057.1404843,387716301.26549566,387716301.26549566,388127846.00731236,377139601.40080696,0.010684318814673778,0.0,24.298694610595703,2023-10-12,0,0,0,0,0,0,0,1,0,0,0,15.913071723144212,1
24.856274795532226,25.374710464477538,25.95854730606079,28.36076686859131,24.772420332202934,25.232615673659183,26.0039534564442,27.86344845546614,24.02685444327617,12.622038180508952,21.467663511455687,-1.0608063222046482,-1.0356977940160272,-0.02510852818862097,42.08536703601817,-211.9320960937537,-88.4169302337745,34.117860993173394,-6.280011022521926,0.6877902611037622,2.839490221312161,0.3914523081447392,25.868903358467065,24.856274795532226,23.843646232597386,-1.6230945587158203,-3.6066582775007476,-0.9528033060905265,100.0,0.0,-100.0,0.29268508266731624,-0.0031433695194338362,1.0163542023295977,1.004752508484491,0.05043510807523159,0.01523933387995137,0.8824740338729298,0.02263374485596708,0.9063995968757873,0.6733014786960333,3.3095349490034622,0.839563862928349,-6440342.348172195,156467291.66392705,-154650784.8477759,-125173833.33114164,515227387.8537756,391870061.3387851,-123357326.51499051,391870061.3387851,22252208.497851368,30054930.958136912,983143029.9959786,891120446.0595951,22252208.497851368,23160461.90592693,22252208.497851368,22252208.497851368,22252208.497851368,22252208.497851368,23160461.90592693,22252208.497851368,0.03756866369767114,0.03591729386480647,26504485.817477882,24481557.772218667,36665019.015093625,24522834.62816028,36660410.289595574,36660410.289595574,1460182490.4647589,1018977755.3691418,441204735.095617,441204735.095617,441204735.095617,767308992.8405668,767308992.8405668,388938879.8854503,388938879.8854503,389351722.3436665,378328828.70929486,0.010718009478979003,0.0,24.222314834594727,2023-10-13,0,0,0,0,0,0,0,1,0,0,0,17.825257103269436,1
24.686326599121095,25.223857879638672,25.79289608001709,28.22838924407959,24.665431609001175,25.090586308011634,25.85609638083977,27.72964475770659,27.76412166392996,15.538730973095149,16.637587245289634,-1.0571068407334714,-1.0399796033595161,-0.017127237373955273,42.2148092005839,-133.57588616289846,-79.15065421112614,37.0018247877655,-5.81096691041465,0.669351084279978,2.737469435678209,0.4296417855707837,25.625809196537194,24.686326599121095,23.746844001704996,-1.5085258483886719,-3.56608679711373,-0.9369518328935698,92.85714285714286,42.85714285714286,-50.0,0.3555561206973286,0.009459844344672952,1.0178076314776072,1.0062868307511057,0.05043510807523159,0.01523933387995137,0.8824740338729298,0.02263374485596708,0.9063995968757873,0.6733014786960333,3.3095349490034622,0.839563862928349,-6379988.648635324,155001006.27133256,-153201522.29351234,-124000805.01706605,510399091.8908259,388197770.85158014,-122201321.03924583,388197770.85158014,22043678.72829769,29773280.36029818,973929805.6320616,882769583.2102146,22043678.72829769,22943420.7172078,22043678.72829769,22043678.72829769,22043678.72829769,22043678.72829769,22943420.7172078,22043678.72829769,0.03721660045037273,0.03558070592508162,26256107.130922295,24252136.33744069,36321423.99769852,24293026.379944965,36316858.46146262,36316858.46146262,1446498836.6255307,1009428716.8308787,437070119.794652,437070119.794652,437070119.794652,760118391.1765137,760118391.1765137,385294058.0691884,385294058.0691884,385703031.70051116,374783435.744193,0.01061756892958628,0.0,24.451454162597656,2023-10-16,0,0,0,0,0,0,0,1,0,0,0,17.231811528655644,1
24.522107696533205,25.12647190093994,25.643953132629395,28.09489200592041,24.651391102371225,25.005626995484306,25.73868816257992,27.607827711879327,30.52454081192556,24.67023314165073,17.61033409841821,-1.0284522803064355,-1.0376741387489,0.00922185844246437,41.82410668725834,-89.14816678600653,-72.200889344995,38.284839975238796,-3.8045603935951022,0.6563209199635153,2.6654455375345614,0.4869287838494998,25.086188556504148,24.522107696533205,23.95802683656226,-0.9738597869873047,-3.465286833146037,-0.9058612187703439,85.71428571428572,35.714285714285715,-50.0,0.6078455571886447,0.007028454233063641,1.0200314315483567,1.0121664591389474,0.05043510807523159,0.01523933387995137,0.8824740338729298,0.02263374485596708,0.9063995968757873,0.6733014786960333,3.3095349490034622,0.839563862928349,-6335460.156877314,153919192.2728527,-152132267.61322063,-123135353.81828216,506836812.5501851,385488383.39153504,-121348429.15865009,385488383.39153504,21889827.080492772,29565480.73209413,967132360.1017715,876608381.3217745,21889827.080492772,22783289.4103088,21889827.080492772,21889827.080492772,21889827.080492772,21889827.080492772,22783289.4103088,21889827.080492772,0.03695685091511767,0.035332373951815786,26072855.2609951,24082870.980950303,36067922.25683466,24123475.635498438,36063388.58530163,36063388.58530163,1436403142.8756008,1002383510.2054222,434019632.67017853,434019632.67017853,434019632.67017853,754813220.9982164,754813220.9982164,382604936.7816742,382604936.7816742,383011056.0224997,372167672.29245967,0.010543464670690408,0.0,24.623310089111328,2023-10-17,0,0,0,0,0,0,0,1,0,0,0,11.459006115243833,1
24.235679626464844,24.887781715393068,25.46159372329712,27.925962066650392,24.295135546722417,24.74689925729167,25.533348759993718,27.449976602998756,24.435116633812342,20.879169458611774,20.36271119111915,-1.0772995312026268,-1.0455992172396453,-0.03170031396298145,42.12207272029797,-137.43197079474598,-98.66663454997264,30.17583606236119,-9.19116440066039,0.6865034979327896,2.911056400073749,1.0788770115333577,24.944169069969846,24.235679626464844,23.527190182959842,-2.38690185546875,-3.6029542025523926,-0.9357892427688981,100.0,28.571428571428573,-71.42857142857143,-0.941859175671118,-0.042264246761312796,1.0348743153152054,0.9682477672020826,0.05043510807523159,0.01523933387995137,0.8824740338729298,0.02263374485596708,0.9063995968757873,0.6733014786960333,3.3095349490034622,0.839563862928349,-6615039.832702569,160711544.65347907,-158845764.187845,-128569235.72278325,529203186.61620545,402499731.3590563,-126703455.25714919,402499731.3590563,22855810.704017207,30870185.88594532,1009811272.922942,915292530.6979804,22855810.704017207,23788700.936834235,22855810.704017207,22855810.704017207,22855810.704017207,22855810.704017207,23788700.936834235,22855810.704017207,0.03858773235743165,0.03689156829776433,27223433.15766057,25145632.184568096,37659575.86408054,25188028.695725612,37654842.12461462,37654842.12461462,1499790665.6593406,1046618033.017723,453172632.6416176,453172632.6416176,453172632.6416176,788122630.3244227,788122630.3244227,399489040.15314674,399489040.15314674,399913081.1680636,388591186.0697842,0.011008740808763314,0.0,23.582624435424805,2023-10-18,0,0,0,0,0,0,0,1,0,0,0,16.98863005412369,1
24.029450607299804,24.60612678527832,25.274937629699707,27.752818984985353,23.952606869405113,24.477926576833276,25.317558355686746,27.285959854440787,22.94282749285055,12.957389610826285,19.502264070362862,-1.1284274333392688,-1.06216486045957,-0.06626257287969883,42.62063382003408,-138.50774788495684,-99.39575656885951,28.44612723022255,-10.79795518727542,0.6797497758662152,2.9214497875451055,0.591951389000748,25.067949369037564,24.029450607299804,22.990951845562044,-2.816549301147461,-3.7489153155957142,-0.9676146262731322,100.0,21.42857142857143,-78.57142857142857,-0.4677411415808897,-0.013360468912908763,1.0254619680563366,0.9882401050294757,0.05043510807523159,0.01523933387995137,0.8824740338729298,0.02263374485596708,0.9063995968757873,0.6733014786960333,3.3095349490034622,0.839563862928349,-6704616.655095949,162887802.06931823,-160996756.34608606,-130310241.65545459,536369332.40767586,407950136.4754535,-128419195.9322224,407950136.4754535,23165310.109594334,31288211.057114426,1023485519.3875315,927686862.1810644,23165310.109594334,24110832.97121043,23165310.109594334,23165310.109594334,23165310.109594334,23165310.109594334,24110832.97121043,23165310.109594334,0.039110263821393036,0.037391131345727406,27592076.234433327,25486138.951742932,38169538.80064665,25529109.570516743,38164740.95977694,38164740.95977694,1520099913.2954397,1060790694.1094756,459309219.1859641,459309219.1859641,459309219.1859641,798794904.8180339,798794904.8180339,404898676.331147,404898676.331147,405328459.4500634,393853250.1749953,0.011157814441748298,0.0,23.267549514770508,2023-10-19,0,0,0,0,0,0,0,1,0,0,0,16.054385900626915,1
23.806036376953124,24.331155586242676,25.091146087646486,27.572442779541017,23.670152473890518,24.228347868838377,25.106861720179563,27.122010200653357,22.19099630678149,2.691572813323973,12.176043960920609,-1.1685728084038765,-1.0834464500484313,-0.08512635835544513,43.24332264520327,-132.75184109371284,-97.7401119947264,29.963893473640553,-10.635144863948742,0.659157100275235,2.8528463465813823,0.391452317592492,25.043935188671277,23.806036376953124,22.56813756523497,-2.7497119903564453,-4.026470043231225,-1.0322444622333222,100.0,14.285714285714286,-85.71428571428572,-0.12194940406962991,-0.006975630665624899,1.016998334707568,0.9979381757913177,0.05043510807523159,0.01523933387995137,0.8824740338729298,0.02263374485596708,0.9063995968757873,0.6733014786960333,3.3095349490034622,0.839563862928349,-6751714.119151032,164032028.92040005,-162127699.29704976,-131225623.13632004,540137129.5320824,410815836.01911277,-129321293.51296975,410815836.01911277,23328037.886041064,31507999.222704813,1030675128.4196324,934203520.9094552,23328037.886041064,24280202.69771621,23328037.886041064,23328037.886041064,23328037.886041064,23328037.886041064,24280202.69771621,23328037.886041064,0.03938499902838102,0.03765379027988075,27785900.413429245,25665169.69651642,38437665.76064162,25708442.168069776,38432834.216705866,38432834.216705866,1530778055.6426463,1068242358.2620882,462535697.38055813,462535697.38055813,462535697.38055813,804406144.9906479,804406144.9906479,407742940.49052477,407742940.49052477,408175742.67764986,396619924.2814106,0.011236193981047403,0.0,23.105243682861328,2023-10-20,0,0,0,0,0,0,0,1,0,0,0,24.852189263123172,1
23.553979110717773,24.120152854919432,24.937906742095947,27.396443099975585,23.510490926400646,24.039769680217017,24.92441468315493,26.967859519506984,23.618016518330204,7.325646813548052,7.658203079232702,-1.1798543205106675,-1.1027280241408786,-0.07712629636978896,42.868448442017055,-106.07529195678416,-91.081037097181,31.893548222519424,-8.339634950716214,0.6829996836489473,2.9450853385812463,0.9929532675072075,24.67087721458046,23.553979110717773,22.437081006855085,-2.110027313232422,-4.226033079712812,-1.0750252772600248,100.0,7.142857142857143,-92.85714285714286,0.1923082566115233,0.0037188159423440226,1.043405715996096,1.0083022317008148,0.05043510807523159,0.01523933387995137,0.8824740338729298,0.02263374485596708,0.9063995968757873,0.6733014786960333,3.3095349490034622,0.839563862928349,-6726698.764546091,163424284.08736977,-161527010.07685676,-130739427.26989582,538135901.1636872,409293747.90430444,-128842153.25938281,409293747.90430444,23241606.62878425,31391260.90121509,1026856438.326286,930742261.7482524,23241606.62878425,24190243.63404075,23241606.62878425,23241606.62878425,23241606.62878425,23241606.62878425,24190243.63404075,23241606.62878425,0.03923907612651886,0.03751428157150705,27682952.607939683,25570079.278050203,38295252.764146216,25613191.423469868,38290439.121262364,38290439.121262364,1525106465.405325,1064284480.1700424,460821985.23528254,460821985.23528254,460821985.23528254,801425789.9862413,801425789.9862413,406232237.5691585,406232237.5691585,406663436.20791143,395150432.5532075,0.011194563459984829,0.0,23.1911678314209,2023-10-23,0,0,0,0,0,0,0,1,0,0,0,24.223917210598273,1
23.1930793762207,23.857593536376953,24.810923385620118,27.216223945617674,23.27993108980909,23.81777726865501,24.7238810387236,26.80515175076655,21.75590490822759,8.29477619522656,6.103998607366127,-1.2049511243898188,-1.1231726441906666,-0.08177848019915213,42.633689146541215,-117.02672059810898,-98.11321696957451,27.34654692497533,-10.31894134089184,0.6778602131559095,2.9706201641248278,0.6110470967464181,23.687112916214833,23.1930793762207,22.69904583622657,-2.6255931854248047,-4.506581527013527,-1.1378193268409156,100.0,0.0,-100.0,-0.7187522351763089,-0.016055957919050123,1.0268568775366116,0.9811165443228349,0.05043510807523159,0.01523933387995137,0.8824740338729298,0.02263374485596708,0.9063995968757873,0.6733014786960333,3.3095349490034622,0.839563862928349,-6836464.754966908,166091034.75208065,-164162801.10324383,-132872827.80166453,546917180.3973527,415972586.24452496,-130944594.15282771,415972586.24452496,23620862.19825105,31903502.189845573,1043612638.94091,945930075.2305174,23620862.19825105,24584979.02266946,23620862.19825105,23620862.19825105,23620862.19825105,23620862.19825105,24584979.02266946,23620862.19825105,0.039879377737306966,0.03812643805654622,28134681.87620997,25987330.767278057,38920153.10459661,26031146.414892003,38915260.91288856,38915260.91288856,1549993089.2206705,1081651430.0134182,468341659.20725226,468341659.20725226,468341659.20725226,814503422.6654805,814503422.6654805,412861118.31117463,412861118.31117463,413299353.23136485,401598480.86228687,0.011377235880517525,0.0,22.818811416625977,2023-10-24,0,0,0,0,0,0,0,1,0,0,0,26.966667053951603,1
22.983031463623046,23.609355545043947,24.657684135437012,27.03806049346924,23.030749017351567,23.58406956025165,24.515167118124833,26.637592265341844,20.4220726710372,7.322825919565641,7.647749642780017,-1.233731066858514,-1.145284328724236,-0.08844673813427795,42.632907707744714,-122.27911651962205,-99.48716759954954,22.346948649560765,-9.92365882545716,0.6608124473913877,2.932723061196013,0.43919149245260414,23.526544237747782,22.983031463623046,22.43951868949831,-2.482379913330078,-4.684324829567797,-1.17356181756044,100.0,0.0,-100.0,-0.7608687539650097,-0.012552211373321631,1.019508099801087,0.9853862058321382,0.05043510807523159,0.01523933387995137,0.8824740338729298,0.02263374485596708,0.9063995968757873,0.6733014786960333,3.3095349490034622,0.839563862928349,-6923368.337757806,168202346.15450054,-166249601.2387227,-134561876.92360044,553869467.0206245,421260335.01280195,-132609132.0078226,421260335.01280195,23921125.218278576,32309052.242869765,1056878805.0984898,957954522.887835,23921125.218278576,24897497.676167496,23921125.218278576,23921125.218278576,23921125.218278576,23921125.218278576,24897497.676167496,23921125.218278576,0.0403863153035872,0.038611092652880076,28492323.543849435,26317675.7967332,39414897.225833006,26362048.418879516,39409942.84569828,39409942.84569828,1569696248.321512,1095401136.6188345,474295111.7026774,474295111.7026774,474295111.7026774,824857204.6510679,824857204.6510679,418109314.8077968,418109314.8077968,418553120.4704735,406703509.27700347,0.011521860711583287,0.0,22.532384872436523,2023-10-25,0,0,0,0,0,0,0,1,0,0,0,32.63075615702397,1
22.795898056030275,23.412674331665038,24.47484712600708,26.859684143066406,22.79779350383659,23.356399181443464,24.3072352475231,26.46874090108556,19.51989411234849,10.565756210326063,8.727786108372689,-1.2582143346337133,-1.1678703299061315,-0.09034400472758186,43.211969645364675,-124.91293934168927,-87.07482951541232,23.939348547192342,-8.094311918021358,0.7002221419002285,3.1355267189295954,1.2125481705151593,23.451463515744162,22.795898056030275,22.140332596316387,-1.9668121337890625,-5.005341138826315,-1.2445567326667977,100.0,0.0,-100.0,-0.08661462260041916,-0.008898409856080258,1.0556529568250483,0.9953191229637635,0.05043510807523159,0.01523933387995137,0.8824740338729298,0.02263374485596708,0.9063995968757873,0.6733014786960333,3.3095349490034622,0.839563862928349,-6985528.43281429,169712517.69465488,-167742240.4443739,-135770014.1557239,558842274.6251432,425042537.7197003,-133799736.90544294,425042537.7197003,24135896.31594168,32599132.686466686,1066367782.6861507,966555328.3480542,24135896.31594168,25121034.941082157,24135896.31594168,24135896.31594168,24135896.31594168,24135896.31594168,25121034.941082157,24135896.31594168,0.04074891585808336,0.03895775472146431,28748136.242735732,26553963.8503774,39768776.09500101,26598734.86334679,39763777.23294288,39763777.23294288,1583789456.0269785,1105235979.350784,478553476.67619437,478553476.67619437,478553476.67619437,832263022.130041,832263022.130041,421863226.7022015,421863226.7022015,422311016.9863562,410355016.3994241,0.011625307462083859,0.0,22.33188247680664,2023-10-26,0,0,0,0,0,0,0,1,0,0,0,33.82155520279652,1
22.44072570800781,23.123381042480467,24.249045753479002,26.67435802459717,22.308322983474067,22.98785059258993,24.02363017087795,26.267197412523345,15.7689179265736,10.623953089987737,9.504178406626414,-1.3430293097142183,-1.2029021258677488,-0.1401271838464695,44.12743608801592,-153.660873607693,-97.60477336642865,23.267306030061597,-11.943255265239827,0.7299971866526688,3.422495732000491,1.1170727684343937,23.69338540629397,22.44072570800781,21.188066009721652,-2.892932891845703,-5.410700563237793,-1.3335454525091706,100.0,7.142857142857143,-92.85714285714286,-0.5045037459619228,-0.04489099990109613,1.049955024511834,0.9755458744423191,0.05043510807523159,0.01523933387995137,0.8824740338729298,0.02263374485596708,0.9063995968757873,0.6733014786960333,3.3095349490034622,0.839563862928349,-7313854.682649751,177689161.84129846,-175626279.7513203,-142151329.47303876,585108374.6119801,445019927.2289195,-140088447.38306063,445019927.2289195,25270305.602232154,34131321.85236551,1116488047.5168025,1011984316.1858647,25270305.602232154,26301746.647221223,25270305.602232154,25270305.602232154,25270305.602232154,25270305.602232154,26301746.647221223,25270305.602232154,0.04266415231545689,0.040788804960931305,30099325.040135518,27802024.530841682,41637945.08363219,27848899.82252541,41632711.27046782,41632711.27046782,1658229014.5553787,1157183085.1100075,501045929.4453711,501045929.4453711,501045929.4453711,871380148.2803096,871380148.2803096,441691185.6746366,441691185.6746366,442160022.513268,429642078.9218098,0.012171707586128943,0.0,21.329381942749023,2023-10-27,0,0,0,0,0,0,0,1,0,0,0,36.86858827698652,1
22.100830459594725,22.82740478515625,24.02563133239746,26.49379684448242,22.03611251876787,22.715821682910935,23.782493163113905,26.0799226743599,18.499599107676524,16.929524012298774,12.706411104204124,-1.3812268333703486,-1.2385670673682687,-0.14265976600207986,45.09966924221516,-150.87200037810305,-90.21526766357941,29.81302129890774,-12.104648474321046,0.7153629833955274,3.3285559697396576,0.5251183410526892,23.274305257941087,22.100830459594725,20.927355661248363,-2.9597625732421875,-5.580428125081075,-1.3640245657700767,100.0,0.0,-100.0,0.16363686805984928,0.007609674159434476,1.0249886066034124,1.0040142797627845,0.05043510807523159,0.01523933387995137,0.8824740338729298,0.02263374485596708,0.9063995968757873,0.6733014786960333,3.3095349490034622,0.839563862928349,-7258618.957535413,176347216.9811488,-174299914.19825423,-141077773.58491907,580689516.602833,441659045.8008086,-139030470.80202445,441659045.8008086,25079459.090458896,33873555.13516526,1108056101.633002,1004341603.8359096,25079459.090458896,26103110.481906198,25079459.090458896,25079459.090458896,25079459.090458896,25079459.090458896,26103110.481906198,25079459.090458896,0.04234194391895658,0.04048075957087057,29872008.786780354,27592057.960375,41323486.81384713,27638579.240277193,41318292.52750927,41318292.52750927,1645705730.1863463,1148443801.9864683,497261928.199878,497261928.199878,497261928.199878,864799307.3381615,864799307.3381615,438355443.58295596,438355443.58295596,438820739.6699774,426397334.1465034,0.012079784363208694,0.0,21.49169158935547,2023-10-30,0,0,0,0,0,0,0,1,0,0,0,34.49401464487059,1
21.781940078735353,22.487509727478027,23.806990814208984,26.312255783081056,21.76552818328828,22.444646742805148,23.538861386848687,25.889508432711633,17.493662123887948,12.975823783125039,13.509766961803782,-1.416738827184286,-1.2742014193314721,-0.14253740785281388,46.05568820601524,-136.81477366944236,-92.84065920362832,32.747928143167385,-13.803792278460868,0.7045018986345598,3.319308166756782,0.5633077967419808,22.86473393526007,21.781940078735353,20.699146222210636,-3.3989505767822266,-5.857160265155965,-1.4203312824933931,100.0,0.0,-100.0,-0.19298363025525095,-0.012438856937569964,1.0260036356222761,0.9950760694001688,0.05043510807523159,0.01523933387995137,0.8824740338729298,0.02263374485596708,0.9063995968757873,0.6733014786960333,3.3095349490034622,0.839563862928349,-7350045.117233363,178568403.809708,-176495314.16125757,-142854723.0477664,588003609.378669,447221975.97935313,-140781633.39931595,447221975.97935313,25395348.193517838,34300210.547089025,1122012656.54997,1016991819.586424,25395348.193517838,26431893.017743055,25395348.193517838,25395348.193517838,25395348.193517838,25395348.193517838,26431893.017743055,25395348.193517838,0.042875263183861284,0.04099063623072453,30248262.597844996,27939594.580252465,41843978.07076823,27986701.820375267,41838718.35963607,41838718.35963607,1666434267.6373515,1162909061.4330378,503525206.2043138,503525206.2043138,503525206.2043138,875691913.7749954,875691913.7749954,443876763.13753533,443876763.13753533,444347919.87581956,431768034.9636317,0.012231935660964997,0.0,21.2243595123291,2023-10-31,0,0,0,0,0,0,0,1,0,0,0,36.73117039612133,1
21.520335006713868,22.251683235168457,23.569732475280762,26.138688774108886,21.585138626301887,22.222776337264047,23.318432636894443,25.706561416226045,17.493662123887948,16.429927862099767,15.445091885841125,-1.4284164425406836,-1.3050444239733143,-0.12337201856736923,46.94966440141029,-114.15343625378401,-92.11822578196345,35.373121244252324,-10.000010514322655,0.6923707792655537,3.262151580420411,0.5346662274684739,22.355126382215083,21.520335006713868,20.685543631212653,-2.358264923095703,-6.352099012230555,-1.530251258458847,100.0,0.0,-100.0,0.26785671710927883,0.0,1.0255590812342485,1.0067934610076348,0.05043510807523159,0.01523933387995137,0.8824740338729298,0.02263374485596708,0.9063995968757873,0.6733014786960333,3.3095349490034622,0.839563862928349,-7350045.117233363,178568403.809708,-176495314.16125757,-142854723.0477664,588003609.378669,447221975.97935313,-140781633.39931595,447221975.97935313,25395348.193517838,34300210.547089025,1122012656.54997,1016991819.586424,25395348.193517838,26431893.017743055,25395348.193517838,25395348.193517838,25395348.193517838,25395348.193517838,26431893.017743055,25395348.193517838,0.042875263183861284,0.04099063623072453,30248262.597844996,27939594.580252465,41843978.07076823,27986701.820375267,41838718.35963607,41838718.35963607,1666434267.6373515,1162909061.4330378,503525206.2043138,503525206.2043138,503525206.2043138,875691913.7749954,875691913.7749954,443876763.13753533,443876763.13753533,444347919.87581956,431768034.9636317,0.012231935660964997,0.0,21.2243595123291,2023-11-01,0,0,0,0,0,0,0,1,0,0,0,36.64063937154179,1
21.476416015625,22.136157035827637,23.37114191055298,25.981551399230955,21.76085492465536,22.20268746164555,23.20356167351043,25.565609498780407,31.782592464141263,38.99760365655112,22.80111843392524,-1.3504554573552632,-1.3141266306497041,-0.036328826705559036,46.209086744775654,-57.37095363727375,-69.2118151529222,44.778718847223125,-4.965121026925634,0.7077031297373083,3.2004971401245053,0.9070236858701186,22.141697847787928,21.476416015625,20.81113418346207,-1.1552619934082031,-6.701616238922314,-1.605469202383972,92.85714285714286,14.285714285714286,-78.57142857142857,0.7972977501011634,0.04183532645672594,1.0329768161099218,1.026140902107464,0.05043510807523159,0.01523933387995137,0.8824740338729298,0.02263374485596708,0.9063995968757873,0.6733014786960333,3.3095349490034622,0.839563862928349,-7054901.029542559,171397916.0382455,-169408072.1581181,-137118332.8305964,564392082.3634048,429263593.4129357,-135128488.95046902,429263593.4129357,24375587.531560507,32922871.471198607,1076957776.3944006,976154094.376129,24375587.531560507,25370509.471624203,24375587.531560507,24375587.531560507,24375587.531560507,24375587.531560507,25370509.471624203,24375587.531560507,0.041153589338998264,0.03934464035706427,29033631.16004053,26817668.657171395,40163715.9042008,26862884.28667305,40158667.398934565,40158667.398934565,1599517913.550582,1116211969.3023682,483305944.24821365,483305944.24821365,483305944.24821365,840528144.4556282,840528144.4556282,426052708.9700029,426052708.9700029,426504946.21548635,414430211.761077,0.011740757248619817,0.0,22.112287521362305,2023-11-02,0,0,0,0,0,0,0,1,0,0,0,29.850506421562212,1
21.736112213134767,22.08841896057129,23.20978727340698,25.841370544433595,22.049857593202855,22.279992092309605,23.1487332217759,25.450403750996777,38.448373788723714,63.62816087389363,39.68523079751477,-1.2328565849746163,-1.2978726215146865,0.06501603654007027,44.176796143178976,1.402168597285618,-55.91120755054182,48.92404099119211,-2.0661143380088287,0.7103470560975885,3.1392582599855716,0.744718098781231,22.838926902545413,21.736112213134767,20.63329752372412,-0.47738075256347656,-6.529401109099663,-1.5557726713327256,85.71428571428572,7.142857142857143,-78.57142857142857,0.21818289007799335,0.023316240277603928,1.0235143719008644,1.005089094131538,0.05043510807523159,0.01523933387995137,0.8824740338729298,0.02263374485596708,0.9063995968757873,0.6733014786960333,3.3095349490034622,0.839563862928349,-6894155.24924017,167492617.91423234,-165548112.58752358,-133994094.33138588,551532419.9392136,419482830.9345365,-132049589.00467712,419482830.9345365,23820190.252182383,32172724.49645413,1052419314.7782398,953912442.659289,23820190.252182383,24792442.91553677,23820190.252182383,23820190.252182383,23820190.252182383,23820190.252182383,24792442.91553677,23820190.252182383,0.04021590562056766,0.038448173505377874,28372100.448796086,26206628.6076886,39248586.43238696,26250813.999967124,39243652.957213275,39243652.957213275,1563072929.5536897,1090779101.6778584,472293827.8758314,472293827.8758314,472293827.8758314,821376727.3229346,821376727.3229346,416345106.43007463,416345106.43007463,416787039.4588721,404987427.58998024,0.011473244327124914,0.0,22.62786293029785,2023-11-03,0,0,0,0,0,0,0,1,0,0,0,28.122984103280675,1
21.930884170532227,22.015857315063478,23.068005084991455,25.69794345855713,22.188422187582827,22.313730143952,23.0836682841156,25.33335071669662,37.215491717552815,84.69675113249879,62.44083855431444,-1.139618998838337,-1.2662218969794166,0.1266028981410796,42.44601625501502,7.582800159818503,-55.12465500669966,48.52364200906302,-3.1288482768643155,0.7100739584150842,3.1607234851258705,0.7065236885425286,23.131853703376652,21.930884170532227,20.729914637687802,-0.725616455078125,-6.298683930110957,-1.4926113104208945,78.57142857142857,0.0,-78.57142857142857,-0.4864848842574127,-0.007173083664818836,1.0318279471448673,0.9849309873503421,0.05043510807523159,0.01523933387995137,0.8824740338729298,0.02263374485596708,0.9063995968757873,0.6733014786960333,3.3095349490034622,0.839563862928349,-6943964.890364318,168702736.7594921,-166744182.55964574,-134962189.40759367,555517191.2291454,422513556.0213981,-133003635.20774733,422513556.0213981,23992288.94811774,32405169.488366816,1060022948.0713837,960804372.8109859,23992288.94811774,24971566.04804091,23992288.94811774,23992288.94811774,23992288.94811774,23992288.94811774,24971566.04804091,23992288.94811774,0.040506461860458524,0.03872595804241639,28577086.27957623,26395969.10247462,39532153.87961593,26440473.730171088,39527184.76053535,39527184.76053535,1574365988.5083048,1098659880.922898,475706107.58540684,475706107.58540684,475706107.58540684,827311099.053277,827311099.053277,419353161.7443733,419353161.7443733,419798287.6988839,407913424.71345264,0.011556137468025206,0.0,22.465551376342773,2023-11-06,0,0,0,0,0,0,0,1,0,0,0,29.861104448737986,1
22.184851455688477,21.983395767211913,22.920494651794435,25.557557411193848,22.290346771092,22.346542106526247,23.027528060686528,25.222011313614807,37.5957991538647,81.79636000702807,76.70709067114008,-1.0512974606265928,-1.2232370097088519,0.17193954908225906,40.83886350171991,9.973974120403527,-46.60180341824553,57.349716761851525,-1.4225783831979366,0.6893612370655247,3.064618264027779,0.4200958595212505,23.204088785742897,22.184851455688477,21.165614125634058,-0.324615478515625,-5.984717847103113,-1.4102325683984986,71.42857142857143,0.0,-71.42857142857143,-0.09091106130817704,0.001275043789833008,1.0189247541530158,0.9983050459796284,0.05043510807523159,0.01523933387995137,0.8824740338729298,0.02263374485596708,0.9063995968757873,0.6733014786960333,3.3095349490034622,0.839563862928349,-6935122.305736656,168487907.29962775,-166531847.1621123,-134790325.8397022,554809784.4589325,421975518.7567458,-132834265.70218673,421975518.7567458,23961736.684564475,32363904.09343773,1058673093.5180304,959580865.1879855,23961736.684564475,24939766.753322206,23961736.684564475,23961736.684564475,23961736.684564475,23961736.684564475,24939766.753322206,23961736.684564475,0.04045488011679717,0.03867664362814674,28540695.64283932,26362355.94424255,39481812.83934378,26406803.898850523,39476850.04803943,39476850.04803943,1572361159.1769218,1097260825.3217447,475100333.8551772,475100333.8551772,475100333.8551772,826257584.4514198,826257584.4514198,418819148.9893913,418819148.9893913,419263708.1115539,407393979.5498123,0.0115414216500245,0.0,22.49419593811035,2023-11-07,0,0,0,0,0,0,0,1,0,0,0,27.048018317306482,1
22.520927810668944,22.020631408691408,22.814993476867677,25.411712455749512,22.49514494313848,22.448032866654465,23.015834082262234,25.131137979246834,42.93139824271612,79.74076475294073,82.07795863082247,-0.9373690200963161,-1.1660634117863447,0.2286943916900286,38.287091484626316,65.64206355108372,-32.68601180484368,55.813342373751986,1.652538854200114,0.6926329051866386,3.0239717467263256,0.7351645907611193,23.03436012997654,22.520927810668944,22.007495491361347,0.3723564147949219,-5.67147175282283,-1.3305465013552933,64.28571428571429,14.285714285714286,-50.0,0.4492742405855887,0.018251168001321316,1.0291878406037418,1.013091193494395,0.05043510807523159,0.01523933387995137,0.8824740338729298,0.02263374485596708,0.9063995968757873,0.6733014786960333,3.3095349490034622,0.839563862928349,-6810816.941510895,165467924.41234803,-163546924.7621783,-132374339.52987842,544865355.3208716,414412015.44116294,-130453339.87970869,414412015.44116294,23532245.71457931,31783812.393717512,1039697401.5714132,942381305.6571325,23532245.71457931,24492745.539664183,23532245.71457931,23532245.71457931,23532245.71457931,23532245.71457931,24492745.539664183,23532245.71457931,0.03972976549214689,0.037983402173810764,28029131.259294838,25889836.194333084,38774139.505128995,25933487.462315638,38769265.66706202,38769265.66706202,1544178105.155762,1077593485.579307,466584619.57645476,466584619.57645476,466584619.57645476,811447715.8648814,811447715.8648814,411312220.5511163,411312220.5511163,411748811.38070035,400091836.2308067,0.01133455282224584,0.0,22.904741287231445,2023-11-08,0,0,0,0,0,0,0,1,0,0,0,30.13908854769312,1
22.557209396362303,22.01681270599365,22.714743518829344,25.257064056396484,22.427995112035354,22.419971518140763,22.94705897441146,25.019865723191238,37.75695463136064,56.865691934653,72.8009388982072,-0.8861709751420541,-1.1100849244574866,0.22391394931543251,36.35306164183658,35.715791537993034,-53.39794182117802,49.317049446463145,-0.17099779661298165,0.7072646180972806,3.1724871261875176,0.8974768859356281,22.96472069741114,22.557209396362303,22.149698095313468,-0.03818702697753906,-5.287234109755372,-1.2329280559833222,57.142857142857146,7.142857142857143,-50.0,-0.8617010699408117,-0.026677700906535873,1.0403260641610492,0.9664735318270647,0.05043510807523159,0.01523933387995137,0.8824740338729298,0.02263374485596708,0.9063995968757873,0.6733014786960333,3.3095349490034622,0.839563862928349,-6997493.993361063,170003219.4540925,-168029567.30211887,-136002575.563274,559799519.4688851,425770596.0575847,-134028923.41130036,425770596.0575847,24177238.861677006,32654971.969018295,1068194371.5250022,968210947.7352471,24177238.861677006,25164064.937663823,24177238.861677006,24177238.861677006,24177238.861677006,24177238.861677006,25164064.937663823,24177238.861677006,0.040818714961272866,0.039024485732205925,28797379.126524374,26599448.320917375,39836896.30992999,26644296.022468247,39831888.88528605,39831888.88528605,1586502340.0717144,1107129145.795755,479373194.2759595,479373194.2759595,479373194.2759595,833688611.2859533,833688611.2859533,422585839.1759909,422585839.1759909,423034396.4832576,411057916.3792358,0.011645220532605334,0.0,22.2936954498291,2023-11-09,0,0,0,0,0,0,0,1,0,0,0,32.45646913922682,1
22.454094314575194,22.09510326385498,22.609242153167724,25.099357032775877,22.32275924847767,22.364028973271953,22.86755693126392,24.90584304860971,36.355975752765616,40.120294881758596,58.90891718978404,-0.850431019968493,-1.058154143559688,0.20772312359119494,35.29720737804409,-19.731221249379487,-51.17188899615751,51.48941856939218,3.670549764239328,0.7024380915309679,3.1766866763664976,0.6396932461689033,22.9812616717886,22.454094314575194,21.926926957361786,0.7829055786132812,-4.813798750869165,-1.1151741957053183,50.0,0.0,-50.0,0.015873400322739532,-0.00813718519099027,1.027777740400772,1.0004319753367872,0.05043510807523159,0.01523933387995137,0.8824740338729298,0.02263374485596708,0.9063995968757873,0.6733014786960333,3.3095349490034622,0.839563862928349,-7054901.029542559,171397916.0382455,-169408072.1581181,-137118332.8305964,564392082.3634048,429263593.4129357,-135128488.95046902,429263593.4129357,24375587.531560507,32922871.471198607,1076957776.3944006,976154094.376129,24375587.531560507,25370509.471624203,24375587.531560507,24375587.531560507,24375587.531560507,24375587.531560507,25370509.471624203,24375587.531560507,0.041153589338998264,0.03934464035706427,29033631.16004053,26817668.657171395,40163715.9042008,26862884.28667305,40158667.398934565,40158667.398934565,1599517913.550582,1116211969.3023682,483305944.24821365,483305944.24821365,483305944.24821365,840528144.4556282,840528144.4556282,426052708.9700029,426052708.9700029,426504946.21548635,414430211.761077,0.011740757248619817,0.0,22.112287521362305,2023-11-10,0,0,0,0,0,0,0,1,0,0,0,40.450550050559784,1
22.370074844360353,22.15047950744629,22.48894214630127,24.943730773925783,22.23032417407463,22.30610625545315,22.789261416407218,24.793670930047313,35.82851992301393,22.49771367052354,39.82790016231164,-0.818069555974251,-1.0101372260426005,0.19206767006834946,34.42632676872991,-21.21505768566415,-51.239727824744605,49.800011772157816,2.5766349456985305,0.6979561273158021,3.16598663160125,0.6396905925186473,22.989068248553355,22.370074844360353,21.75108144016735,0.5537624359130859,-4.311632281580626,-0.9925239391815985,42.85714285714286,0.0,-42.85714285714286,0.5820885749829924,-0.0030224596179470042,1.0296722798298388,1.0171805892749202,0.05043510807523159,0.01523933387995137,0.8824740338729298,0.02263374485596708,0.9063995968757873,0.6733014786960333,3.3095349490034622,0.839563862928349,-7076288.826766389,171917529.8297732,-169921653.49401855,-137534023.86381856,566103106.1413112,430564958.6132472,-135538147.52806392,430564958.6132472,24449485.112994127,33022681.191576485,1080222705.901377,979113425.1650802,24449485.112994127,25447423.28087144,24449485.112994127,24449485.112994127,24449485.112994127,24449485.112994127,25447423.28087144,24449485.112994127,0.04127835148947061,0.0394639184569664,29121650.17169245,26898969.706874803,40285477.13202206,26944322.413099587,40280413.32159329,40280413.32159329,1604367048.1660285,1119595902.7067182,484771145.4593103,484771145.4593103,484771145.4593103,843076308.5530777,843076308.5530777,427344339.98055226,427344339.98055226,427797948.23867834,415686607.7467128,0.011776350793339461,0.0,22.045454025268555,2023-11-13,0,0,0,0,0,0,0,1,0,0,0,41.57353843390564,1
22.511378860473634,22.348115158081054,22.417812442779542,24.82018451690674,22.553788122275343,22.468762576039264,22.828447569004318,24.731202109993564,49.47418254996519,51.44099978885319,38.01966944704504,-0.6912347507385164,-0.9463567309817836,0.25512198024326727,31.995209165965555,109.92721212452247,-2.8455930994871954,56.429868075185865,9.311736852175013,0.7353947513307963,3.1697071363607816,1.2220968635257208,23.429492418918457,22.511378860473634,21.59326530202881,1.9763565063476598,-3.2948050596276577,-0.7557917741628799,35.714285714285715,100.0,64.28571428571429,0.7472495456955867,0.05240363805091253,1.0387895051267517,1.0287890928732593,0.05043510807523159,0.01523933387995137,0.8824740338729298,0.02263374485596708,0.9063995968757873,0.6733014786960333,3.3095349490034622,0.839563862928349,-6723930.411217428,163357027.298167,-161460534.1052595,-130685621.8385336,537914432.8973942,409125304.2517681,-128789128.64562611,409125304.2517681,23232041.613116626,31378341.919014663,1026433838.5431527,930359217.4751806,23232041.613116626,24180288.209570367,23232041.613116626,23232041.613116626,23232041.613116626,23232041.613116626,24180288.209570367,23232041.613116626,0.03922292739876833,0.037498842677943345,27671559.769240953,25559555.98623035,38279492.4641577,25602650.38897185,38274680.80231459,38274680.80231459,1524478812.2714694,1063846476.9850549,460632335.28641444,460632335.28641444,460632335.28641444,801095965.5313276,801095965.5313276,406065053.8723038,406065053.8723038,406496075.05251,394987809.5410033,0.01118995636992444,0.0,23.20071601867676,2023-11-14,0,0,0,0,0,0,0,1,0,0,0,35.766138980423705,1
22.69278335571289,22.606855583190917,22.42926940917969,24.724135437011718,22.973113335992807,22.712944610109894,22.922096730377977,24.695145704245885,54.93291024779068,73.59291559945589,49.17720968627748,-0.5352408837988918,-0.8641335615452053,0.3288926777463135,30.527118383323028,161.7683250511426,-3.5031459363562027,61.27718774005252,12.190729475702788,0.734014434942895,3.0825706244837723,0.716070321900176,24.085735494253637,22.69278335571289,21.299831217172144,2.587404251098633,-2.1841948102744464,-0.4996585479149438,28.571428571428573,100.0,71.42857142857143,0.772727798167787,0.026337452010492868,1.027060265023714,1.020875981273475,0.05043510807523159,0.01523933387995137,0.8824740338729298,0.02263374485596708,0.9063995968757873,0.6733014786960333,3.3095349490034622,0.839563862928349,-6551383.658509117,159165026.06249714,-157317199.90240481,-127332020.8499977,524110692.6807293,398626497.9908239,-125484194.68990539,398626497.9908239,22635870.461130857,30573123.73970921,1000093913.1008724,906484719.6725595,22635870.461130857,23559783.541177016,22635870.461130857,22635870.461130857,22635870.461130857,22635870.461130857,23559783.541177016,22635870.461130857,0.038216404674636516,0.03653656271091622,26961463.517710596,24903657.112153243,37297179.781534806,24945645.643953465,37292491.59459036,37292491.59459036,1485358260.3705702,1036546483.7136027,448811776.65696746,448811776.65696746,448811776.65696746,780538568.442631,780538568.442631,395644778.5052204,395644778.5052204,396064738.9961505,384851793.8883176,0.010902804285281053,0.0,23.811763763427734,2023-11-15,0,0,0,0,0,0,0,1,0,0,0,31.233247854772205,1
22.87227783203125,22.714743614196777,22.425450325012207,24.62598587036133,23.04579816780217,22.799894286711893,22.947722549524922,24.636166179821377,49.127639948697286,86.67864440367141,70.57085326399344,-0.45643008366384663,-0.7825928659689335,0.3261627823050869,28.88062599250091,113.79087169936794,-24.92112437689831,56.671638671956316,4.879098596272802,0.7429623582213996,3.2036435750975247,0.8592853608419588,24.24440586372258,22.87227783203125,21.500149800339923,1.0788803100585938,-1.1646934085701122,-0.26561951025938413,21.42857142857143,100.0,78.57142857142857,-0.6666652538152272,-0.026062577227479622,1.0372208274264425,0.9758939940203201,0.05043510807523159,0.01523933387995137,0.8824740338729298,0.02263374485596708,0.9063995968757873,0.6733014786960333,3.3095349490034622,0.839563862928349,-6726698.764546091,163424284.08736977,-161527010.07685676,-130739427.26989582,538135901.1636872,409293747.90430444,-128842153.25938281,409293747.90430444,23241606.62878425,31391260.90121509,1026856438.326286,930742261.7482524,23241606.62878425,24190243.63404075,23241606.62878425,23241606.62878425,23241606.62878425,23241606.62878425,24190243.63404075,23241606.62878425,0.03923907612651886,0.03751428157150705,27682952.607939683,25570079.278050203,38295252.764146216,25613191.423469868,38290439.121262364,38290439.121262364,1525106465.405325,1064284480.1700424,460821985.23528254,460821985.23528254,460821985.23528254,801425789.9862413,801425789.9862413,406232237.5691585,406232237.5691585,406663436.20791143,395150432.5532075,0.011194563459984829,0.0,23.1911678314209,2023-11-16,0,0,0,0,0,0,0,1,0,0,0,39.798505631823275,1
23.187349700927733,22.820722007751463,22.454570484161376,24.535856323242186,23.259747733816358,22.961303846554227,23.01819153203157,24.598969343979157,53.372905524651614,84.38226217143476,81.55127405818729,-0.34987708270755036,-0.6960497093166569,0.3461726266091065,27.35174020102323,113.23505530369243,-8.517231951812976,59.34879040358363,4.68353524507108,0.731494008044405,3.088082206676037,0.5824054557434764,24.43452543684748,23.187349700927733,21.940173965007986,1.059783935546875,-0.16171972267375137,-0.03684372779650502,14.285714285714286,92.85714285714286,78.57142857142857,0.5245891387547812,0.02140810838129359,1.0251650419187865,1.0130665454395635,0.05043510807523159,0.01523933387995137,0.8824740338729298,0.02263374485596708,0.9063995968757873,0.6733014786960333,3.3095349490034622,0.839563862928349,-6585711.146552796,159999007.9835583,-158141499.71145365,-127999206.38684663,526856891.7242236,400715193.60948163,-126141698.114742,400715193.60948163,22754476.333281774,30733318.683913045,1005334136.1795402,911234455.7586031,22754476.333281774,23683230.469334092,22754476.333281774,22754476.333281774,22754476.333281774,22754476.333281774,23683230.469334092,22754476.333281774,0.03841664835489131,0.03672800447115982,27102734.33389035,25034145.57631928,37492606.9706219,25076354.116731185,37487894.21883899,37487894.21883899,1493141138.0924733,1041977708.4565134,451163429.63595974,451163429.63595974,451163429.63595974,784628380.575835,784628380.575835,397717850.7158582,397717850.7158582,398140011.6867911,386868313.7628834,0.010959932046873743,0.0,23.687646865844727,2023-11-17,0,0,0,0,0,0,0,1,0,0,0,38.733869768371406,1
23.576892852783203,22.973483848571778,22.494670581817626,24.454128761291503,23.504221750726206,23.148915835279986,23.1110466036996,24.575212498511185,55.81640148992174,84.16217884450435,85.07436180653677,-0.2380359849370528,-0.6044469644407361,0.3664109795036833,26.38004527233756,127.04971400407194,-2.7190377212659493,67.75990348294106,6.799826020792765,0.7269824610314704,3.029955889778777,0.66833234986332,24.2286658700948,23.576892852783203,22.925119835471605,1.527618408203125,0.5651696679981421,0.1287097319578514,7.142857142857143,100.0,92.85714285714286,0.5285707668371452,0.012897985200113204,1.0285480767749815,1.014943413912136,0.05043510807523159,0.01523933387995137,0.8824740338729298,0.02263374485596708,0.9063995968757873,0.6733014786960333,3.3095349490034622,0.839563862928349,-6501850.376621777,157961621.32946497,-156127766.0950332,-126369297.06357197,520148030.1297422,395612588.300602,-124535441.8291402,395612588.300602,22464726.621789347,30341968.42423496,992532467.1081475,899631028.0729556,22464726.621789347,23381654.239005238,22464726.621789347,22464726.621789347,22464726.621789347,22464726.621789347,23381654.239005238,22464726.621789347,0.0379274605302937,0.03626031940808299,26757615.01148193,24715367.136773806,37015185.65387873,24757038.204372555,37010532.91307781,37010532.91307781,1474127858.786767,1028709429.46012,445418429.32664704,445418429.32664704,445418429.32664704,774637122.4352074,774637122.4352074,392653412.808678,392653412.808678,393070198.08923066,381942031.09847414,0.01082037106106835,0.0,23.9931697845459,2023-11-20,0,0,0,0,0,0,0,1,0,0,0,35.846254462975814,1
23.639907836914062,23.07564334869385,22.52951955795288,24.36533592224121,23.508078146927822,23.21562039965291,23.14959368328355,24.533666555013927,51.29328430971335,75.78536455467842,81.44326852353912,-0.18578003576149982,-0.5207135787048889,0.33493354294338906,25.46176176939409,90.87543220368643,-21.222941210013587,63.87445782780448,4.54159376948382,0.7173372340543027,3.0504491041997186,0.5919492833511235,24.186446087947555,23.639907836914062,23.09336958588057,1.0215950012207031,1.0497597586553453,0.2386907797593345,0.0,92.85714285714286,92.85714285714286,-0.5614066201764162,-0.019896447593278244,1.0232558012852462,0.9871742848742442,0.05043510807523159,0.01523933387995137,0.8824740338729298,0.02263374485596708,0.9063995968757873,0.6733014786960333,3.3095349490034622,0.839563862928349,-6633840.231122486,161168297.9227835,-159297214.780672,-128934638.3382268,530707218.4897989,403643663.2936836,-127063555.19611531,403643663.2936836,22920768.490865514,30957921.078571603,1012681226.0509673,917893855.0562748,22920768.490865514,23856310.06192125,22920768.490865514,22920768.490865514,22920768.490865514,22920768.490865514,23856310.06192125,22920768.490865514,0.038697401348214505,0.03699641667356771,27300804.028081004,25217097.80163868,37766606.97023801,25259614.806598432,37761859.77715877,37761859.77715877,1504053173.9395592,1049592593.4908026,454460580.4487565,454460580.4487565,454460580.4487565,790362529.0746317,790362529.0746317,400624415.49618554,400624415.49618554,401049661.66484725,389695588.9615799,0.011040028407710668,0.0,23.515790939331055,2023-11-21,0,0,0,0,0,0,0,1,0,0,0,38.318006249793676,1
23.595988464355468,23.14438591003418,22.582508659362794,24.287427253723145,23.536107731496806,23.28408339983143,23.191743513507475,24.496744999940233,51.9639734658582,61.1516724843353,73.6997386278393,-0.13662894435743667,-0.44389665183539845,0.3072677074779618,24.94356947103548,89.70573258465923,-23.1047401028069,57.68466493800533,3.0012371883306965,0.7240665760059404,3.0690973790392215,0.8115480213772308,24.114818113387106,23.595988464355468,23.07715881532383,0.6874256134033239,1.6399453194449864,0.37223476018661117,0.0,100.0,100.0,-0.4588248493756202,0.0032478584922259746,1.0346938931212133,0.9844620999573774,0.05043510807523159,0.01523933387995137,0.8824740338729298,0.02263374485596708,0.9063995968757873,0.6733014786960333,3.3095349490034622,0.839563862928349,-6612364.2078762455,160646540.69135237,-158781514.88913086,-128517232.5530819,528989136.63009965,402336929.87923926,-126652206.7508604,402336929.87923926,22846566.077213436,30857699.636755813,1009402828.5023391,914922316.8397998,22846566.077213436,23779078.97832419,22846566.077213436,22846566.077213436,22846566.077213436,22846566.077213436,23779078.97832419,22846566.077213436,0.03857212454594477,0.036876646543925216,27212421.93241378,25135461.37993983,37644343.46961595,25177840.74272626,37639611.64483401,37639611.64483401,1499184036.3357368,1046194701.1461633,452989335.1895733,452989335.1895733,452989335.1895733,787803853.638384,787803853.638384,399327456.42565453,399327456.42565453,399751325.92615944,388434010.2626789,0.011004288037357637,0.0,23.59216690063477,2023-11-22,0,0,0,0,0,0,0,1,0,0,0,40.63902841680348,1
23.706741714477538,23.289509773254395,22.653161239624023,24.209709663391113,23.605716515008286,23.367874432958672,23.24442832955736,24.467262218845764,53.34774112193502,48.44189434698603,61.792977128666514,-0.08437667372310997,-0.37199265621294075,0.2876159824898308,24.46239090827391,73.64333972535378,-17.328367536119867,52.75940178888241,6.509636930620544,0.6914428235724224,2.9119593307090503,0.26733404193668875,24.033487971998422,23.706741714477538,23.379995456956653,1.4512386322021484,2.0710679615155563,0.4702202601310539,42.85714285714286,92.85714285714286,50.0,0.17857507782644239,0.006475334887206641,1.0113544480283074,1.002014550565027,0.05043510807523159,0.01523933387995137,0.8824740338729298,0.02263374485596708,0.9063995968757873,0.6733014786960333,3.3095349490034622,0.839563862928349,-6569822.4076373195,159612993.10862464,-157759966.27570128,-127690394.4868997,525585792.6109856,399748424.95700926,-125837367.65397635,399748424.95700926,22699578.703310996,30659171.235640828,1002908659.0735586,909036004.2875099,22699578.703310996,23626092.11977267,22699578.703310996,22699578.703310996,22699578.703310996,22699578.703310996,23626092.11977267,22699578.703310996,0.03832396404455103,0.0366393941964389,27037346.062199738,24973747.998262376,37402152.009849966,25015854.70601511,37397450.62808936,37397450.62808936,1489538773.9469512,1039463824.7775918,450074949.1693592,450074949.1693592,450074949.1693592,782735379.9253027,782735379.9253027,396758313.4766102,396758313.4766102,397179455.9386382,385934952.20248973,0.010933490027940786,0.0,23.74493408203125,2023-11-24,0,0,0,0,0,0,0,1,0,0,0,38.52056488200351,1
23.636088943481447,23.41171932220459,22.753411293029785,24.109459648132326,23.51527201362694,23.36178508348696,23.252995442062776,24.422835583238648,49.24233134298964,37.90222225785937,49.16526302972684,-0.07522724031382921,-0.31263957303311846,0.23741233271928924,23.396736480502934,35.876503443081575,-32.85196313456324,47.191200137586094,5.526770978901685,0.6795628582179694,2.9122812370979414,0.5251233086100804,24.080414244736875,23.636088943481447,23.191763642226018,1.2220954895019496,2.2171902858377415,0.5034532180199243,35.714285714285715,85.71428571428572,50.0,-0.6153834867769594,-0.017290048889951448,1.0213815980381915,0.9870759413624337,0.05043510807523159,0.01523933387995137,0.8824740338729298,0.02263374485596708,0.9063995968757873,0.6733014786960333,3.3095349490034622,0.839563862928349,-6685413.5344983395,162421264.71633786,-160535635.25788963,-129937011.77307029,534833082.7598672,406781700.44524515,-128051382.31462204,406781700.44524515,23098960.865991056,31198596.494325586,1020554089.1701504,925029815.0137607,23098960.865991056,24041775.595215183,23098960.865991056,23098960.865991056,23098960.865991056,23098960.865991056,24041775.595215183,23098960.865991056,0.03899824561790698,0.037284037019317665,27513048.00735855,25413142.47408664,38060214.98775023,25455990.01796789,38055430.88868286,38055430.88868286,1515746098.0876396,1057752415.7595385,457993682.328101,457993682.328101,457993682.328101,796507025.3345265,796507025.3345265,403738980.1827491,403738980.1827491,404167532.3323964,392725189.9368127,0.011125856633069142,0.0,23.334383010864254,2023-11-27,0,0,0,0,0,0,0,1,0,0,0,39.06398242855103,1
23.57689323425293,23.576893043518066,22.863686275482177,24.028113899230956,23.575911755219067,23.42276802074448,23.295299803619017,24.394378942264712,52.706035712443835,40.501638515817824,42.28191837355434,-0.03825962344801326,-0.25776358311609743,0.21950395966808417,22.229673844272043,41.16420672768388,-19.1336011580734,56.340405182498145,7.49241640132039,0.6746690029551429,2.8470420657355553,0.6110488845383983,23.867392556254483,23.57689323425293,23.286393912251373,1.6517372131347656,2.6293667611785323,0.5976439867264176,28.571428571428573,78.57142857142857,50.0,0.6249981373586231,0.01554822458216032,1.0264244969092209,1.0163800007076402,0.05043510807523159,0.01523933387995137,0.8824740338729298,0.02263374485596708,0.9063995968757873,0.6733014786960333,3.3095349490034622,0.839563862928349,-6583058.660014892,159934566.16318232,-158077806.0283063,-127947652.93054585,526644692.80119133,400553800.0055215,-126090892.79566985,400553800.0055215,22745311.65223094,30720940.41340283,1004929223.907658,910867443.438599,22745311.65223094,23673691.71966894,22745311.65223094,22745311.65223094,22745311.65223094,22745311.65223094,23673691.71966894,22745311.65223094,0.03840117551675354,0.03671321175777536,27091818.331599746,25024062.726851482,37477506.30297228,25066254.267188113,37472795.44931554,37472795.44931554,1492539754.782479,1041558037.4774843,450981717.3049946,450981717.3049946,450981717.3049946,784312360.6092101,784312360.6092101,397557664.3333352,397557664.3333352,397979655.27307975,386712497.18190044,0.010955517782177987,0.0,23.69719123840332,2023-11-28,0,0,0,0,0,0,0,1,0,0,0,38.434789075762346,1
23.710559463500978,23.67523365020752,23.011674404144287,23.95975296020508,23.778648532003142,23.561196032531175,23.379949544757327,24.38613357533556,56.95191668318832,47.09988311465679,41.83458129611126,0.029983102627753055,-0.20021424596732731,0.23019734859508037,22.2427836871215,113.12439890994108,-11.00323576408641,54.17672646554914,4.2386884357486165,0.684446222903188,2.830147071212239,0.8115500822277752,24.26275320002873,23.710559463500978,23.158365726973226,0.9834060668945277,3.2155382090895253,0.7321063188406143,21.42857142857143,100.0,78.57142857142857,0.41791142501700845,0.020548040578701743,1.026800003051758,1.0111776724620118,0.05043510807523159,0.01523933387995137,0.8824740338729298,0.02263374485596708,0.9063995968757873,0.6733014786960333,3.3095349490034622,0.839563862928349,-6450513.251960161,156714392.46749365,-154895016.9348895,-125371513.97399493,516041060.15681285,392488921.7154221,-123552138.44139077,392488921.7154221,22287350.27440081,30102395.175814085,984695657.5780722,892527747.074103,22287350.27440081,23197038.040702887,22287350.27440081,22287350.27440081,22287350.27440081,22287350.27440081,23197038.040702887,22287350.27440081,0.037627993969767605,0.035974016212854745,26546342.99845143,24520220.246233176,36722922.20728841,24561562.288605534,36718306.20346553,36718306.20346553,1462488482.106275,1020586974.9030813,441901507.20319384,441901507.20319384,441901507.20319384,768520764.7495612,768520764.7495612,389553111.19690174,389553111.19690174,389966605.63613,378926304.10873663,0.010734935884023314,0.0,24.18412208557129,2023-11-29,0,0,0,0,0,0,0,1,0,0,0,37.117168771977006,1
23.87477912902832,23.735383796691895,23.171119689941406,23.903422012329102,23.990187430759256,23.71611770448396,23.478360562234865,24.387197561725205,58.825259366686275,74.25085140265651,53.95079101104364,0.10138716318596153,-0.13989396413666955,0.24128112732263107,22.254957112624567,119.66380946289738,-3.236240618560212,55.98556888746805,2.526068504709378,0.6730657939823926,2.7569675243725977,0.5251202180120522,24.63692636073396,23.87477912902832,23.11263189732268,0.60150146484375,3.8025983786103037,0.8680987724891089,14.285714285714286,92.85714285714286,78.57142857142857,0.18181849708176484,0.009474941529380887,1.0219386179140135,1.0039262027548346,0.05043510807523159,0.01523933387995137,0.8824740338729298,0.02263374485596708,0.9063995968757873,0.6733014786960333,3.3095349490034622,0.839563862928349,-6389968.672414458,155243469.6695564,-153441170.81323436,-124194775.73564512,511197493.7931567,388805016.9138336,-122392476.8793231,388805016.9138336,22078160.989944827,29819853.804600805,975453294.6466533,884150473.0388851,22078160.989944827,22979310.41810584,22078160.989944827,22078160.989944827,22078160.989944827,22078160.989944827,22979310.41810584,22078160.989944827,0.03727481725575101,0.03563636375000371,26297178.76724412,24290073.22270368,36378240.50555651,24331027.228267923,36373667.827589996,36373667.827589996,1448761551.1194038,1011007735.7213696,437753815.3980341,437753815.3980341,437753815.3980341,761307421.4454815,761307421.4454815,385896761.9411321,385896761.9411321,386306375.31756896,375369698.1667057,0.010634177672364612,0.0,24.413265228271484,2023-11-30,0,0,0,0,0,0,0,1,0,0,0,35.633460530195435,1
24.22231254577637,23.964527130126953,23.339635372161865,23.873060607910155,24.48765867576333,24.037296515627148,23.669240619714543,24.430154565805452,66.2143035777937,89.88507616450575,70.41193689393963,0.24147825791747835,-0.06361951972583996,0.3050977776433183,23.385658626845174,225.91846337026402,-0.0,66.32780100129942,9.88062934565117,0.7034165272479918,2.7603796122384425,1.0979760597007804,25.689396753399187,24.22231254577637,22.75522833815355,2.291433334350586,4.118048885661102,0.9447860106443748,7.142857142857143,100.0,92.85714285714286,0.9391306799617203,0.04380143039046125,1.0450273914372148,1.042171022958489,0.05043510807523159,0.01523933387995137,0.8824740338729298,0.02263374485596708,0.9063995968757873,0.6733014786960333,3.3095349490034622,0.839563862928349,-6121824.023582841,148728929.80371135,-147002261.48936746,-118983143.84296907,489745921.8866273,372489446.3580021,-117256475.5286252,372489446.3580021,21151686.85071251,28568512.11005326,934519982.6769346,847048535.5707413,21151686.85071251,22015021.00788445,21151686.85071251,21151686.85071251,21151686.85071251,21151686.85071251,22015021.00788445,21151686.85071251,0.03571064013756658,0.03414094166998123,25193660.40474477,23270779.781952724,34851686.7733629,23310015.219241716,34847305.98039464,34847305.98039464,1387966627.500651,968582439.4235365,419384188.0771143,419384188.0771143,419384188.0771143,729360392.9635301,729360392.9635301,369703231.57803816,369703231.57803816,370095656.1949345,359617918.9238023,0.010187931691554226,0.0,25.482601165771484,2023-12-01,0,0,0,0,0,0,0,1,0,0,0,29.187853315611072,1
24.76843605041504,24.202262496948244,23.511492252349854,23.85873912811279,25.01343929519476,24.405969973523597,23.89740823060436,24.494266172403577,69.43180403877575,97.48609787248479,87.20734181321562,0.3949435580072489,0.02809309582077782,0.3668504621864711,24.937699631838502,235.6679913936893,-0.5181466738224298,74.73583472259759,10.036259328235776,0.7145500175655108,2.741415702761448,0.859285391693259,26.513427933929123,24.76843605041504,23.02344416690096,2.3773536682128906,4.283843179712717,0.9889742777897759,0.0,100.0,100.0,0.7111107343507287,0.022854784898035385,1.034065087658263,1.0240059787438658,0.05043510807523159,0.01523933387995137,0.8824740338729298,0.02263374485596708,0.9063995968757873,0.6733014786960333,3.3095349490034622,0.839563862928349,-5985037.2838536445,145405713.498752,-143717626.05971637,-116324570.7990016,478802982.7082916,364166499.3483256,-114636483.35996597,364166499.3483256,20679071.128186632,27930173.991317008,913638960.7544276,828121985.7178264,20679071.128186632,21523114.84770445,20679071.128186632,20679071.128186632,20679071.128186632,20679071.128186632,21523114.84770445,20679071.128186632,0.03491271748914626,0.0333780925445684,24630730.360474616,22750814.80336674,34072956.67765501,22789173.559534557,34068673.76962844,34068673.76962844,1356953741.6193562,946940322.051767,410013419.5675891,410013419.5675891,410013419.5675891,713063480.4981016,713063480.4981016,361442540.0716999,361442540.0716999,361826196.3078444,351582574.8027872,0.009960291374664513,0.0,26.065000534057617,2023-12-04,0,0,0,0,0,0,0,1,0,0,0,25.15875850595881,1
25.217174530029297,24.397033882141113,23.685258865356445,23.85243770599365,25.32258740895471,24.685045184969237,24.092024935925334,24.550996269033813,67.9467269995364,97.62979265624881,95.00032223107972,0.5007780598885425,0.12263008863433077,0.37814797125421173,26.37888056504659,176.29820998864156,-4.777012332617824,73.80490448074868,8.117784642124448,0.6955634080840998,2.681340457909812,0.44873748482575593,26.77319062796014,25.217174530029297,23.661158432098453,1.947713851928711,4.4737520717939745,1.0407518117855759,0.0,92.85714285714286,92.85714285714286,0.04255422762412315,-0.004761822176862496,1.0175176785199769,1.0007366651213512,0.05043510807523159,0.01523933387995137,0.8824740338729298,0.02263374485596708,0.9063995968757873,0.6733014786960333,3.3095349490034622,0.839563862928349,-6013673.326865921,146101422.4924477,-144405258.22076756,-116881137.99395816,481093866.1492737,365908892.4269957,-115184973.72227803,365908892.4269957,20778012.32808161,28063808.858707633,918010362.8588785,832084222.8230828,20778012.32808161,21626094.463921677,20778012.32808161,20778012.32808161,20778012.32808161,20778012.32808161,21626094.463921677,20778012.32808161,0.03507976107338454,0.03353779355367533,24748578.69133283,22859668.479689047,34235982.337596856,22898210.767377127,34231678.93754447,34231678.93754447,1363446230.1148767,951471058.0365684,411975172.07830834,411975172.07830834,411975172.07830834,716475208.0328847,716475208.0328847,363171900.0795118,363171900.0795118,363557391.9594391,353264758.76538014,0.010007947440732667,0.0,25.94088363647461,2023-12-05,0,0,0,0,0,0,0,1,0,0,0,26.31308833340907,1
25.725107192993164,24.71783332824707,23.89673833847046,23.879743843078614,25.789653406100015,25.05572522413676,24.342668789683934,24.636203685949766,72.01309313489307,93.26470384713521,96.12686479195621,0.6404436586562063,0.2261928026387059,0.41425085601750045,28.46612722941429,179.5986150743066,-10.352954690925571,74.81139706757467,13.641873536535298,0.7318087011073751,2.7384170698237913,1.2029975104099542,27.258517414020098,25.725107192993164,24.19169697196623,3.2079944610595703,4.656044439009144,1.0925289789835624,7.142857142857143,100.0,92.85714285714286,0.3541664597063066,0.030180227277038618,1.0349472521229583,1.0122965698834958,0.05043510807523159,0.01523933387995137,0.8824740338729298,0.02263374485596708,0.9063995968757873,0.6733014786960333,3.3095349490034622,0.839563862928349,-5837496.359992463,141821225.66904765,-140174752.3367421,-113456980.53523813,466999708.79939705,355189201.59646446,-111810507.20293257,355189201.59646446,20169298.32074319,27241649.67996483,891116271.2619264,807707429.0412649,20169298.32074319,20992534.986895975,20169298.32074319,20169298.32074319,20169298.32074319,20169298.32074319,20992534.986895975,20169298.32074319,0.03405206209995604,0.032555268161496426,24023542.712276675,22189970.13766366,33233002.7611664,22227383.28797227,33228825.433803253,33228825.433803253,1323502620.234445,923596699.7264998,399905920.5079452,399905920.5079452,399905920.5079452,695485303.5052559,695485303.5052559,352532392.3556987,352532392.3556987,352906590.84031355,342915491.3010957,0.009714753958329764,0.0,26.723785400390625,2023-12-06,0,0,0,0,0,0,0,1,0,0,0,24.34716821688164,1
26.410625839233397,25.142702484130858,24.14354419708252,23.924617614746094,26.473388423890896,25.562113085106922,24.675829710616192,24.76187642216635,76.57874901663067,89.94066109821291,93.61171920053225,0.8316810110231003,0.3472904443155848,0.4843905667075155,30.957317883544324,183.3196694421798,-8.007452929917406,75.01789361946463,18.00890768843948,0.7886524361042264,2.8327159424780346,1.5276209910632943,28.046469020452705,26.410625839233397,24.77478265801409,4.248691558837887,4.885020113774041,1.1586889731578331,0.0,100.0,100.0,0.5208327952364008,0.04180070459126295,1.033531296540757,1.0174459177481519,0.05043510807523159,0.01523933387995137,0.8824740338729298,0.02263374485596708,0.9063995968757873,0.6733014786960333,3.3095349490034622,0.839563862928349,-5603275.496231047,136130859.81227994,-134550448.77488142,-108904687.84982395,448262039.69848377,340937762.88605833,-107324276.81242545,340937762.88605833,19360035.20813163,26148618.982411556,855361555.5592703,775299369.141969,19360035.20813163,20150240.72683088,19360035.20813163,19360035.20813163,19360035.20813163,19360035.20813163,20150240.72683088,19360035.20813163,0.03268577372801444,0.031249036421288533,23059633.77295085,21299630.57221161,31899577.927627668,21335542.57548031,31895568.209315192,31895568.209315192,1270399045.0397174,886538755.1152225,383860289.92449486,383860289.92449486,383860289.92449486,667579989.5701939,667579989.5701939,338387554.16661984,338387554.16661984,338746738.49330133,329156516.9709059,0.009324963897141174,0.0,27.840858459472656,2023-12-07,0,0,0,0,0,0,0,1,0,0,0,19.87823489096249,1
26.865092086791993,25.54370231628418,24.41660604476929,23.959943809509276,26.90056975044875,25.960807506644656,24.969077586135075,24.879251166534903,75.55768052868088,86.62790615636395,89.94442370057062,0.9651784990327101,0.4708680552590099,0.49431044377370026,33.27056634809364,136.6331364552217,-9.683381109162966,75.98667599985359,16.88780565858774,0.7698287062591823,2.773664497054644,0.5251202182736101,28.479579283502193,26.865092086791993,25.250604890081792,4.009998321533203,5.259715187657879,1.2607748814118231,42.85714285714286,92.85714285714286,50.0,0.21817942217860606,-0.0030863292535783238,1.019197247878965,1.004145040715798,0.05043510807523159,0.01523933387995137,0.8824740338729298,0.02263374485596708,0.9063995968757873,0.6733014786960333,3.3095349490034622,0.839563862928349,-5620622.588148172,136552305.18642032,-134967001.37950674,-109241844.14913626,449649807.0518538,341993266.7096311,-107656540.34222268,341993266.7096311,19419971.63469144,26229572.0780248,858009655.8600036,777699606.1870403,19419971.63469144,20212623.538148236,19419971.63469144,19419971.63469144,19419971.63469144,19419971.63469144,20212623.538148236,19419971.63469144,0.032786965097531005,0.03134577981851865,23131023.728148248,21365571.761358116,31998335.32601014,21401594.9440293,31994313.19407421,31994313.19407421,1274332053.3346968,889283376.4145716,385048676.92012507,385048676.92012507,385048676.92012507,669646739.8930893,669646739.8930893,339435162.83938414,339435162.83938414,339795459.15913725,330175547.4217298,0.009353832905269793,0.0,27.754932403564453,2023-12-08,0,0,0,0,0,0,0,1,0,0,0,21.188808526470464,1
27.25463523864746,26.01153564453125,24.71162748336792,24.003289947509767,27.271285264744154,26.33388183149744,25.258947939201732,25.002132151899612,76.56713686848879,87.97367507248784,88.18074744235484,1.079335319887658,0.5925615081847395,0.48677381170291856,35.48963962728159,118.26036235118023,-4.655484966886049,76.58316746902243,20.049097849694686,0.7550773491646997,2.6954806569199237,0.5633097069364261,28.848720964403988,27.25463523864746,25.66054951289093,4.678333282470707,5.79491105580022,1.4022144293173788,35.714285714285715,85.71428571428572,50.0,0.5423722238386163,0.009287858677595073,1.0205074780396355,1.011026867325173,0.05043510807523159,0.01523933387995137,0.8824740338729298,0.02263374485596708,0.9063995968757873,0.6733014786960333,3.3095349490034622,0.839563862928349,-5568899.437185852,135295697.86496395,-133724982.63909103,-108236558.29197116,445511954.9748681,338846111.9087699,-106665843.06609823,338846111.9087699,19241261.516943425,25988197.373533975,850113917.9304094,770542912.5106193,19241261.516943425,20026619.12987989,19241261.516943425,19241261.516943425,19241261.516943425,19241261.516943425,20026619.12987989,19241261.516943425,0.03248524671691747,0.031057323784305712,22918163.068418697,21168957.475969296,31703874.22269748,21204649.159329467,31699889.103981003,31699889.103981003,1262605155.0886307,881099845.5680846,381505309.52054614,381505309.52054614,381505309.52054614,663484390.6380528,663484390.6380528,336311548.70338404,336311548.70338404,336668529.43653697,327137143.8613535,0.009267755303750031,0.0,28.01271629333496,2023-12-11,0,0,0,0,0,0,0,1,0,0,0,18.108543010694483,1
27.85422592163086,26.535700225830077,25.056296634674073,24.062867088317873,27.827135860293303,26.80751005329638,25.6094135689341,25.156512736193417,79.7955473121786,89.52602114451408,88.04253412445523,1.2303528859308095,0.7201197837339535,0.510233102196856,37.986034481267254,128.52281863959698,-2.8708169276409916,76.44623553492505,22.11927042430981,0.7816160744806538,2.7009242738144783,1.1266195035880564,29.26544785019121,27.85422592163086,26.44300399307051,5.241645812988281,6.515160582287644,1.5923099028758507,28.571428571428573,100.0,71.42857142857143,0.7288122716839628,0.03306072671992144,1.040259308313769,1.029201992554281,0.05043510807523159,0.01523933387995137,0.8824740338729298,0.02263374485596708,0.9063995968757873,0.6733014786960333,3.3095349490034622,0.839563862928349,-5390679.650428397,130965870.99438219,-129445422.8878511,-104772696.79550575,431254372.0342717,328002123.34529704,-103252248.68897466,328002123.34529704,18625489.305005804,25156505.035332516,822907982.0211656,745883463.1698521,18625489.305005804,19385713.35827135,18625489.305005804,18625489.305005804,18625489.305005804,18625489.305005804,19385713.35827135,18625489.305005804,0.031445631294165645,0.030063405742773747,22184720.099839937,20491493.799384866,30689264.825080205,20526043.25271032,30685407.240900103,30685407.240900103,1222198388.1794996,852902276.4863697,369296111.69312996,369296111.69312996,369296111.69312996,642251102.4542447,642251102.4542447,325548672.99157643,325548672.99157643,325894229.3794244,316667873.8238835,0.008971162163115179,0.0,28.9388370513916,2023-12-12,0,0,0,0,0,0,0,1,0,0,0,12.726949170807167,1
28.075731658935545,26.900419425964355,25.287826538085938,24.10754997253418,27.828528602500224,26.993656241226866,25.82102314207505,25.261406906809913,67.77080362226772,76.06737960424009,84.5223586070806,1.2463009660241795,0.8253560201919987,0.4209449458321808,38.339688084756524,74.94038117384126,-21.371588942214505,69.18912461312729,15.080936113528631,0.8744564060751729,3.141987486988016,2.0813807168039204,28.955158466066614,28.075731658935545,27.196304851804477,3.6471920013427734,7.143742353965937,1.7606786703452109,21.42857142857143,92.85714285714286,71.42857142857143,-0.28859048374915297,-0.038271163506353845,1.052968422428712,0.9854631404230948,0.05043510807523159,0.01523933387995137,0.8824740338729298,0.02263374485596708,0.9063995968757873,0.6733014786960333,3.3095349490034622,0.839563862928349,-5605197.06374013,136177544.04855826,-134596591.03058028,-108942035.23884661,448415765.0992103,341054682.87834173,-107361082.22086863,341054682.87834173,19366674.47023032,26157586.297453936,855654890.2301759,775565247.5694275,19366674.47023032,20157150.97921931,19366674.47023032,19366674.47023032,19366674.47023032,19366674.47023032,20157150.97921931,19366674.47023032,0.03269698287181742,0.0312597528554738,23067541.762315147,21306934.99229421,31910517.45621954,21342859.311098475,31906506.36282843,31906506.36282843,1270834711.2014399,886842781.5848325,383991929.6166074,383991929.6166074,383991929.6166074,667808927.0940644,667808927.0940644,338503599.5993318,338503599.5993318,338862907.1034177,329269396.744324,0.00932816176732624,0.0,27.831314086914062,2023-12-13,0,0,0,0,0,0,0,1,0,0,0,-0.20601545105601773,0
28.190303802490234,27.300464820861816,25.517924308776855,24.156433830261232,28.023592127415515,27.25184950232127,26.0679465739961,25.385026995846626,70.30498569571445,68.77597808213154,78.12312627696184,1.2910527058842263,0.9184953573304442,0.3725573485537821,39.00909119059801,90.57568586161109,-11.642721783741614,67.67226250585183,16.38639449319519,0.8863302658507598,3.1193743428017657,1.0406904429333892,29.06674006312297,28.190303802490234,27.313867541857498,4.000453948974613,7.743182964135103,1.926048694512783,14.285714285714286,85.71428571428572,71.42857142857143,0.40594035098984177,0.020926251937412932,1.0345535492541633,1.0139693302243011,0.05043510807523159,0.01523933387995137,0.8824740338729298,0.02263374485596708,0.9063995968757873,0.6733014786960333,3.3095349490034622,0.839563862928349,-5490305.5466574,133386269.37071505,-131837721.65242706,-106709015.49657205,439224443.73259205,334063975.954308,-105160467.77828406,334063975.954308,18969709.54902781,25621425.884401202,838116258.257047,759668238.6192307,18969709.54902781,19743983.408171806,18969709.54902781,18969709.54902781,18969709.54902781,18969709.54902781,19743983.408171806,18969709.54902781,0.03202678235550151,0.030619011702512425,22594718.980474688,20870199.930563066,31256437.373084407,20905387.897114124,31252508.49635751,31252508.49635751,1244786005.6392667,868664881.42691,376121124.2123567,376121124.2123567,376121124.2123567,654120633.9113747,654120633.9113747,331565183.0452524,331565183.0452524,331917125.70849967,322520256.59979755,0.00913695945189398,0.0,28.413719177246097,2023-12-14,0,0,0,0,0,0,0,1,0,0,0,-3.882923321598522,0
28.17884635925293,27.52196922302246,25.743248176574706,24.18870475769043,27.914943147402987,27.332903263240663,26.22315596574675,25.475717905318444,63.67552372463932,49.858754147172796,64.90070394451475,1.2542790475413952,0.9856520953726344,0.26862695216876076,39.13390526134553,62.02192333023142,-23.60447974003514,63.62206823067886,8.69237801587428,0.8857624677323136,3.197970303034872,0.8783810921925124,29.078927928758258,28.17884635925293,27.2787647897476,2.2150440216064453,8.119012714240661,2.034499828632061,7.142857142857143,78.57142857142857,71.42857142857143,-0.7500005183012183,-0.025201698707630116,1.031844932354813,0.9767676593827357,0.05043510807523159,0.01523933387995137,0.8824740338729298,0.02263374485596708,0.9063995968757873,0.6733014786960333,3.3095349490034622,0.839563862928349,-5632247.757693518,136834737.19011816,-135246154.48923025,-109467789.75209452,450579820.61548144,342700613.5642748,-107879207.0512066,342700613.5642748,19460138.085876964,26283822.869236417,859784282.7032913,779308127.2424011,19460138.085876964,20254429.43632092,19460138.085876964,19460138.085876964,19460138.085876964,19460138.085876964,20254429.43632092,19460138.085876964,0.03285477858654552,0.03141061249482923,23178865.772046402,21409762.309693947,32064517.68703863,21445859.999343596,32060487.236101564,32060487.236101564,1276967762.4478335,891122686.8935347,385845075.5542989,385845075.5542989,385845075.5542989,671031774.5159726,671031774.5159726,340137218.75147843,340137218.75147843,340498260.2744075,330858451.6122013,0.009373179497523093,0.0,27.69764518737793,2023-12-15,0,0,0,0,0,0,0,1,0,0,0,-1.9907182039814915,0
28.10819435119629,27.681414794921874,25.941838645935057,24.224794769287108,27.82978084928591,27.392276534115407,26.359946469299608,25.56135470326877,63.33253224152693,47.31637113469814,55.317034454667436,1.2081275877249382,1.0301471938430953,0.17798039388184295,38.53916536304446,35.66663021154097,-27.686701102183555,63.5026045422766,6.1172287984830875,0.8681859095904656,3.1388393960010537,0.6396906537464417,29.100118498340436,28.10819435119629,27.116270204052142,1.5944557189941442,8.306565294186193,2.0986403318551865,0.0,71.42857142857143,71.42857142857143,0.13432857065587975,-0.0013787791008158523,1.0236081781573896,1.0031163488643782,0.05043510807523159,0.01523933387995137,0.8824740338729298,0.02263374485596708,0.9063995968757873,0.6733014786960333,3.3095349490034622,0.839563862928349,-5640024.105057669,137023662.5523626,-135432886.52273095,-109618930.04189007,451201928.4046135,343173774.3923551,-108028154.01225843,343173774.3923551,19487006.362987716,26320112.49026912,860971372.0374572,780384104.5363448,19487006.362987716,20282394.377803538,19487006.362987716,19487006.362987716,19487006.362987716,19487006.362987716,20282394.377803538,19487006.362987716,0.0329001406128364,0.03145398058589854,23210868.432352714,21439322.399353832,32108788.613731757,21475469.928461157,32104752.598020576,32104752.598020576,1278730849.8191326,892353044.6220088,386377805.19712377,386377805.19712377,386377805.19712377,671958256.5166785,671958256.5166785,340606840.34454036,340606840.34454036,340968380.35127485,331315262.17146456,0.009386120884836837,0.0,27.65945625305176,2023-12-18,0,0,0,0,0,0,0,1,0,0,0,-1.0174518934944952,0
27.957341384887695,27.905783653259277,26.151408767700197,24.282462310791015,27.948044639473483,27.53633029515781,26.53372035030428,25.664225978428764,66.04125646311373,46.25262636069673,47.8092505475225,1.2000907936220528,1.0641359137988868,0.135954879823166,38.436205576668044,61.34510785146599,-17.896738937275902,63.8795116680088,8.649237299762792,0.8573202915847773,3.041807003127123,0.7160672575108293,28.545201972661218,27.957341384887695,27.36948079711417,2.2436885833740234,8.19759726414406,2.0902551748813707,0.0,64.28571428571429,64.28571428571429,0.6249999999999971,0.0189850430172116,1.0220082321639454,1.0137362502404654,0.05043510807523159,0.01523933387995137,0.8824740338729298,0.02263374485596708,0.9063995968757873,0.6733014786960333,3.3095349490034622,0.839563862928349,-5534942.974587315,134470729.95952517,-132909592.19746207,-107576583.96762012,442795437.9669852,336779991.7614282,-106015446.20555703,336779991.7614282,19123937.585272837,25829733.88140747,844930333.3129636,765844513.5029949,19123937.585272837,19904506.466304384,19123937.585272837,19123937.585272837,19123937.585272837,19123937.585272837,19904506.466304384,19123937.585272837,0.03228716735175934,0.030867951204429256,22778419.164647795,21039879.38416845,31510559.29011257,21075353.43685944,31506598.470727794,31506598.470727794,1254906397.8729408,875727323.7100264,379179074.16291434,379179074.16291434,379179074.16291434,659438782.856922,659438782.856922,334260883.0999173,334260883.0999173,334615687.1367498,325142419.3533215,0.009211245002227473,0.0,28.184572219848633,2023-12-19,0,0,0,0,0,0,0,1,0,0,0,-4.026593519734574,0
27.976119995117188,28.025925827026366,26.37187957763672,24.33207836151123,27.94043213900283,27.60703517568576,26.666242901519254,25.7528919062575,63.54435272717892,49.38496376216916,47.651320419187954,1.1594278197108814,1.0831942949812858,0.07623352472959555,38.48831550893358,59.199175363094014,-25.084002606853424,58.107454130987854,4.495701936198526,0.848231056641856,3.0375103484397554,0.7300710023838803,28.552565404359157,27.976119995117188,27.399674585875218,1.2014217376708984,7.849036852617636,2.0191280413896635,0.0,57.142857142857146,57.142857142857146,-0.1315794096757762,-0.009202377803146367,1.0261978704889907,0.9965718072948859,0.05043510807523159,0.01523933387995137,0.8824740338729298,0.02263374485596708,0.9063995968757873,0.6733014786960333,3.3095349490034622,0.839563862928349,-5586350.684123484,135719673.6719744,-134144036.29952931,-108575738.93757951,446908054.7298787,339907953.1647443,-107000101.56513444,339907953.1647443,19301557.812452294,26069636.525909595,852777917.8956196,772957561.0051628,19301557.812452294,20089376.49867484,19301557.812452294,19301557.812452294,19301557.812452294,19301557.812452294,20089376.49867484,19301557.812452294,0.032587045657386994,0.031154648046073277,22989981.661585107,21235294.58772581,31803224.578037985,21271098.11802934,31799226.97116445,31799226.97116445,1266561777.8638687,883860946.0611272,382700831.8027415,382700831.8027415,382700831.8027415,665563550.0969172,665563550.0969172,337365447.4046625,337365447.4046625,337723546.8074909,328162292.75197184,0.009296797646530245,0.0,27.925207138061523,2023-12-20,0,0,0,0,0,0,0,1,0,0,0,-2.5818990986248,0
27.980244064331053,28.085273933410644,26.613988208770753,24.400469856262205,28.105067933773697,27.757454147982063,26.834633055976035,25.858046714769575,66.24247121565313,63.274153512117614,52.97058121166111,1.154971060972116,1.0975496481794518,0.05742141279266422,38.69073263980839,88.37298308979595,-17.40543569933022,54.35284691102955,2.131690963145738,0.852142142651742,2.9968768641628105,0.9029862607802599,28.56931023337064,27.980244064331053,27.391177895291467,0.5934810638427734,7.8131467729900645,2.025622820242859,0.0,50.0,50.0,0.0869556804391876,0.018232000312003782,1.0235334427435012,1.0020311260691548,0.05043510807523159,0.01523933387995137,0.8824740338729298,0.02263374485596708,0.9063995968757873,0.6733014786960333,3.3095349490034622,0.839563862928349,-5486324.02282754,133289538.75972034,-131742114.03533308,-106631631.00777628,438905921.8262031,333821715.54281414,-105084206.28338902,333821715.54281414,18955952.87374387,25602845.43986185,837508463.3308655,759117333.5431566,18955952.87374387,19729665.235937495,18955952.87374387,18955952.87374387,18955952.87374387,18955952.87374387,19729665.235937495,18955952.87374387,0.03200355679982731,0.030596807050384353,22578333.478559487,20855065.035491865,31233770.46517192,20890227.484022807,31229844.437633686,31229844.437633686,1243883297.2012002,868034932.8937777,375848364.3074225,375848364.3074225,375848364.3074225,653646271.0786707,653646271.0786707,331324734.7375529,331324734.7375529,331676422.1749136,322286367.59738183,0.009130333405040842,0.0,28.43433952331543,2023-12-21,0,0,0,0,0,0,0,1,0,0,0,-2.0506939227650287,0
28.108369445800783,28.143607902526856,26.843655109405518,24.481261405944824,28.18280265409132,27.863057411026517,26.977836773952276,25.955310455160046,65.26099446044581,65.2200585770888,59.29305861712513,1.1306537364777114,1.1041704658391036,0.02648327063860778,38.87869140419214,79.54603457703335,-22.104388808610157,52.336378206096654,2.1017514389160885,0.8255826822138167,2.913313413937643,0.4803096965207878,28.67404784757538,28.108369445800783,27.542691044026185,0.5833396911621058,7.609474405826792,1.9860669038234633,0.0,42.85714285714286,42.85714285714286,-0.2999992370605589,-0.003378570777425538,1.0170299723980152,0.9949409908782415,0.05043510807523159,0.01523933387995137,0.8824740338729298,0.02263374485596708,0.9063995968757873,0.6733014786960333,3.3095349490034622,0.839563862928349,-5504922.794111709,133741393.5236114,-132188722.99193886,-106993114.81888911,440393823.52893674,334953379.24172014,-105440444.28721657,334953379.24172014,19020214.012988534,25689639.705854643,840347637.3011297,761690759.6852643,19020214.012988534,19796549.2788248,19020214.012988534,19020214.012988534,19020214.012988534,19020214.012988534,19796549.2788248,19020214.012988534,0.032112049632318306,0.030700530967161455,22654874.575767417,20925764.210950278,31339653.70334869,20961045.86103317,31335714.366482034,31335714.366482034,1248100091.6983144,870977592.3350333,377122499.363281,377122499.363281,377122499.363281,655862147.7651297,655862147.7651297,332447933.61106676,332447933.61106676,332800813.27735597,323378926.18743396,0.00916128545636738,0.0,28.33827209472656,2023-12-22,0,0,0,0,0,0,0,1,0,0,0,-2.263892994582626,0
28.17688980102539,28.14254207611084,27.077038860321046,24.556856269836427,28.122554445785813,27.888330250689844,27.07538165540204,26.03557506590572,61.809380032828855,57.1033791955991,61.86586376160179,1.0718962634938904,1.097715625370061,-0.02581936187617062,38.65463475242808,30.173325507169018,-38.4491213809419,48.03867338370732,-0.038047949540298553,0.7974894674274519,2.847967340816746,0.43227767520470906,28.562940507615636,28.17688980102539,27.790839094435142,-0.01065826416015625,6.903058650608426,1.8144659629234887,0.0,35.714285714285715,35.714285714285715,-0.6222253305019784,-0.011864310725364202,1.0154532569581707,0.9904858755099548,0.05043510807523159,0.01523933387995137,0.8824740338729298,0.02263374485596708,0.9063995968757873,0.6733014786960333,3.3095349490034622,0.839563862928349,-5571019.095720272,135347194.6973066,-133775881.61902653,-108277755.75784528,445681527.65762174,338975084.97805655,-106706442.6795652,338975084.97805655,19248585.20893094,25998089.11336127,850437491.9582216,770836199.8789877,19248585.20893094,20034241.748070978,19248585.20893094,19248585.20893094,19248585.20893094,19248585.20893094,20034241.748070978,19248585.20893094,0.03249761139170159,0.031069144956901516,22926886.278541118,21177014.895911034,31715941.48811111,21212720.164393738,31711954.85256155,31711954.85256155,1263085733.3110917,881435213.5933831,381650519.71770865,381650519.71770865,381650519.71770865,663736928.9298524,663736928.9298524,336439557.0562864,336439557.0562864,336796673.66498643,327261660.21269596,0.009271282836765501,0.0,28.002058029174805,2023-12-26,0,0,0,0,0,0,0,1,0,0,0,-1.883613557881699,0
28.151913452148438,28.054627418518066,27.29516382217407,24.62902099609375,28.101599789011832,27.919486655194213,27.169125352550786,26.114952140790354,62.17864788339384,41.08422926389955,54.4692223455291,1.0182433243815439,1.0818211651723577,-0.06357784079081386,38.05108337966154,-16.244282798940027,-46.644160674752335,53.258983768608815,-3.0379471516650214,0.7686584784070897,2.739369057114956,0.39385562114238226,28.5487524697972,28.151913452148438,27.755074434499676,-0.8791465759277344,6.31950957035871,1.6717069454682196,0.0,28.571428571428573,28.571428571428573,0.07316744123298558,0.0020581503769836473,1.014196737073238,1.0010280595950356,0.05043510807523159,0.01523933387995137,0.8824740338729298,0.02263374485596708,0.9063995968757873,0.6733014786960333,3.3095349490034622,0.839563862928349,-5559576.65094027,135069201.96835655,-133501116.24629648,-108055361.57468525,444766132.0752216,338278856.2225964,-106487275.85262518,338278856.2225964,19209050.095235933,25944691.03772126,848690758.7531512,769252961.6060624,19209050.095235933,19993092.95626597,19209050.095235933,19209050.095235933,19209050.095235933,19209050.095235933,19993092.95626597,19209050.095235933,0.03243086379715158,0.031005331322551507,22879796.21733111,21133518.935946025,31650799.383428276,21169150.868553203,31646820.93612154,31646820.93612154,1260491452.3532462,879624813.4519727,380866638.9012735,380866638.9012735,380866638.9012735,662373664.3229222,662373664.3229222,335748536.0801813,335748536.0801813,336104919.1988313,326589489.93087584,0.009252240334832424,0.0,28.059690475463867,2023-12-27,0,0,0,0,0,0,0,1,0,0,0,-1.8786435705905893,0
28.211471557617188,28.093795776367188,27.497107601165773,24.701014747619627,28.142065747809646,27.97467047523259,27.26949414425121,26.197620592736037,63.262614653302776,31.928675585772723,43.37209468175707,0.9776309875295155,1.0609831296437893,-0.08335214211427378,37.60650797541364,13.770273494569242,-39.396494108886,51.837841076600114,1.4073484897911381,0.7398281993978527,2.6213664762645226,0.3650345722777715,28.53738305517787,28.211471557617188,27.885560060056505,0.39168357849121094,5.735483574247982,1.5265447054153825,28.571428571428573,21.42857142857143,-7.142857142857143,0.7368405202053923,0.005819992564928933,1.013085370137279,1.0096219510524533,0.05043510807523159,0.01523933387995137,0.8824740338729298,0.02263374485596708,0.9063995968757873,0.6733014786960333,3.3095349490034622,0.839563862928349,-5527407.18223632,134287648.85048497,-132728636.56831573,-107430119.08038796,442192574.5789056,336321467.78068686,-105871106.79821874,336321467.78068686,19097900.456572928,25794566.85043616,843779965.6267675,764801820.6959678,19097900.456572928,19877406.597657535,19097900.456572928,19097900.456572928,19097900.456572928,19097900.456572928,19877406.597657535,19097900.456572928,0.0322432085630452,0.030825924670164092,22747406.48074178,21011233.71196242,31467657.848713037,21046659.46693903,31463702.421960592,31463702.421960592,1253197850.1827974,874535026.1022875,378662824.08050996,378662824.08050996,378662824.08050996,658540960.8272067,658540960.8272067,333805788.8708229,333805788.8708229,334160109.8440432,324699739.8590618,0.009198703946258218,0.0,28.222997665405273,2023-12-28,0,0,0,0,0,0,0,1,0,0,0,-2.7885692072685915,0
28.07314109802246,28.026692581176757,27.663578701019286,24.784216003417967,28.008939573653695,27.932491702525173,27.314560151974124,26.258211441073517,57.99770269356163,25.790819985680944,32.93457494511768,0.8963557484805058,1.0280576534111325,-0.13170190493062672,36.84455196897089,-61.41694314551972,-60.712946366337846,44.70114271199938,-2.361647722772131,0.7240357753671235,2.6098256794163284,0.5187342629676444,28.480262622972226,28.07314109802246,27.666019573072695,-0.6710319519043004,4.721320188961706,1.2642926191672323,21.42857142857143,14.285714285714286,-7.142857142857143,-0.9047642835409514,-0.017018406257115037,1.0145631093644865,0.9870129506102961,0.05043510807523159,0.01523933387995137,0.8824740338729298,0.02263374485596708,0.9063995968757873,0.6733014786960333,3.3095349490034622,0.839563862928349,-5623103.441021404,136612577.18891743,-135026573.65427038,-109290061.75113395,449848275.2817123,342144217.0652254,-107704058.21648689,342144217.0652254,19428543.29942652,26241149.391433217,858388367.5928442,778042870.3490193,19428543.29942652,20221545.06675005,19428543.29942652,19428543.29942652,19428543.29942652,19428543.29942652,20221545.06675005,19428543.29942652,0.03280143673929152,0.03135961534415783,23141233.39189578,21375002.182857003,32012458.8792086,21411041.265584603,32008434.97196799,32008434.97196799,1274894523.1120899,889675891.8672454,385218631.2448445,385218631.2448445,385218631.2448445,669942311.2488706,669942311.2488706,339584984.08886313,339584984.08886313,339945439.4376465,330321281.6251291,0.009357961537440843,0.0,27.742687225341797,2023-12-29,0,0,0,0,0,0,0,1,0,0,0,1.8880922434806011,1
27.87717514038086,27.99277229309082,27.75737075805664,24.86603385925293,27.792107151275314,27.828119085069424,27.31873940478788,26.301357749522342,54.117516016219625,22.674027251669163,26.79784094104089,0.7918116702484497,0.980808456778596,-0.1889967865301463,35.12398907190137,-141.8328735276271,-77.76595580369597,45.985099410550966,-1.2246632468739693,0.7292700718452058,2.665612550870436,0.7973159260602749,28.480944337666383,27.87717514038086,27.273405943095337,-0.339202880859375,4.011517176977624,1.0800298910874595,14.285714285714286,7.142857142857143,-7.142857142857143,-0.14457900542329533,-0.01385031362326894,1.0294222565753834,0.9958041665163351,0.0442225392296719,0.012744265080713678,0.874940561103186,0.017822237553179257,0.9126518722931279,0.7150766026255927,3.469995244888255,0.7265625,-14218645.770900303,115649859.17513768,-107169844.2166573,-15936579.835764864,346949577.5254131,339493012.64812857,-7456564.877284478,339493012.64812857,16996581.705574915,23137282.192750365,953672716.7315162,870371190.4798921,15384647.827691358,17691065.689243566,16996581.705574915,16996581.705574915,16996581.705574915,16996581.705574915,17691065.689243566,16996581.705574915,0.030703502435877262,0.029606948777453075,23393144.713049345,21748314.22541306,32462068.711726114,21803603.667079832,32457988.289355963,32457988.289355963,1333665111.1641116,949323053.8864336,384342057.2776779,384342057.2776779,384342057.2776779,675952226.8412836,677012228.7110937,338067492.89217716,338067492.89217716,336276455.2500843,327613681.3485332,0.009686223982746994,581173.4389648197,27.358442306518555,2024-01-02,0,0,0,0,0,0,0,1,0,0,0,3.03670537517404,1
27.523666763305663,27.850278282165526,27.765846538543702,24.92861930847168,27.27291014878315,27.5383730957475,27.215480046598447,26.298736510082204,44.69771942460286,8.84645965095913,19.103768962769692,0.6112224943197866,0.9068912642868341,-0.2956687699670475,32.95182748266999,-262.55302181457745,-97.86144791079388,35.585541089600184,-5.1517285669551605,0.7615766963952116,2.9029568993031685,1.1815628155452877,28.94171148314086,27.523666763305663,26.105622043470465,-1.4249401092529332,2.9707874466140862,0.8026764820783541,100.0,0.0,-100.0,-0.7236854983825238,-0.04108151151763251,1.027889916656214,0.9802583943876575,0.0442225392296719,0.012744265080713678,0.874940561103186,0.017822237553179257,0.9126518722931279,0.7150766026255927,3.469995244888255,0.7265625,-14827793.959216956,120604473.23126595,-111761161.66690004,-16619326.905446256,361813419.6937978,354037404.35271746,-7776015.341080358,354037404.35271746,17724740.85099199,24128518.19070523,994529491.4908216,907659202.4598308,16043749.299317269,18448977.57393575,17724740.85099199,17724740.85099199,17724740.85099199,17724740.85099199,18448977.57393575,17724740.85099199,0.03201888669856618,0.030875355030760245,24395342.246526614,22680044.74481771,33852792.60086247,22737702.86939332,33848537.36705568,33848537.36705568,1390801332.1078384,989993482.5418581,400807849.5659802,400807849.5659802,400807849.5659802,704911037.7578385,706016451.7033843,352550813.1845698,352550813.1845698,350683044.7938201,341649144.61815315,0.010101196398952426,606071.7839371455,26.234516143798828,2024-01-03,0,0,0,0,0,0,0,1,0,0,0,7.4141502795969485,1
27.277749252319335,27.714831352233887,27.810307502746582,25.001398010253908,27.125307739366175,27.409596700253815,27.17877746316357,26.319574408531224,49.69471781449401,17.98480879220554,16.501765231611227,0.5102809455758361,0.8275692005446345,-0.3172882549687983,30.921839770031,-168.59509664561597,-75.76277834471732,42.20862757934326,-4.805711751631758,0.7593262923427575,2.8301281385009864,0.730071039660853,28.66480247617873,27.277749252319335,25.890696028459942,-1.3544692993164062,2.194678531464174,0.595930527418087,92.85714285714286,7.142857142857143,-85.71428571428572,0.7368411806484483,0.022702411337370165,1.0278796853448524,1.0204603379163821,0.0442225392296719,0.012744265080713678,0.874940561103186,0.017822237553179257,0.9126518722931279,0.7150766026255927,3.469995244888255,0.7265625,-14498639.872987987,117927240.50934188,-109280236.78046472,-16250403.55944155,353781721.5280256,346178321.69746125,-7603399.830564395,346178321.69746125,17331279.025551192,23592902.415427756,972452475.388508,887510572.3794086,15687602.885708597,18039438.813691996,17331279.025551192,17331279.025551192,17331279.025551192,17331279.025551192,18039438.813691996,17331279.025551192,0.0313081169493828,0.030189969915476275,23853803.390005942,22176582.839146152,33101312.977832686,22232961.042557456,33097152.20363325,33097152.20363325,1359927694.204917,968017158.8206787,391910535.3842383,391910535.3842383,391910535.3842383,689263103.2677811,690343978.7338908,344724730.55338275,344724730.55338275,342898423.73133546,334065062.16347384,0.009876965466174337,592617.9279704602,26.830102920532227,2024-01-04,0,0,0,0,0,0,0,1,0,0,0,1.9702487456013897,1
27.233561325073243,27.722516441345213,27.87422113418579,25.105062942504883,27.417557835969053,27.517316941875812,27.25718513611702,26.385554158360385,57.779059870434665,42.87632070527038,23.235863049478297,0.5188698155333924,0.7658293235423861,-0.2469595080089937,29.719513843667755,-26.7180448576525,-31.159470299431185,54.12169145304323,0.2752025821449955,0.7990922371613643,2.853691097735765,1.3160495198032542,28.50674994723099,27.233561325073243,25.960372702915496,0.07685089111328125,1.6798155994811714,0.4589088757832833,85.71428571428572,0.0,-85.71428571428572,0.9489039713201732,0.04368060428667664,1.049262886211529,1.046678607513611,0.0442225392296719,0.012744265080713678,0.874940561103186,0.017822237553179257,0.9126518722931279,0.7150766026255927,3.469995244888255,0.7265625,-13891836.078430679,112991694.99268551,-104706589.6708451,-15570284.13932076,338975084.97805655,331689906.16057616,-7285178.8174803555,331689906.16057616,16605922.30455081,22605481.330711104,931752943.7592155,850366068.6364815,15031038.060183734,17284443.861080844,16605922.30455081,16605922.30455081,16605922.30455081,16605922.30455081,17284443.861080844,16605922.30455081,0.029997795130801464,0.028926445304701415,22855462.956801116,21248438.217651036,31715941.48811111,21302456.85436781,31711954.85256155,31711954.85256155,1303011370.1637535,927503256.1156852,375508114.04806834,375508114.04806834,375508114.04806834,660415744.4689423,661451382.6341723,330297151.3866461,330297151.3866461,328547280.00401604,320083616.3778256,0.009463590130550462,567815.4078330278,28.002058029174805,2024-01-05,0,0,0,0,0,0,0,1,0,0,0,-3.3320770732905474,0
27.279671096801756,27.67640609741211,27.880840015411376,25.21387996673584,27.602783918640828,27.600211331350096,27.325380464485338,26.447816194659364,57.534179479574746,69.90684947981607,43.58932632576394,0.5173867543107775,0.7161408096960644,-0.1987540553852869,28.893129846346223,32.846751400621585,-32.24655188207187,53.17894534978414,-1.6216428693656137,0.785242033086605,2.8071190288069054,0.6051893801147337,28.637180756698783,27.279671096801756,25.92216143690473,-0.4611034393310547,1.0761521721275096,0.29556237734281154,78.57142857142857,28.571428571428573,-50.0,0.19047777633128282,-0.0010292795322544013,1.0218370590099282,1.0041379599735654,0.0442225392296719,0.012744265080713678,0.874940561103186,0.017822237553179257,0.9126518722931279,0.7150766026255927,3.469995244888255,0.7265625,-13906149.39337375,113108114.86024304,-104814473.06265253,-15586326.826506311,339324344.5807291,332031659.5518133,-7292685.028915796,332031659.5518133,16623032.051205125,22628772.663253427,932712966.1247159,851242234.8457987,15046525.140542446,17302252.715662967,16623032.051205125,16623032.051205125,16623032.051205125,16623032.051205125,17302252.715662967,16623032.051205125,0.030028703060241514,0.028956249379518607,22879011.855422106,21270331.33433774,31748619.692537967,21324405.62861884,31744628.949398175,31744628.949398175,1304353914.9512289,928458899.8578484,375895015.0933804,375895015.0933804,375895015.0933804,661096197.2536266,662132902.4783254,330637469.76687354,330637469.76687354,328885795.4216928,320413411.3439818,0.009473340846385717,568400.4507831429,27.973236083984375,2024-01-08,0,0,0,0,0,0,0,1,0,0,0,-3.4396147506019354,0
27.441055297851562,27.65911521911621,27.901361560821535,25.330549583435058,27.79031038301641,27.702966236880545,27.40537883089317,26.515170983565568,58.78806211209143,89.07507728137722,67.28608248882117,0.5256550549502848,0.6780436587469085,-0.15238860379662378,28.2233275282048,43.1016498248799,-25.000060728647593,51.97732811175675,-0.6101599362903998,0.7771843435568242,2.759362039658527,0.6724343796696743,28.977691127271218,27.441055297851562,25.904419468431907,-0.17290878295898438,0.6203180796963823,0.17126392706846616,71.42857142857143,21.42857142857143,-50.0,0.38571451926692046,0.006868251753439303,1.024238254268733,1.009294336139576,0.0442225392296719,0.012744265080713678,0.874940561103186,0.017822237553179257,0.9126518722931279,0.7150766026255927,3.469995244888255,0.7265625,-13811289.976773515,112336559.09128895,-104099491.54730064,-15480006.246460803,337009677.27386683,329766738.5713944,-7242938.7024724865,329766738.5713944,16509639.689459343,22474412.738554332,926350557.2853414,845435570.5062492,14943886.76407191,17184227.117630802,16509639.689459343,16509639.689459343,16509639.689459343,16509639.689459343,17184227.117630802,16509639.689459343,0.02982386524547494,0.028758727200993695,22722944.94893329,21125237.882211417,31532049.63732686,21178943.31406601,31528086.116644938,31528086.116644938,1295456394.2995765,922125509.708899,373330884.5906774,373330884.5906774,373330884.5906774,656586595.2197239,657616228.6627225,328382059.1135687,328382059.1135687,326642333.64091605,318227743.0895142,0.00940871939291769,564523.1635750614,28.165363311767575,2024-01-09,0,0,0,0,0,0,0,1,0,0,0,-2.8296521607106433,0
27.90215301513672,27.71290988922119,27.927725982666015,25.47476203918457,28.040208498752477,27.855155053852194,27.51343844035331,26.59457622853259,61.19422635882552,88.26765520056381,82.41652732058564,0.5560286223943329,0.6536406514763934,-0.09761202908206046,27.932367395968743,86.32014782634609,-10.869654768599576,55.47647385034992,1.921097015402684,0.771760590571847,2.7041361690964694,0.7012518017671425,29.04773921985224,27.90215301513672,26.756566810421198,0.5379467010498047,0.2253317073566006,0.0624769161909029,64.28571428571429,14.285714285714286,-50.0,0.5616439787840034,0.013301494261233504,1.025008548437147,1.0139931692180224,0.0442225392296719,0.012744265080713678,0.874940561103186,0.017822237553179257,0.9126518722931279,0.7150766026255927,3.469995244888255,0.7265625,-13629990.733254464,110861929.76868156,-102732989.27995396,-15276801.95295359,332585789.30604464,325437927.8418187,-7147861.464225992,325437927.8418187,16292919.51404454,22179393.66105418,914190458.1525507,834337633.2654378,14747720.050454509,16958651.709242057,16292919.51404454,16292919.51404454,16292919.51404454,16292919.51404454,16958651.709242057,16292919.51404454,0.0294323707350482,0.02838121463736791,22424663.41717958,20847929.27065914,31118131.983330283,20900929.71737589,31114220.49133667,31114220.49133667,1278451084.5353615,910020872.2984189,368430212.23694265,368430212.23694265,368430212.23694265,647967657.1467218,648983774.7078128,324071424.9148343,324071424.9148343,322354536.62195647,314050403.45028216,0.00928521219617592,557112.7317705553,28.54000473022461,2024-01-10,0,0,0,0,0,0,0,1,0,0,0,-3.056255013138248,0
28.269108963012695,27.773429107666015,27.914028263092042,25.618225860595704,28.24843321913902,28.002378254953996,27.623099794597003,26.67576471603767,61.99083523882501,92.38492776870417,89.90922008354835,0.5834508405960044,0.6396026893003156,-0.056151848704311225,27.472273181361167,79.48131409139084,-6.159615368252081,62.1378969666784,2.156802780762801,0.7722134905728935,2.6939356415117492,0.7781011905864972,28.834540803512056,28.269108963012695,27.703677122513334,0.6051921844482422,-0.037018497256065,-0.010301003089317362,57.142857142857146,7.142857142857143,-50.0,0.3333341182509799,0.004375539908556991,1.027863759010861,1.0091308914626376,0.0442225392296719,0.012744265080713678,0.874940561103186,0.017822237553179257,0.9126518722931279,0.7150766026255927,3.469995244888255,0.7265625,-13570611.978956997,110378962.21444716,-102285435.2758404,-15210248.901864398,331136886.6433414,324020164.6800838,-7116721.963257655,324020164.6800838,16221939.76919024,22082769.62128478,910207807.565468,830702859.7504474,14683471.933015425,16884771.716748554,16221939.76919024,16221939.76919024,16221939.76919024,16221939.76919024,16884771.716748554,16221939.76919024,0.029304149260472694,0.0282575725011701,22326970.865122054,20757105.72616816,30982566.52702178,20809875.27760663,30978672.07535685,30978672.07535685,1272881540.5557942,906056386.4202343,366825154.13556,366825154.13556,366825154.13556,645144800.326097,646156491.1934229,322659614.8929904,322659614.8929904,320950206.1861295,312682249.787639,0.0092447613738396,554685.682430376,28.66488265991211,2024-01-11,0,0,0,0,0,0,0,1,0,0,0,-2.130989242283441,0
28.157676696777344,27.69561901092529,27.89470739364624,25.742636604309084,27.980587712092028,27.901017971871095,27.60612807111139,26.70592675454592,50.9803713159263,69.63393336773079,83.42883877899953,0.5009656545831298,0.6118752823568785,-0.11090962777374869,25.82646754341594,-21.605366245810817,-50.56186139863921,60.35320673105558,-2.756974920353672,0.8282127503421798,3.0177295234730956,1.5562031273429007,29.027419355065636,28.157676696777344,27.287934038489052,-0.7781009674072266,-0.410901521567033,-0.1145777702331543,50.0,0.0,-50.0,-0.740740531429564,-0.04256029848048937,1.04783842715513,0.9661819408075599,0.0442225392296719,0.012744265080713678,0.874940561103186,0.017822237553179257,0.9126518722931279,0.7150766026255927,3.469995244888255,0.7265625,-14173855.499641046,115285549.61661766,-106832247.62197313,-15886377.886487136,345856648.849853,338423572.9580104,-7433075.891842606,338423572.9580104,16943040.635817703,23064397.25262926,950668544.578752,867629427.1399809,15336184.523904668,17635336.919861868,16943040.635817703,16943040.635817703,16943040.635817703,16943040.635817703,17635336.919861868,16943040.635817703,0.030606783084057784,0.02951368368819858,23319453.77832974,21679804.68454093,32359809.686031096,21734919.95848949,32355742.117432516,32355742.117432516,1329463921.8904958,946332583.6418438,383131338.2486519,383131338.2486519,383131338.2486519,673822904.2541436,674879567.0034741,337002543.7433934,337002543.7433934,335217148.06349003,326581662.8362023,0.00965571133008966,579342.6798053795,27.444896697998047,2024-01-12,0,0,0,0,0,0,0,1,0,0,0,-1.6159324151801755,0
28.08082733154297,27.680249214172363,27.853470897674562,25.86992919921875,27.850054893998852,27.844285478405897,27.60449580317816,26.740556656634805,52.063343437782436,55.24422207806387,72.42102773816622,0.44212606171399216,0.5779254382283012,-0.13579937651430907,24.438420406595494,-66.15869693242226,-44.943902979725905,63.19220346561579,-0.5540125449307598,0.8548242883618385,3.098425536266335,1.2007742826174024,29.06283478710005,28.08082733154297,27.09881987598589,-0.15369796752929688,-0.6701108327209587,-0.1870799431434058,42.85714285714286,78.57142857142857,35.714285714285715,0.25599975585937634,0.005250249669366269,1.045339137244701,1.0112675950395233,0.0442225392296719,0.012744265080713678,0.874940561103186,0.017822237553179257,0.9126518722931279,0.7150766026255927,3.469995244888255,0.7265625,-14099827.882960413,114683432.9606343,-106274281.11269905,-15803406.059050746,344050298.88190293,336656044.67078745,-7394254.211115487,336656044.67078745,16854550.040042654,22943935.86096129,945703365.7951674,863097947.4268724,15256086.262051512,17543230.579313215,16854550.040042654,16854550.040042654,16854550.040042654,16854550.040042654,17543230.579313215,16854550.040042654,0.03044692910459318,0.02935953877942914,23197660.270166233,21566574.78242017,32190799.94924096,21621402.198744297,32186753.62485565,32186753.62485565,1322520359.8086803,941390050.8386834,381130308.96999675,381130308.96999675,381130308.96999675,670303642.7752877,671354786.7562796,335242437.2480742,335242437.2480742,333466366.3836396,324875982.81484365,0.009605281205615705,576316.8723369424,27.5889892578125,2024-01-16,0,0,0,0,0,0,0,1,0,0,0,-0.16956597967337583,0
27.848357009887696,27.644706153869627,27.818739223480225,25.96774368286133,27.56770716382964,27.691326610239592,27.547211603207973,26.750849011413486,47.47036951494946,30.834333576230176,51.90416300734156,0.34424354374571564,0.5311890593317841,-0.18694551558606842,23.021211817572144,-59.90124553091207,-67.79031183548221,54.56183420039602,-1.2991624268851587,0.8568918330640706,3.173319489223061,0.8837699141930884,29.14133844744355,27.848357009887696,26.55537557233184,-0.35543060302734375,-0.9199054314643674,-0.256520564739521,35.714285714285715,71.42857142857143,35.714285714285715,-0.413042531797782,-0.021239544111075204,1.0328571455819264,0.9866620160119542,0.0442225392296719,0.012744265080713678,0.874940561103186,0.017822237553179257,0.9126518722931279,0.7150766026255927,3.469995244888255,0.7265625,-14405800.518529061,117172115.271532,-108580481.02911879,-16146347.110742085,351516345.814596,343961632.9462671,-7554712.868328865,343961632.9462671,17220301.391043738,23441829.635549862,966225556.1155314,881827562.8463085,15587150.226860879,17923926.609172404,17220301.391043738,17220301.391043738,17220301.391043738,17220301.391043738,17923926.609172404,17220301.391043738,0.03110764122253062,0.029996654036011674,23701059.97907095,22034579.199292522,32889354.852413606,22090596.395322714,32885220.72096094,32885220.72096094,1351219649.1505651,961818640.2756729,389401008.87489223,389401008.87489223,389401008.87489223,684849534.6764985,685923488.9568002,342517349.6037925,342517349.6037925,340702737.1991449,331925938.4256452,0.009813720147584066,588823.2088550439,27.00301170349121,2024-01-17,0,0,0,0,0,0,0,1,0,0,0,-1.508000611696182,0
27.90983657836914,27.90599479675293,27.878136539459227,26.092134475708008,27.994272300097037,27.901522239765455,27.671039314581673,26.83306679812793,59.56250137848124,56.771607881407284,47.616721178567055,0.41076285348838937,0.5071038181631051,-0.09634096467471576,22.34050405597558,78.66554746784388,-1.4184045067669855,63.13793907540318,9.95972791916968,0.930172037427404,3.224456812308913,1.8828146941507384,29.349438753421147,27.90983657836914,26.470234403317136,2.612886428833008,-0.7393380446835058,-0.20647903589101801,28.571428571428573,100.0,71.42857142857143,0.9368426547487461,0.06830315408492615,1.067447625608251,1.0630088738635577,0.0442225392296719,0.012744265080713678,0.874940561103186,0.017822237553179257,0.9126518722931279,0.7150766026255927,3.469995244888255,0.7265625,-13484749.589519469,109680585.35023032,-101638266.8289745,-15114012.39339457,329041756.050691,321970062.1785522,-7071693.872138744,321970062.1785522,16119302.20855155,21943050.103254046,904448847.1469214,825446933.7419989,14590568.386192145,16777940.36330957,16119302.20855155,16119302.20855155,16119302.20855155,16119302.20855155,16777940.36330957,16119302.20855155,0.029118739473512477,0.028078784492315604,22185706.265533317,20625773.793738004,30786537.254573174,20678209.46784043,30782667.443427473,30782667.443427473,1264827913.2976782,900323692.3881738,364504220.9095044,364504220.9095044,364504220.9095044,641062915.5757931,642068205.3909501,320618120.7029963,320618120.7029963,318919527.5670414,310703883.2155861,0.009186269000572388,551176.1400343433,28.847402572631836,2024-01-18,0,0,0,0,0,0,0,1,0,0,0,-6.800895271709913,0
27.93865547180176,28.103882217407225,27.909356784820556,26.219002990722657,28.265840575756425,28.066514037458134,27.77941434434296,26.91055347769449,59.256456695109904,71.84739041474118,53.15111062412617,0.45513278593766415,0.4967096117180169,-0.041576825780352766,21.77768243764868,112.52331179433656,-5.190298269765489,64.63746222474134,7.3755744150671765,0.9268576039369326,3.2172527328846225,0.8837699685608058,29.44192511521213,27.93865547180176,26.43538582839139,1.9788742065429688,-0.4157157258186636,-0.11622655086028288,21.42857142857143,100.0,78.57142857142857,-0.16304305009899642,-0.0013320244503779444,1.031485287402915,0.9950232375060435,0.0442225392296719,0.012744265080713678,0.874940561103186,0.017822237553179257,0.9126518722931279,0.7150766026255927,3.469995244888255,0.7265625,-13502735.563436953,109826877.43628411,-101773832.06168933,-15134171.479841933,329480632.3088524,322399506.20360523,-7081126.105247143,322399506.20360523,16140802.151666282,21972317.767752163,905655202.0196235,826547915.7752204,14610029.302443737,16800318.798723612,16140802.151666282,16140802.151666282,16140802.151666282,16140802.151666282,16800318.798723612,16140802.151666282,0.02915757808042941,0.028116236006128364,22215297.585089076,20653284.4736375,30827600.37201518,20705790.08650004,30823725.39931109,30823725.39931109,1266514942.1674142,901524545.124896,364990397.0425182,364990397.0425182,364990397.0425182,641917966.0016441,642924596.6734685,321045761.50701386,321045761.50701386,319344902.78565544,311118300.3986772,0.009198521656325946,551911.2993795567,28.808977127075195,2024-01-19,0,0,0,0,0,0,0,1,0,0,0,-5.97263635461419,0
28.24413299560547,28.200904846191406,27.96171064376831,26.348564758300782,28.50132182284315,28.2311995428324,27.893021008407118,26.991405667471827,60.192609404821454,93.65313002125838,74.09070943913558,0.49773620929424567,0.4969149312332627,0.0008212780609829773,21.612209682007514,132.8635307361135,-10.461535803113362,63.41133362557333,3.4648392158566965,0.8963336740600644,3.093762522320724,0.49952258566077745,29.839822890592504,28.24413299560547,26.648443100618433,0.9702262878417969,0.3956955470821827,0.11063436361459722,14.285714285714286,100.0,85.71428571428572,0.09615229431830681,0.00566862159739534,1.0173449121315392,1.0016605525090345,0.0442225392296719,0.012744265080713678,0.874940561103186,0.017822237553179257,0.9126518722931279,0.7150766026255927,3.469995244888255,0.7265625,-13426625.106378805,109207819.63131757,-101200166.61157495,-15048865.157792183,327623458.8939527,320582246.7559032,-7041212.138049553,320582246.7559032,16049821.78526001,21848467.075418465,900550323.009073,821888938.3884115,14527677.396593416,16705620.954980312,16049821.78526001,16049821.78526001,16049821.78526001,16049821.78526001,16705620.954980312,16049821.78526001,0.028993226450792275,0.027957754077549697,22090077.295841735,20536868.735977862,30653835.378744226,20589078.392056365,30649982.24798041,30649982.24798041,1259376016.0834022,896442949.2618774,362933066.82152474,362933066.82152474,362933066.82152474,638299686.6125019,639300643.2399697,319236132.6706878,319236132.6706878,317544861.12772495,309364629.37910855,0.00914667263030947,548800.3578185681,28.9722843170166,2024-01-22,0,0,0,0,0,0,0,1,0,0,0,-4.069369876050547,0
28.703309631347658,28.392068481445314,28.03423728942871,26.488167381286623,28.96250536073658,28.531867341685317,28.082721144418198,27.104874952532676,65.02830323278826,90.55704290389254,85.35252111329733,0.5982418045423188,0.5171803058950739,0.08106149864724488,22.307470419298287,180.14571294114046,-8.96224222776877,63.023264696037685,6.833804808280797,0.9235686054568258,3.0904217758282866,1.2776227136147256,30.577637133778648,28.703309631347658,26.828982128916667,1.911636352539066,1.0207963788191778,0.2862154765006828,7.142857142857143,100.0,92.85714285714286,0.13235310617196186,0.031498659529957784,1.0220707665356326,1.0029013588413849,0.0442225392296719,0.012744265080713678,0.874940561103186,0.017822237553179257,0.9126518722931279,0.7150766026255927,3.469995244888255,0.7265625,-13016619.054548424,105872963.20974605,-98109838.22091511,-14589321.099699518,317618889.6292381,310792693.51836956,-6826196.1108685825,310792693.51836956,15559711.723303385,21181284.991077513,873050405.5327067,796791087.2156994,14084048.740512677,16195484.890492126,15559711.723303385,15559711.723303385,15559711.723303385,15559711.723303385,16195484.890492126,15559711.723303385,0.02810786633887063,0.027104013969625255,21415517.2105681,19909738.65670003,29717765.598176185,19960353.99739499,29714030.12966324,29714030.12966324,1220918713.2218723,869068457.8013667,351850255.4205056,351850255.4205056,351850255.4205056,618808062.1484935,619778452.7720975,309487685.43835056,309487685.43835056,307848059.90191644,299917626.18487793,0.008867362595000854,532041.7557000512,29.88487243652344,2024-01-23,0,0,0,0,0,0,0,1,0,0,0,-6.0939809602585715,0
29.279681777954103,28.564019393920898,28.111567306518555,26.63999092102051,29.269961052665533,28.77786826801952,28.254354600809172,27.213894461708783,65.02830323278826,88.68731097608524,90.96582796707868,0.6701679341008671,0.5477778315362325,0.12239010256463456,22.953069675354005,155.78058213079308,-8.983434192006714,68.56890718898663,6.10504862203376,0.8912210852537117,2.9821813265112564,0.4707033226132289,30.273837840207843,29.279681777954103,28.285525715700363,1.7195091247558665,1.3758085628245376,0.386533859448555,0.0,92.85714285714286,92.85714285714286,-0.42856976033568706,0.0,1.0158575979665811,0.9932950483231532,0.0442225392296719,0.012744265080713678,0.874940561103186,0.017822237553179257,0.9126518722931279,0.7150766026255927,3.469995244888255,0.7265625,-13016619.054548424,105872963.20974605,-98109838.22091511,-14589321.099699518,317618889.6292381,310792693.51836956,-6826196.1108685825,310792693.51836956,15559711.723303385,21181284.991077513,873050405.5327067,796791087.2156994,14084048.740512677,16195484.890492126,15559711.723303385,15559711.723303385,15559711.723303385,15559711.723303385,16195484.890492126,15559711.723303385,0.02810786633887063,0.027104013969625255,21415517.2105681,19909738.65670003,29717765.598176185,19960353.99739499,29714030.12966324,29714030.12966324,1220918713.2218723,869068457.8013667,351850255.4205056,351850255.4205056,351850255.4205056,618808062.1484935,619778452.7720975,309487685.43835056,309487685.43835056,307848059.90191644,299917626.18487793,0.008867362595000854,532041.7557000512,29.88487243652344,2024-01-24,0,0,0,0,0,0,0,1,0,0,0,-5.059923616376538,0
29.34884605407715,28.629341316223144,28.171125602722167,26.781609649658204,29.244382019526046,28.85338748351544,28.343770729612782,27.291515226082833,58.754691713343234,70.1158596009287,83.12007116030212,0.6637088354127165,0.5709640323115293,0.09274480310118727,24.513604535069785,127.43406689377449,-46.08030554055656,53.294111666450725,2.288784564673474,1.0231170017007756,3.5046386220970205,2.7377639155126055,30.257525977388052,29.34884605407715,28.440166130766247,0.6532192230224609,1.5297981389602402,0.4306772549947091,0.0,100.0,100.0,-0.7403514877327301,-0.02314376562073195,1.0951585442911815,0.935076904296875,0.0442225392296719,0.012744265080713678,0.874940561103186,0.017822237553179257,0.9126518722931279,0.7150766026255927,3.469995244888255,0.7265625,-13325009.962002939,108381314.96086708,-100434265.3177188,-14934972.605226943,325143944.88260126,318156021.9205226,-6987922.962078662,318156021.9205226,15928353.81062048,21683113.8970382,893734794.1352664,815668733.2010641,14417729.287935827,16579189.772774864,15928353.81062048,15928353.81062048,15928353.81062048,15928353.81062048,16579189.772774864,15928353.81062048,0.028773800432088607,0.027746164702371158,21922895.567305606,20381441.97272943,30421841.569204904,20433256.496621087,30418017.599636525,30418017.599636525,1249844829.006687,889658505.7407206,360186323.2659663,360186323.2659663,360186323.2659663,633468918.3221602,634462299.5275538,316820095.4718899,316820095.4718899,315141623.7800181,307023301.5152502,0.009077448945837478,544646.9367502487,29.19322395324707,2024-01-25,0,0,0,0,0,0,0,1,0,0,0,-1.6527875935021932,0
29.36805839538574,28.65335693359375,28.213393020629884,26.918801345825194,29.13126762422342,28.862778638079572,28.397224834756152,27.354790661672453,56.316748532148765,44.699176490679804,67.83411568923121,0.6280955282033105,0.5823903314898855,0.04570519671342499,25.575229380410626,51.748710815124454,-51.816429391201275,51.415817473816595,0.8378062333459724,1.050216036592642,3.633332038188382,1.4025034901869056,30.2332912306769,29.36805839538574,28.502825560094582,0.2401561737060547,1.5758956956954209,0.4444098594861181,42.85714285714286,92.85714285714286,50.0,-0.3013704177879981,-0.009871644190118767,1.0491747746113336,0.9855879291136052,0.0442225392296719,0.012744265080713678,0.874940561103186,0.017822237553179257,0.9126518722931279,0.7150766026255927,3.469995244888255,0.7265625,-13457861.179123254,109461883.7294241,-101435601.48377733,-15083875.25474997,328385651.1882723,321328058.1791691,-7057593.009103198,321328058.1791691,16087160.535455817,21899295.954717275,902645388.2378017,823801003.591987,14561474.987899685,16744485.37453896,16087160.535455817,16087160.535455817,16087160.535455817,16087160.535455817,16744485.37453896,16087160.535455817,0.02906067709630728,0.02802279577143917,22141468.26385317,20584646.276550993,30725149.310890283,20636977.3946203,30721287.21609627,30721287.21609627,1262305863.3487666,898528458.9824914,363777404.36627513,363777404.36627513,363777404.36627513,639784644.6928698,640787929.9735756,319978812.4568406,319978812.4568406,318283606.2928893,310084343.82643116,0.009167951703001703,550077.1021801021,28.905038833618164,2024-01-26,0,0,0,0,0,0,0,1,0,0,0,-1.5743309029325487,0
29.37766456604004,28.810898780822754,28.253258895874023,27.03519332885742,29.09428347291164,28.891421643935665,28.45656677147348,27.42010534828483,57.083853932845166,23.047370267132376,45.95413545291358,0.602231413762734,0.5863585479444552,0.015872865818278847,26.146525353928066,17.25590740340849,-49.521934293609895,48.59945446507151,5.740296600952277,1.0362685194654577,3.5708382675541097,0.8549507968120622,30.22600961895247,29.37766456604004,28.529319513127607,1.5754184722900426,1.6020192325340508,0.4522917698591158,35.714285714285715,85.71428571428572,50.0,0.0449427366399843,0.003988105234297601,1.0302617951127513,1.0013257874735686,0.0442225392296719,0.012744265080713678,0.874940561103186,0.017822237553179257,0.9126518722931279,0.7150766026255927,3.469995244888255,0.7265625,-13404403.009319155,109027072.29173729,-101032672.55353153,-15023958.128697049,327081216.8752119,320051658.4847206,-7029558.39049128,320051658.4847206,16023258.095972769,21812306.182259705,899059842.9720979,820528648.9920506,14503632.97332245,16677971.867636172,16023258.095972769,16023258.095972769,16023258.095972769,16023258.095972769,16677971.867636172,16023258.095972769,0.02894524043143468,0.027911481844597727,22053516.519188326,20502878.6389329,30603100.923909903,20555001.884015664,30599254.170373805,30599254.170373805,1257291651.9306633,894959267.2443113,362332384.68635195,362332384.68635195,362332384.68635195,637243251.545859,638242551.5131347,318707772.32183254,318707772.32183254,317019299.96333224,308852607.1273203,0.009131534183726418,547892.051023585,29.02031517028809,2024-01-29,0,0,0,0,0,0,0,1,0,0,0,-2.4977320083341543,0
29.20091018676758,28.95210990905762,28.31617956161499,27.13898006439209,29.063222495328137,28.911363261431205,28.508427130396115,27.48210515973096,56.90447845273761,19.823113431012644,29.18988672960823,0.5735716793759451,0.5838011742307532,-0.010229494854808063,26.809946423084316,28.8615221456519,-49.904388107653034,46.46873763791139,5.11838715493631,1.008221845136509,3.476495120384515,0.6436150788601758,29.909679119352674,29.20091018676758,28.492141254182485,1.4121112823486328,1.5524143321512907,0.438929411081169,28.571428571428573,78.57142857142857,50.0,0.5671657087222807,-0.000662109629554597,1.0224756822642487,1.0127474362604194,0.0442225392296719,0.012744265080713678,0.874940561103186,0.017822237553179257,0.9126518722931279,0.7150766026255927,3.469995244888255,0.7265625,-13413284.073868414,109099307.99413796,-101099611.57990281,-15033912.226752259,327297923.9824139,320263708.1698967,-7034215.812517112,320263708.1698967,16033874.278531652,21826757.888839863,899655513.5509018,821072288.861066,14513242.330825748,16689021.829697462,16033874.278531652,16033874.278531652,16033874.278531652,16033874.278531652,16689021.829697462,16033874.278531652,0.028964418051541048,0.0279299745497003,22068128.039269373,20516462.786508244,30623376.956682403,20568620.565758906,30619527.654486254,30619527.654486254,1258124668.3887837,895552220.9936001,362572447.3951835,362572447.3951835,362572447.3951835,637665455.9847008,638665418.0364802,318918931.61750376,318918931.61750376,317229340.56449723,309057236.8999553,0.009137584266259975,548255.0559755984,29.001100540161133,2024-01-30,0,0,0,0,0,0,0,1,0,0,0,-9.226172644410244,0
28.966519165039063,29.12310047149658,28.383903312683106,27.24941505432129,28.946454106179043,28.87528218260387,28.527902387299424,27.530372303579977,54.15584721975151,20.255636589007096,21.042040095717326,0.5215920679294506,0.5713593529704927,-0.04976728504104211,26.861043122525324,2.8711717925165425,-55.64047399385324,46.73546923557037,6.332277462845282,1.0000186034205976,3.482817827255603,0.8933764611137498,29.2809439295163,28.966519165039063,28.652094400561825,1.7099056243896484,1.8875337400069885,0.5338832659599113,21.42857142857143,71.42857142857143,50.0,-0.22580744398959826,-0.00993697504276414,1.0315896837060148,0.9930232229514996,0.0442225392296719,0.012744265080713678,0.874940561103186,0.017822237553179257,0.9126518722931279,0.7150766026255927,3.469995244888255,0.7265625,-13547909.310569173,110194306.0633441,-102114319.01950851,-15184803.237553108,330582918.19003236,323478101.9963148,-7104816.1937175095,323478101.9963148,16194801.618032558,22045826.718741093,908685094.6582526,829313152.9647124,14658907.529096566,16856524.694898404,16194801.618032558,16194801.618032558,16194801.618032558,16194801.618032558,16856524.694898404,16194801.618032558,0.029255125503542683,0.028210299592701875,22289619.431270618,20722380.5650094,30930734.89741234,20775061.836742498,30926846.96088798,30926846.96088798,1270752100.2949548,904540618.5452508,366211481.74970394,366211481.74970394,366211481.74970394,644065518.9726367,645075517.3531162,322119828.31222177,322119828.31222177,320413279.3245151,312159154.6288727,0.00922929554576049,553757.7327456294,28.71291732788086,2024-01-31,0,0,0,0,0,0,0,1,0,0,0,-9.088685556467393,0
28.92617301940918,29.137509536743163,28.521752166748048,27.355491981506347,28.96146714581858,28.896411463057284,28.57205389566116,27.587671163247336,56.35070703159223,27.14031629815621,22.406355439391934,0.49714581067180674,0.5565166445107554,-0.0593708338389487,26.862268321978284,8.990660278596687,-50.09561501467457,46.710800781502485,0.49949263925246346,0.9951458560615842,3.432544327175587,0.9318001403944116,29.15362543375426,28.92617301940918,28.6987206050641,0.1440906524658203,2.2099561531501406,0.6256347069373511,14.285714285714286,64.28571428571429,50.0,0.09278372814167232,0.009702110518261087,1.0329819557425073,1.0029910319751245,0.0442225392296719,0.012744265080713678,0.874940561103186,0.017822237553179257,0.9126518722931279,0.7150766026255927,3.469995244888255,0.7265625,-13417729.0207062,109135461.75196508,-101133114.36686523,-15038894.223722115,327406385.25589526,320369838.417273,-7036546.838622275,320369838.417273,16039187.646859596,21833990.925724998,899953644.933793,821344379.025851,14518051.786157427,16694552.303397946,16039187.646859596,16039187.646859596,16039187.646859596,16039187.646859596,16694552.303397946,16039187.646859596,0.02897401639432701,0.02793923009452962,22075441.06234439,20523261.6126483,30633525.051795896,20575436.676149014,30629674.47400284,30629674.47400284,1258541590.6902497,895848992.6112633,362692598.07898635,362692598.07898635,362692598.07898635,637876768.0717732,638877061.4949106,319024616.2275364,319024616.2275364,317334465.2712006,309159653.5028012,0.009140612314876975,548436.7388926185,28.991493225097656,2024-02-01,0,0,0,0,0,0,0,1,0,0,0,-10.595134491745073,0
28.979967880249024,29.174013137817383,28.638947677612304,27.459108848571777,29.032315809818183,28.946884494831846,28.629383347295086,27.64988065244616,57.77704631715709,49.10038940273703,32.165447429966726,0.48688727382739927,0.5425907703740842,-0.05570349654668494,26.96598762582956,24.31182116264042,-46.462683425710594,49.955260065138944,1.267091188736158,0.9714088610026449,3.329705983245196,0.6628279252364351,29.278198510746385,28.979967880249024,28.681737249751663,0.3650360107421875,2.6855192812354867,0.7614762966449433,7.142857142857143,57.142857142857146,50.0,0.47826038882239047,0.006295636837419627,1.023154380930302,1.0109853499883044,0.0442225392296719,0.012744265080713678,0.874940561103186,0.017822237553179257,0.9126518722931279,0.7150766026255927,3.469995244888255,0.7265625,-13333784.356727775,108452683.04546705,-100500400.34428236,-14944807.145329846,325358049.1364011,318365524.692256,-6992524.444145157,318365524.692256,15938842.48297793,21697392.02521512,894323310.1578004,816205843.4509043,14427223.228140669,16590107.014540471,15938842.48297793,15938842.48297793,15938842.48297793,15938842.48297793,16590107.014540471,15938842.48297793,0.02879274771118594,0.027764435292929303,21937331.589475002,20394862.96209004,30441874.06801322,20446711.6053622,30438047.580396567,30438047.580396567,1250667840.164335,890244337.5653825,360423502.5989526,360423502.5989526,360423502.5989526,633886051.6940019,634880087.03165,317028718.54852235,317028718.54852235,315349141.59870315,307225473.4944757,0.009083426361266994,545005.5816760196,29.174013137817383,2024-02-02,0,0,0,0,0,0,0,1,0,0,0,-14.133640524373526,0
28.891590881347657,29.134627723693846,28.667766284942626,27.560361633300783,28.88102059847254,28.87989280045901,28.62453066429377,27.686294359243615,51.82579488686504,54.87455326440669,43.70508632176659,0.42579049415636305,0.51923071513054,-0.09344022097417692,26.59406785710238,-43.41215493775053,-63.54160058248222,54.73500002203424,-1.3594169411212942,0.9603457286233145,3.3603865667791584,0.8165250076920181,29.32215241314562,28.891590881347657,28.461029349549694,-0.39385414123535156,2.534323085666946,0.719110403305443,0.0,50.0,50.0,-0.33962399953935685,-0.02041484519879433,1.0179538879091543,0.9939859571219365,0.0442225392296719,0.012744265080713678,0.874940561103186,0.017822237553179257,0.9126518722931279,0.7150766026255927,3.469995244888255,0.7265625,-13611664.377900558,110712869.130276,-102594858.49872606,-15256261.359292142,332138607.390828,325000356.6630858,-7138250.727742194,325000356.6630858,16271012.688235885,22149572.111082397,912961273.2231451,833215815.3382213,14727890.839738674,16935849.765819717,16271012.688235885,16271012.688235885,16271012.688235885,16271012.688235885,16935849.765819717,16271012.688235885,0.029392797114232566,0.028343054360152834,22394512.087034337,20819897.955914736,31076291.753513772,20872827.140292462,31072385.52076014,31072385.52076014,1276732128.936909,908797293.6319622,367934835.30494696,367934835.30494696,367934835.30494696,647096425.0398843,648111176.368828,323635691.08278215,323635691.08278215,321921111.2511186,313628143.4938887,0.009272727661037655,556363.6596622593,28.57843017578125,2024-02-05,0,0,0,0,0,0,0,1,0,0,0,-13.25654754404362,0
29.05297508239746,29.12694263458252,28.759505558013917,27.68467872619629,29.19002091411841,29.048643481359218,28.737244081542947,27.76949934693642,60.80245958897355,73.0504573409434,59.00846666936232,0.4711573943371299,0.5096160509718579,-0.03845865663472803,27.166495509659995,49.97794351527604,-38.228922310076264,66.0988105755925,-0.25715649707562793,0.9891838667680439,3.3185156729073775,1.3640796626495266,29.915231441376516,29.05297508239746,28.190718723418403,-0.0768508911132848,2.6072812899565183,0.7414016479100951,0.0,42.85714285714286,42.85714285714286,0.8802816428449577,0.04302515435823073,1.0479244048772767,1.0419744785486371,0.0442225392296719,0.012744265080713678,0.874940561103186,0.017822237553179257,0.9126518722931279,0.7150766026255927,3.469995244888255,0.7265625,-13050178.436277274,106145924.35059458,-98362784.5119922,-14626935.21392517,318437773.05178374,311593977.676461,-6843795.375322786,311593977.676461,15599827.693750469,21235894.473428056,875301299.693857,798845369.9862068,14120360.164085101,16237240.008118767,15599827.693750469,15599827.693750469,15599827.693750469,15599827.693750469,16237240.008118767,15599827.693750469,0.028180333898387942,0.02717389340201695,21470730.589247957,19961069.84469146,29794383.791860603,20011815.681603033,29790638.69258154,29790638.69258154,1224066479.7029533,871309085.7249186,352757393.9780348,352757393.9780348,352757393.9780348,620403469.9796288,621376362.4594542,310285605.03117865,310285605.03117865,308641752.2204394,300690872.2991085,0.008890224384610483,533413.463076629,29.808021545410156,2024-02-06,0,0,0,0,0,0,0,1,0,0,0,-14.43729672687234,0
29.216279983520508,29.091399574279784,28.827709484100343,27.800368881225587,29.30316122057764,29.136061363565922,28.812691486490866,27.838516699350524,58.15831253185208,66.155833881438,64.69361482892931,0.4791090639632536,0.503514653570137,-0.024405589606883438,27.940808069138253,86.84867431119562,-57.54187448770324,58.410540926772136,-1.1893328431710426,0.9665589013950582,3.2732041020113782,0.6724343515462436,30.06828766920919,29.216279983520508,28.364272297831825,-0.35543060302734375,2.522791939402644,0.7191101098671915,0.0,35.714285714285715,35.714285714285715,-0.31428439082075277,-0.009345796784589133,1.0228310752258056,0.9928940788158865,0.0442225392296719,0.012744265080713678,0.874940561103186,0.017822237553179257,0.9126518722931279,0.7150766026255927,3.469995244888255,0.7265625,-13173293.358994212,107147301.25413287,-99290735.54902579,-14764925.204425389,321441903.7623986,314533544.2630803,-6908359.499318302,314533544.2630803,15746995.917563776,21436233.152296495,883558861.258401,806381649.0086637,14253571.143446436,16390421.557206165,15746995.917563776,15746995.917563776,15746995.917563776,15746995.917563776,16390421.557206165,15746995.917563776,0.028446186173663592,0.02743025095317561,21673284.70374369,20149381.873011712,30075462.956857834,20200606.44435746,30071682.52644437,30071682.52644437,1235614279.6648376,879528984.8837986,356085294.78103894,356085294.78103894,356085294.78103894,626256334.4161439,627238405.1292822,313212828.4764459,313212828.4764459,311553467.61631554,303527579.37446046,0.008974094447643872,538445.6668586324,29.529441833496097,2024-02-07,0,0,0,0,0,0,0,1,0,0,0,-14.480395599205586,0
29.629347229003905,29.277760124206544,28.953550720214842,27.954817810058593,29.887717297889974,29.485291925192964,29.026418911826465,27.964725042611864,66.70703778735711,88.75970513826418,75.98866545354848,0.6017219591878948,0.5231561146936886,0.07856584449420623,29.33131862847043,167.58847060631305,-13.864181720936447,64.81555870415553,6.383691990484297,1.0141655521291053,3.265515411609375,1.6330520116717189,31.276494310520913,29.629347229003905,27.982200147486896,1.8636054992675781,2.3546364405437026,0.6745275350717392,0.0,28.571428571428573,28.571428571428573,0.8764721655938749,0.051724229249941134,1.0554648899428711,1.0483139322663644,0.0442225392296719,0.012744265080713678,0.874940561103186,0.017822237553179257,0.9126518722931279,0.7150766026255927,3.469995244888255,0.7265625,-12525425.38493101,101877753.00236945,-94407576.4231818,-14038780.122956093,305633259.00710833,299064655.46333987,-6568603.543768447,299064655.46333987,14972552.19535455,20381990.40786974,840105073.8257968,766723468.5500699,13552574.66456931,15584333.897960434,14972552.19535455,14972552.19535455,14972552.19535455,14972552.19535455,15584333.897960434,14972552.19535455,0.027047191062575957,0.02608121995319825,20607383.66672454,19158427.002657972,28596339.34487444,19207132.328561015,28592744.8375803,28592744.8375803,1174846262.2621536,836273388.4252652,338572873.8368883,338572873.8368883,338572873.8368883,595456790.8574015,596390562.9297999,297808893.02114886,297808893.02114886,296231140.2091653,288599968.44508135,0.00853274479950313,511964.6879701878,31.05682945251465,2024-02-08,0,0,0,0,0,0,0,1,0,0,0,-14.737203353517714,0
30.036650466918946,29.508309173583985,29.08083305358887,28.10508457183838,30.328654641057508,29.798971452865622,29.234429427594666,28.092011485152284,67.42821607813116,87.5636393824419,80.82639280071464,0.7031899217138431,0.5591628760977195,0.14402704561612356,30.794014306445224,176.27719602521367,-9.14439550131975,68.06978780480587,7.976085093831453,0.9993623363138976,3.202003804007215,0.806920530716198,32.007375194682716,30.036650466918946,28.065925739155173,2.3054904937744105,2.058431267413785,0.5936138201982573,57.142857142857146,21.42857142857143,-35.714285714285715,0.25000340597907594,0.004948987954901618,1.0264150997717298,1.0065056662673917,0.0442225392296719,0.012744265080713678,0.874940561103186,0.017822237553179257,0.9126518722931279,0.7150766026255927,3.469995244888255,0.7265625,-12463742.473556384,101376044.18080309,-93942655.35338642,-13969644.520489931,304128132.54240924,297591876.84933597,-6536255.693073271,297591876.84933597,14898818.123917015,20281616.929977354,835967878.8626212,762947649.8208859,13485833.437326174,15507587.036507173,14898818.123917015,14898818.123917015,14898818.123917015,14898818.123917015,15507587.036507173,14898818.123917015,0.026913994030301702,0.02595277995779093,20505900.213563204,19064079.10479704,28455513.352044635,19112544.575668514,28451936.546318945,28451936.546318945,1169060595.4566884,832155063.0416617,336905532.41502666,336905532.41502666,336905532.41502666,592524394.7647254,593453568.3681526,296342298.55507195,296342298.55507195,294772315.569971,287178724.3971359,0.008490724307178513,509443.45843071083,31.210529327392575,2024-02-09,0,0,0,0,0,0,0,1,0,0,0,-16.456650019256493,0
30.620707702636718,29.756149291992188,29.28352403640747,28.251376457214356,30.71867521216171,30.108015980411896,29.45007580157328,28.225607754533375,68.79319248683636,94.00680386097552,90.11004946056049,0.7976633312954711,0.6068629671372698,0.19080036415820123,32.483250681691445,173.15509866190942,-11.749344497725051,66.06140888787853,8.540228352238888,1.0013983339957375,3.1791718834815437,1.027866303859657,32.21075447165098,30.620707702636718,29.03066093362246,2.4784011840820277,2.0889855209816264,0.6061761318108978,50.0,100.0,50.0,0.39252393090785626,0.00923364752819511,1.0332609129755685,1.012975038538814,0.0442225392296719,0.012744265080713678,0.874940561103186,0.017822237553179257,0.9126518722931279,0.7150766026255927,3.469995244888255,0.7265625,-12349709.607960908,100448537.78814475,-93083158.27902669,-13841833.905066723,301345613.3644343,294869158.9684856,-6476454.39594865,294869158.9684856,14762506.343706483,20096057.02272302,828319468.8465502,755967314.0996532,13362449.290464642,15365705.527642878,14762506.343706483,14762506.343706483,14762506.343706483,14762506.343706483,15365705.527642878,14762506.343706483,0.026667753395082677,0.025715333630972587,20318288.301015373,18889658.65485023,28195169.09859039,18937680.7070184,28191625.017658833,28191625.017658833,1158364664.4361687,824541537.1155802,333823127.3205885,333823127.3205885,333823127.3205885,587103289.9229333,588023962.3615731,293631013.2751425,293631013.2751425,292075394.327096,284551278.19062626,0.008413041249639179,504782.4749783507,31.498716354370117,2024-02-12,0,0,0,0,0,0,0,1,0,0,0,-16.669150357818047,0
30.908893585205078,29.98093433380127,29.466522121429442,28.388090171813964,30.895433794191792,30.315458703655544,29.621397245066486,28.344170233110574,66.20373596406382,85.10457606824612,88.8916731038878,0.842666474367995,0.6540236685834149,0.18864280578458015,33.61295603625466,119.17333443208452,-18.53796028026431,66.06854227751387,7.750914193680214,0.9895657416653213,3.1667166779050078,0.8357420413699117,32.317236212007344,30.908893585205078,29.500550958402812,2.2478504180908203,2.3217607652749805,0.6766216449248468,42.85714285714286,92.85714285714286,50.0,0.17073062940055891,-0.007929383321790828,1.0256892731896277,1.0043223029418513,0.0442225392296719,0.012744265080713678,0.874940561103186,0.017822237553179257,0.9126518722931279,0.7150766026255927,3.469995244888255,0.7265625,-12448417.885121876,101251398.94222523,-93827149.71510884,-13952468.37509804,303754196.8266757,297225977.67869407,-6528219.147981652,297225977.67869407,14880499.52848759,20256680.00329601,834940028.3823004,762009580.1555839,13469252.15385038,15488519.939329019,14880499.52848759,14880499.52848759,14880499.52848759,14880499.52848759,15488519.939329019,14880499.52848759,0.026880902374042098,0.02592087014639774,20480687.523079693,19040639.18161315,28420526.346196435,19089045.062566433,28416953.938273076,28416953.938273076,1167623196.3353262,831131900.5459778,336491295.7893484,336491295.7893484,336491295.7893484,591795866.1942387,592723897.3476282,295977935.7827564,295977935.7827564,294409883.1442706,286825628.54588014,0.008480284677525186,508817.08065151115,31.248950958251953,2024-02-13,0,0,0,0,0,0,0,1,0,0,0,-15.694063216233456,0
31.487186431884766,30.351733207702637,29.73741683959961,28.526856269836426,31.40392455175937,30.69826731515354,29.888017132859634,28.504042226592297,71.6047180406628,84.78210350932333,87.96449447951494,0.9618116068166138,0.7155812562300546,0.24623035058655918,35.291865284919325,149.9659137353778,-4.194229668315585,73.52015298000957,12.914009038758078,1.0156304374639524,3.1326405109357127,1.354471482846158,32.4630830329538,31.487186431884766,30.51128983081573,3.707988739013672,2.6913720529952103,0.7889399895301246,35.714285714285715,100.0,64.28571428571429,0.6946576666821973,0.03750382245497752,1.0401470277570364,1.027710104847256,0.0442225392296719,0.012744265080713678,0.874940561103186,0.017822237553179257,0.9126518722931279,0.7150766026255927,3.469995244888255,0.7265625,-11998430.864250697,97591350.26860978,-90435473.76345254,-13448112.742450653,292774050.80582935,286481814.5685359,-6292236.237293424,286481814.5685359,14342597.305595305,19524438.912778124,804758508.1726605,734464359.2276031,12982363.883709814,14928638.915931458,14342597.305595305,14342597.305595305,14342597.305595305,14342597.305595305,14928638.915931458,14342597.305595305,0.0259092080359141,0.024983879177488597,19740348.979744077,18352355.692105822,27393177.481454287,18399011.791009378,27389734.209394906,27389734.209394906,1125415801.9123783,801088037.0342393,324327764.878139,324327764.878139,324327764.878139,570403552.6287613,571298037.1919059,285278887.05258274,285278887.05258274,283767516.5838211,276457418.60225964,0.008173738249425282,490424.2949655169,32.42090606689453,2024-02-14,0,0,0,0,0,0,0,1,0,0,0,-18.503264993094437,0
31.848378372192382,30.738862800598145,29.938186168670654,28.66281204223633,31.890212752523826,31.09181674040794,30.171328753925643,28.67497347864957,73.33503680162899,83.11528308149617,84.33398755302181,1.0794480496557384,0.7883546149151914,0.29109343474054694,37.177564951562644,152.42755161589997,-9.604555910759698,69.60108029791024,13.353213299147114,1.0096426232609872,3.0722974198204205,0.9318010386224387,33.18860084650039,31.848378372192382,30.50815589788437,3.871295928955078,3.153408630981332,0.9300771493178139,28.571428571428573,100.0,71.42857142857143,0.26744113837582767,0.013629572419921354,1.02539871809951,1.0067686740828363,0.0442225392296719,0.012744265080713678,0.874940561103186,0.017822237553179257,0.9126518722931279,0.7150766026255927,3.469995244888255,0.7265625,-11837096.302948084,96279107.20444149,-89219450.79754186,-13267285.316414818,288837321.61332446,282629692.70380926,-6207628.90951519,282629692.70380926,14149742.367277272,19261907.351583898,793937479.794906,724588527.4185084,12807799.058896782,14727903.88335957,14149742.367277272,14149742.367277272,14149742.367277272,14149742.367277272,14727903.88335957,14149742.367277272,0.025560824921533137,0.02464793831719267,19474914.22593001,18105584.319419306,27024840.461250853,18151613.066185415,27021443.488477886,27021443.488477886,1110283117.7523565,790316362.9310222,319966754.8213344,319966754.8213344,319966754.8213344,562733732.4689432,563616189.5198057,281442940.1181666,281442940.1181666,279951891.9977439,272740087.8234542,0.008063831671674144,483829.90030044864,32.862789154052734,2024-02-15,0,0,0,0,0,0,0,1,0,0,0,-17.777145402269564,0
32.125037002563474,31.08084373474121,30.127428436279295,28.795870819091796,32.12474932809857,31.364908692924324,30.402042442051584,28.828653831614215,70.51822968068954,82.8483338199688,83.58190680359604,1.1378559205605967,0.8582548760442725,0.27960104451632417,38.614213000173436,118.5756892272801,-14.877490814598035,68.13453134027951,11.722108046210721,1.0047688936294341,3.0826973248355696,0.9414104084192445,33.39354190986143,32.125037002563474,30.856532095265514,3.419809341430664,3.701720960157774,1.0975698446616171,21.42857142857143,92.85714285714286,71.42857142857143,-0.01020233396392139,-0.008184535814773297,1.0291061303899172,0.9997054118462653,0.0442225392296719,0.012744265080713678,0.874940561103186,0.017822237553179257,0.9126518722931279,0.7150766026255927,3.469995244888255,0.7265625,-11934776.91202589,97073609.63920286,-89955696.41660644,-13376767.952810507,291220828.91760856,284961974.1873945,-6258854.730214091,284961974.1873945,14266507.10563506,19420858.059929017,800489111.5981169,730567886.450284,12913489.980132896,14849439.654037353,14266507.10563506,14266507.10563506,14266507.10563506,14266507.10563506,14849439.654037353,14266507.10563506,0.025771754771469785,0.02485133495820301,19635622.6830246,18254992.96312443,27247851.477544438,18301401.54257114,27244426.47269663,27244426.47269663,1119445257.5554976,796838113.005492,322607144.55000573,322607144.55000573,322607144.55000573,567377453.5580842,568267192.7109088,283765428.43014765,283765428.43014765,282262076.0684786,274990759.5436711,0.008130375017189873,487822.50103139237,32.59382247924805,2024-02-16,0,0,0,0,0,0,0,1,0,0,0,-16.65420998270771,0
32.33060836791992,31.47565803527832,30.305142879486084,28.91192657470703,32.258690612449826,31.576120418056693,30.604378702918325,28.97367027669414,69.79637063802879,72.03447639955017,79.33269776700497,1.165285437568901,0.9196609883491982,0.24562444921970283,40.12972793907743,107.56768082326813,-21.238944667637988,56.25647367200445,13.815115039862969,1.0187692754648352,3.1321137636938814,1.2007742393250496,33.45097855384509,32.33060836791992,31.21023818199475,3.9481430053710938,4.173436157270138,1.2436332824902685,14.285714285714286,100.0,85.71428571428572,-0.36000061035156206,-0.0020632528798523175,1.036971308761539,0.9868842685826948,0.0442225392296719,0.012744265080713678,0.874940561103186,0.017822237553179257,0.9126518722931279,0.7150766026255927,3.469995244888255,0.7265625,-11959452.286397254,97274311.14180183,-90141681.5005572,-13404424.670614917,291822933.4254055,285551138.3960352,-6271795.029370282,285551138.3960352,14296003.375770496,19461011.04701661,802144137.8004904,732078349.2125744,12940188.86206839,14880141.148113808,14296003.375770496,14296003.375770496,14296003.375770496,14296003.375770496,14880141.148113808,14296003.375770496,0.025825038356230574,0.02490271555779377,19676219.6999852,18292735.50232999,27304186.91983882,18339240.032382254,27300754.833729465,27300754.833729465,1121759731.552125,798485590.7000244,323274140.85210055,323274140.85210055,323274140.85210055,568550517.0497286,569442095.7548841,284352118.75806737,284352118.75806737,282845658.1872872,275559308.07963645,0.008147184719525122,488831.0831715073,32.526573181152344,2024-02-20,0,0,0,0,0,0,0,1,0,0,0,-17.550728621781637,0
32.71677703857422,31.81283531188965,30.469888973236085,29.01870529174805,32.565725178807696,31.8676974895961,30.849656379928337,29.13861631727568,72.71775230843811,70.72334677677934,75.20205233209937,1.2256050018919709,0.9808497910577527,0.24475521083421814,41.191009197187824,94.36033032864701,-9.20355136970524,58.681149006906786,11.311628854590872,1.0111849804447046,3.0475926732719896,0.9125891451830057,33.264163188078676,32.71677703857422,32.16939088906977,3.3717727661132812,4.520001326235008,1.356875395163513,7.142857142857143,92.85714285714286,85.71428571428572,0.8736854363006293,0.02008269136539731,1.0282654193896938,1.0246218289408675,0.0442225392296719,0.012744265080713678,0.874940561103186,0.017822237553179257,0.9126518722931279,0.7150766026255927,3.469995244888255,0.7265625,-11724002.757452272,95359240.93722105,-88367033.6371467,-13140527.512208717,286077722.81166315,279929402.5995288,-6148320.212134354,279929402.5995288,14014553.424718011,19077875.952358067,786352071.8372422,717665690.6438394,12685431.261212498,14587191.091534447,14014553.424718011,14014553.424718011,14014553.424718011,14014553.424718011,14587191.091534447,14014553.424718011,0.02531661263820028,0.0244124479011217,19288847.72434307,17932600.6187252,26766640.73506798,17978189.599349912,26763276.21752601,26763276.21752601,1099675292.05954,782765551.7134972,316909740.3460428,316909740.3460428,316909740.3460428,557357282.7598069,558231308.6723162,278753988.4413267,278753988.4413267,277277186.03743166,270134284.61451083,0.007986788510860803,479207.31065164815,33.17979431152344,2024-02-21,0,0,0,0,0,0,0,1,0,0,0,-18.562715943325987,0
32.810919189453124,32.14905281066895,30.620226192474366,29.12143898010254,32.674355726301485,32.053864640813,31.044128802915072,29.285792807629146,69.52296488687162,60.17064250809756,67.64282189480896,1.2359083935008464,1.0318615115463714,0.20404688195447496,42.47188879079083,95.68099962093592,-16.607740896897504,52.7322438046638,11.385839958475463,1.0055147809560616,3.0570548915833267,0.9318021876037008,33.278470333790295,32.810919189453124,32.34336804511595,3.362174987792965,5.003954312230725,1.5123604016426277,0.0,100.0,100.0,-0.5463898065125067,-0.008685330822990944,1.028354318815033,0.9847570097118439,0.0442225392296719,0.012744265080713678,0.874940561103186,0.017822237553179257,0.9126518722931279,0.7150766026255927,3.469995244888255,0.7265625,-11826721.748388488,96194723.9380493,-89141254.92615694,-13255657.280970132,288584171.8141479,282381983.5450701,-6202188.269077768,282381983.5450701,14137340.907456677,19245025.36434425,793241637.8848433,723953465.9964696,12796573.737523688,14714995.697223723,14137340.907456677,14137340.907456677,14137340.907456677,14137340.907456677,14714995.697223723,14137340.907456677,0.025538422284437867,0.024626335774279372,19457845.5500479,18089715.784810156,27001154.696207292,18135704.18994751,26997760.700691458,26997760.700691458,1109310016.5384338,789623694.7278813,319686321.8105526,319686321.8105526,319686321.8105526,562240527.7453685,563122211.371855,281196271.08186406,281196271.08186406,279706529.78193855,272501046.3516864,0.008056764173066708,483405.8503840025,32.89161682128906,2024-02-22,0,0,0,0,0,0,0,1,0,0,0,-18.20154389643647,0
32.72830581665039,32.28834209442139,30.783051109313966,29.210179100036623,32.59947791421401,32.12583875885411,31.177994849307833,29.409868473606007,64.82018107226095,43.18548109431171,58.02649012639615,1.194645579379582,1.0644183251130135,0.13022725426656856,42.77488681007672,58.86485489802058,-24.73512010385738,48.40596463381223,4.484980798359106,0.983781705536855,3.0317107084729713,0.7012517250871682,33.270082856255044,32.72830581665039,32.18652877704574,1.392892837524414,5.004513356279384,1.5230132616483232,7.142857142857143,92.85714285714286,85.71428571428572,-0.7808219893920029,-0.01343486802886451,1.0216745705350883,0.983406121684295,0.0442225392296719,0.012744265080713678,0.874940561103186,0.017822237553179257,0.9126518722931279,0.7150766026255927,3.469995244888255,0.7265625,-11987775.936048904,97504686.53382707,-90355164.63880561,-13436170.457885146,292514059.6014812,286227411.03861755,-6286648.562863693,286227411.03861755,14329860.694762828,19507100.6877094,804043861.0474343,733812135.1907365,12970835.196614353,14915381.884441309,14329860.694762828,14329860.694762828,14329860.694762828,14329860.694762828,14915381.884441309,14329860.694762828,0.02588619996473285,0.02496169282313525,19722819.02074884,18336058.308352437,27368851.605630517,18382672.975389645,27365411.391289014,27365411.391289014,1124416402.5157232,800376649.3857639,324039753.12995946,324039753.12995946,324039753.12995946,569897018.9854817,570790709.2223594,285025551.7545406,285025551.7545406,283515523.42326456,276211917.0046435,0.008166479750778817,489988.78504672897,32.44972229003906,2024-02-23,0,0,0,0,0,0,0,1,0,0,0,-16.07577146887674,0
32.770572662353516,32.447804832458495,30.97805700302124,29.287505493164062,32.6680375120639,32.2493511132013,31.332962645351245,29.54301703180827,66.76740763991118,28.450226834981276,43.9354501457968,1.1770567118451787,1.0869460024594466,0.09011070938573207,43.15035789053294,61.421118207444074,-18.558593625082974,43.426666799416616,5.109260928078974,0.967718215168329,2.949896639083296,0.7588928403774915,33.29653145237498,32.770572662353516,32.24461387233205,1.5946273803710973,5.374423222177335,1.6437681882809407,0.0,85.71428571428572,85.71428571428572,0.3589782464102738,0.010953388585199564,1.0230837158379136,1.008266979711374,0.0442225392296719,0.012744265080713678,0.874940561103186,0.017822237553179257,0.9126518722931279,0.7150766026255927,3.469995244888255,0.7265625,-11857891.838935774,96448251.35833621,-89376192.47238995,-13290593.423588682,289344754.07500863,283126219.5373662,-6218534.537642411,283126219.5373662,14174600.784331966,19295746.874155127,795332277.5570008,725861492.2075543,12830299.935753386,14753778.020681014,14174600.784331966,14174600.784331966,14174600.784331966,14174600.784331966,14753778.020681014,14174600.784331966,0.025605730449115807,0.024691240075933103,19509127.961231094,18137392.40145703,27072317.986818805,18183502.012012314,27068915.046208143,27068915.046208143,1112233674.8772483,791704799.0767093,320528875.80053896,320528875.80053896,320528875.80053896,563722349.0422603,564606356.4030036,281937382.0522287,281937382.0522287,280443714.442697,273219240.49455357,0.00807799829644725,484679.897786835,32.80515670776367,2024-02-26,0,0,0,0,0,0,0,1,0,0,0,-17.662138394764916,0
32.8973747253418,32.61399154663086,31.185070419311522,29.394090881347655,32.832219506740515,32.41502972827266,31.507021773993387,29.684882383348874,68.63687373938173,34.394846317872776,35.343518082388535,1.178215642483071,1.1051999304641715,0.07301571201889945,43.511323957553834,71.25808724370043,-14.569647557197266,43.51657573717333,5.275983703675813,0.9287861895096666,2.800874084797319,0.4226698559470563,33.432515603032655,32.8973747253418,32.36223384765094,1.6618671417236328,5.371003055807041,1.6517115495143777,0.0,78.57142857142857,78.57142857142857,0.30769005047145664,0.01083447920997016,1.0114034906710019,1.0034883408884296,0.0442225392296719,0.012744265080713678,0.874940561103186,0.017822237553179257,0.9126518722931279,0.7150766026255927,3.469995244888255,0.7265625,-11730794.786702815,95414485.10315606,-88418227.02985258,-13148140.172242746,286243455.3094682,280091573.2105289,-6151882.098939266,280091573.2105289,14022672.43140568,19088928.277590957,786807626.6834528,718081453.6271657,12692780.271782044,14595641.842581395,14022672.43140568,14022672.43140568,14022672.43140568,14022672.43140568,14595641.842581395,14022672.43140568,0.025331279230926387,0.024426590686964733,19300022.27118201,17942989.455239527,26782147.36796226,17988604.84678347,26778780.90126504,26778780.90126504,1100312363.4509656,783219028.792405,317093334.6585607,317093334.6585607,317093334.6585607,557680174.782764,558554707.0419269,278915478.1033788,278915478.1033788,277437820.1482414,270290780.6509443,0.007991415471661302,479484.9282996781,33.16058349609375,2024-02-27,0,0,0,0,0,0,0,1,0,0,0,-18.806770807449986,0
32.88392715454101,32.80035209655762,31.390643215179445,29.488067626953125,32.92566515700019,32.541852769953906,31.659929839091113,29.819300974492823,68.07957183928572,48.34113760908397,37.06207025397929,1.16186546093153,1.1165330365576431,0.04533242437388685,43.771405159956544,63.43103189718656,-15.673308592293557,46.579315640434245,5.96373779637378,0.8898906958864472,2.6874720380714123,0.38424927878459414,33.392735855820426,32.88392715454101,32.3751184532616,1.8636054992675781,5.340943728435279,1.6509725741851042,7.142857142857143,71.42857142857143,64.28571428571429,0.674998569493981,-0.001448317053283299,1.011709646594428,1.0078947500508906,0.0442225392296719,0.012744265080713678,0.874940561103186,0.017822237553179257,0.9126518722931279,0.7150766026255927,3.469995244888255,0.7265625,-11747809.339307657,95552875.96290341,-88546470.39293072,-13167210.467707297,286658627.8887102,280497822.9909756,-6160804.897734607,280497822.9909756,14043011.163953882,19116615.197382383,787948826.4058511,719122971.6904728,12711190.105178902,14616811.620115438,14043011.163953882,14043011.163953882,14043011.163953882,14043011.163953882,14616811.620115438,14043011.163953882,0.025368020167142496,0.02446201944688741,19328015.365441903,17969014.28505927,26820992.669030804,18014695.837975323,26817621.31955064,26817621.31955064,1101908275.9982479,784355023.5488392,317553252.44940877,317553252.44940877,317553252.44940877,558489043.9892455,559364844.685492,279320022.054644,279320022.054644,277840220.87822735,270682815.18821216,0.008003006362253288,480180.38173519727,33.11255645751953,2024-02-28,0,0,0,0,0,0,0,1,0,0,0,-22.276261834613674,0
32.889688873291014,32.85030403137207,31.601018619537353,29.59252323150635,32.92391857634648,32.61068415996939,31.779977036800442,29.9409136976515,65.77858583820118,53.830133408918435,45.52203911195834,1.1204881647496165,1.1173240621960379,0.003164102553578685,44.20454776787745,64.07637687122192,-26.923309719599185,46.81943841951516,1.5407322272667612,0.8688687153408877,2.6392997793520667,0.595582968248614,33.39936710366851,32.889688873291014,32.38001064291352,0.49951934814453125,5.326402384570606,1.6526962916056291,0.0,64.28571428571429,64.28571428571429,-0.5645146404641613,-0.005802362095688851,1.0181180277547641,0.9898902806204669,0.0442225392296719,0.012744265080713678,0.874940561103186,0.017822237553179257,0.9126518722931279,0.7150766026255927,3.469995244888255,0.7265625,-11816372.209524754,96110544.14122447,-89063247.60495265,-13244057.283683272,288331632.42367345,282134871.676262,-6196760.747411439,282134871.676262,14124969.35071725,19228184.083879612,792547473.827019,723319935.8694175,12785375.483262131,14702118.636015376,14124969.35071725,14124969.35071725,14124969.35071725,14124969.35071725,14702118.636015376,14124969.35071725,0.02551607366581181,0.024604785320604245,19440818.03109471,18073885.513283364,26977526.04358154,18119833.67406591,26974135.01814391,26974135.01814391,1108339261.7196136,788932696.7243623,319406564.9952514,319406564.9952514,319406564.9952514,561748512.2641164,562629424.3311504,280950196.8274922,280950196.8274922,279461759.1969865,272262581.26984674,0.008049713716000155,482982.8229600092,32.92042541503906,2024-02-29,0,0,0,0,0,0,0,1,0,0,0,-21.26527771147078,0
32.92427062988281,32.8262882232666,31.78257551193237,29.691786727905274,32.82348940856367,32.6128563259746,31.860229802152595,30.04607908491999,62.2658103661024,43.39846051056264,48.52324384285496,1.051545285301824,1.104168306817195,-0.05262302151537113,43.51795339485211,4.9015262311462084,-37.4236178954817,39.88421413448723,-0.7307903170631236,0.8562100270844336,2.6245891239383323,0.6916470797505312,33.320739703606826,32.92427062988281,32.5278015561588,-0.2401580810546875,5.337857237266981,1.6618712254059602,0.0,57.142857142857146,57.142857142857146,-0.38889183232314745,-0.00904588377235771,1.0214031282332507,0.9918223545482409,0.0442225392296719,0.012744265080713678,0.874940561103186,0.017822237553179257,0.9126518722931279,0.7150766026255927,3.469995244888255,0.7265625,-11924237.475804878,96987885.27878311,-89876257.78678638,-13364955.114269735,290963655.83634937,284710328.21407634,-6253327.622272995,284710328.21407634,14253908.550769327,19403707.769111793,799782210.7486506,729922732.0664929,12902086.25595443,14836326.31951044,14253908.550769327,14253908.550769327,14253908.550769327,14253908.550769327,14836326.31951044,14253908.550769327,0.025748996091712332,0.024829389088436894,19618282.736542728,18238872.23162957,27223789.277226493,18285239.82830242,27220367.296953037,27220367.296953037,1118456690.9503665,796134436.3023247,322322254.6480419,322322254.6480419,322322254.6480419,566876410.3857573,567765363.8222569,283514839.1098183,283514839.1098183,282012814.33780175,274747919.01192576,0.008123195195599724,487391.71173598344,32.62263107299805,2024-03-01,0,0,0,0,0,0,0,1,0,0,0,-21.49383400763369,0
32.916585540771486,32.8435791015625,31.962211418151856,29.783429908752442,32.804570026444786,32.640833587107764,31.946563274538732,30.15277132716654,63.28748540664654,42.04014337431109,46.422912431264,0.9970419585454202,1.0827430371628401,-0.08570107861741993,42.496836993214785,-12.254195113783025,-32.82216488322831,48.128546448511486,0.5304955657443156,0.8622957623825498,2.631619722706723,0.9414103212580613,33.323348253886984,32.916585540771486,32.50982282765599,0.17290878295898438,4.96703485030021,1.5532474028758543,7.142857142857143,50.0,42.85714285714286,0.1938793781286264,0.004417184772329996,1.029323860282082,1.0056014873721368,0.0442225392296719,0.012744265080713678,0.874940561103186,0.017822237553179257,0.9126518722931279,0.7150766026255927,3.469995244888255,0.7265625,-11871797.552436072,96561355.92778338,-89481003.6600066,-13306179.26185637,289684067.78335017,283458240.7892706,-6225826.994079586,283458240.7892706,14191223.295328468,19318374.937511656,796264961.2869141,726712707.7599171,12845345.989255382,14771079.731051566,14191223.295328468,14191223.295328468,14191223.295328468,14191223.295328468,14771079.731051566,14191223.295328468,0.025635758210915943,0.024720195417668945,19532006.255935956,18158662.06606546,27104065.61133985,18204825.749220047,27100658.68011114,27100658.68011114,1113537987.9067738,792633228.873701,320904759.03307277,320904759.03307277,320904759.03307277,564383424.5172244,565268468.5506965,282268009.15804946,282268009.15804946,280772589.92907935,273539643.86242807,0.008087471340348483,485248.28042090894,32.76673126220703,2024-03-04,0,0,0,0,0,0,0,1,0,0,0,-24.815806366814204,0
32.93052291870117,32.91394882202148,32.194803428649905,29.889531173706054,32.94647014621059,32.748003914132205,32.068821094653345,30.27345756475774,66.43568376345333,52.61071734675505,46.01644041054288,0.9799551003311535,1.0621854497965029,-0.08223034946534935,41.79557379076126,53.25328362323241,-23.037683264335584,56.315077751677336,2.163453249964875,0.8607154549271884,2.590154834540521,0.8401714580074895,33.37298133095851,32.93052291870117,32.488064506443834,0.7036972045898438,4.509000165259741,1.4175157791528967,0.0,42.85714285714286,42.85714285714286,0.827588626049592,0.01414663915743719,1.0258851209784512,1.021371363907754,0.0442225392296719,0.012744265080713678,0.874940561103186,0.017822237553179257,0.9126518722931279,0.7150766026255927,3.469995244888255,0.7265625,-11706194.246523637,95214392.27763699,-88232805.99179256,-13120567.330293845,285643176.83291095,279504195.78846157,-6138981.044449414,279504195.78846157,13993265.6160244,19048897.064394504,785157619.7584788,716575571.7177914,12666162.360827247,14565033.45839959,13993265.6160244,13993265.6160244,13993265.6160244,13993265.6160244,14565033.45839959,13993265.6160244,0.025278157241850528,0.02437536591178444,19259548.37474326,17905361.379644122,26725982.776867624,17950881.11157652,26722623.369956274,26722623.369956274,1098004908.6707146,781576547.4825499,316428361.18816465,316428361.18816465,316428361.18816465,556510668.8970736,557383367.1828041,278330567.05937564,278330567.05937564,276856007.88693434,269723956.37941223,0.007974656748917132,478479.4049350278,33.23027038574219,2024-03-05,0,0,0,0,0,0,0,1,0,0,0,-24.120893350519037,0
32.98303756713867,32.93348236083985,32.373158836364745,29.98834697723389,33.08935666404273,32.86202678423672,32.19323143799179,30.395091766128303,67.37717068568115,68.84762662480898,54.49949578195832,0.9669561099629647,1.0431395818297953,-0.07618347186683061,41.59174408960528,193.84058648627973,-24.810380798112035,54.19364966105233,0.588717899663882,0.8413134264799994,2.520779496738209,0.5890870566665427,33.54550487973919,32.98303756713867,32.420570254538156,0.19533538818359375,4.16115552527922,1.3151318476750298,0.0,35.714285714285715,35.714285714285715,0.09836280861495304,0.00435925775755952,1.0177428909656807,1.0017391702403193,0.0442225392296719,0.012744265080713678,0.874940561103186,0.017822237553179257,0.9126518722931279,0.7150766026255927,3.469995244888255,0.7265625,-11655385.41722625,94801129.71749061,-87849845.86968473,-13063619.64501451,284403389.15247184,278291053.35526323,-6112335.797208624,278291053.35526323,13932530.125990245,18966218.42957382,781749771.004756,713465392.1722145,12611186.946299559,14501816.303181246,13932530.125990245,13932530.125990245,13932530.125990245,13932530.125990245,14501816.303181246,13932530.125990245,0.02516844151791786,0.024269568606563655,19175955.442223135,17827646.07519182,26609983.00203747,17872968.2361425,26606638.176084597,26606638.176084597,1093239197.219368,778184241.7897176,315054955.4296504,315054955.4296504,315054955.4296504,554095224.9891132,554964135.4700888,277122518.57050276,277122518.57050276,275654359.48195755,268553263.4822593,0.007940044050295516,476402.64301773097,33.37512969970703,2024-03-06,0,0,0,0,0,0,0,1,0,0,0,-22.337963148167407,0
33.12612686157227,33.00790786743164,32.578480339050294,30.094298973083497,33.2715284050975,33.002725893867684,32.33062576648848,30.522181182641194,69.05950869496998,82.9296856801602,68.12934321724136,0.9665522195324776,1.0278221093703317,-0.061269889837854086,41.402473652817584,172.22385302716236,-9.38820455000688,54.55687384905713,2.262750019136339,0.808121905383736,2.4025597079619474,0.3766321311323111,33.882624837321636,33.12612686157227,32.3696288858229,0.7442550659179688,3.8678040380264065,1.2293129700880776,78.57142857142857,28.571428571428573,-50.0,0.5641010593033806,0.007812469639699726,1.011301165555327,1.006356579509488,0.0442225392296719,0.012744265080713678,0.874940561103186,0.017822237553179257,0.9126518722931279,0.7150766026255927,3.469995244888255,0.7265625,-11565033.94068257,94066240.07280116,-87168841.93851233,-12962351.666163497,282198720.21840346,276133766.6865288,-6064953.531874664,276133766.6865288,13824526.4329496,18819194.04743462,775689718.6281463,707934674.0245073,12513426.184147285,14389399.55601636,13824526.4329496,13824526.4329496,13824526.4329496,13824526.4329496,14389399.55601636,13824526.4329496,0.024973338072425084,0.02408143314126705,19027305.19803816,17689447.801301103,26403704.859447446,17734418.629025515,26400385.96227795,26400385.96227795,1084764507.4387786,772151829.0678861,312612678.3708926,312612678.3708926,312612678.3708926,549799929.730187,550662104.4969732,274974290.2760234,274974290.2760234,273517512.22179854,266471463.26565006,0.007878493558562677,472709.61351376056,33.63587188720703,2024-03-07,0,0,0,0,0,0,0,1,0,0,0,-20.49956211790222,0
33.218682861328126,33.071476745605466,32.67990942001343,30.195966033935548,33.20948929399078,33.01775956257853,32.402510081277896,30.622700001823006,61.812366359653005,74.16027273889634,75.31252834795512,0.9113095369725173,1.0045195948907688,-0.09321005791825154,40.36406506192843,77.11717959727267,-43.73451456653066,48.991961525900685,1.9589960618350721,0.8186886458750591,2.4744702252571384,0.9560562722622592,33.798805734598545,33.218682861328126,32.63855998805771,0.6356887817382812,3.296490423814887,1.0532748638055232,71.42857142857143,100.0,28.571428571428573,-0.6464692781344176,-0.016365290523033815,1.0290662896022622,0.9816618001041882,0.0442225392296719,0.012744265080713678,0.874940561103186,0.017822237553179257,0.9126518722931279,0.7150766026255927,3.469995244888255,0.7265625,-11757447.992895769,95631273.64915736,-88619119.57627352,-13178013.688695515,286893820.9474721,280727961.33166045,-6165859.615811663,280727961.33166045,14054532.947805997,19132299.69023913,788595309.9810888,719712986.1358203,12721619.1779173,14628804.186533554,14054532.947805997,14054532.947805997,14054532.947805997,14054532.947805997,14628804.186533554,14054532.947805997,0.02538883371216567,0.0244820896510169,19343873.304507177,17983757.21278402,26842998.325554453,18029476.245765608,26839624.21000371,26839624.21000371,1102812351.9711773,784998558.5385319,317813793.43264526,317813793.43264526,317813793.43264526,558947264.0941426,559823783.353253,279549194.052167,279549194.052167,278068178.75229067,270904900.6692154,0.008009572540147504,480574.3524088502,33.085411071777344,2024-03-08,0,0,0,0,0,0,0,1,0,0,0,-18.855802199479736,0
33.189710235595705,33.053147888183595,32.750476360321045,30.287209587097166,33.01361557384216,32.94577930275424,32.42340132435095,30.70109875208661,56.44098334124974,55.40390884548116,70.83128908817919,0.8206651548574513,0.9677487068841053,-0.14708355202665402,38.42421083487294,-82.54163501865737,-70.30732488828586,51.492861796720454,-0.5587187887914347,0.8188437696241314,2.510106920523408,0.8208603783620703,33.86404468748502,33.189710235595705,32.51537578370639,-0.18328857421875,2.776994034720993,0.8911660023224641,64.28571428571429,92.85714285714286,28.571428571428573,-0.6470606714746725,-0.014010493544323377,1.0253883602282028,0.9839789390497414,0.0442225392296719,0.012744265080713678,0.874940561103186,0.017822237553179257,0.9126518722931279,0.7150766026255927,3.469995244888255,0.7265625,-11924516.352268405,96990153.56960729,-89878359.75540093,-13365267.68531883,290970460.70882183,284716986.83770937,-6253473.87111248,284716986.83770937,14254241.912094623,19404161.57065784,799800915.545077,729939803.0339724,12902388.001721777,14836673.302051177,14254241.912094623,14254241.912094623,14254241.912094623,14254241.912094623,14836673.302051177,14254241.912094623,0.025749598292816093,0.024829969782358376,19618741.55643131,18239298.790744733,27224425.969852988,18285667.47183337,27221003.90954844,27221003.90954844,1118482848.702358,796153055.786928,322329792.91543,322329792.91543,322329792.91543,566889668.129819,567778642.3565948,283521469.7741143,283521469.7741143,282019409.8737001,274754344.6410841,0.00812338517570984,487403.1105425903,32.62186813354492,2024-03-11,0,0,0,0,0,0,0,1,0,0,0,-15.748950462876829,0
32.09845161437988,32.51448726654053,32.56423940658569,30.278229179382325,31.26706947578247,32.005451662192215,31.980599034380674,30.58630967473667,28.52399221011262,26.34968765358494,51.971289745987434,0.3535688311829084,0.8449127317438659,-0.49134390056095756,38.7622010735983,-454.12131022836286,-96.3246585657312,30.77327602509082,-16.244003116124873,1.1231879537100729,4.044029929168638,5.0796623468273125,36.474998209453375,32.09845161437988,27.72190501930639,-5.3866062164306605,1.7335110848646336,0.5553681177970731,100.0,85.71428571428572,-14.285714285714286,-0.8805307830002922,-0.14860862149389809,1.0792426434995595,0.9352845602888402,0.0442225392296719,0.012744265080713678,0.874940561103186,0.017822237553179257,0.9126518722931279,0.7150766026255927,3.469995244888255,0.7265625,-14005916.26050033,113919586.24221863,-105566443.38248578,-15698147.788118623,341758758.7266559,334413753.7982701,-7345004.928385777,334413753.7982701,16742290.645585228,22791118.233667634,939404527.3848692,857349300.7584418,15154473.403713597,17426384.241856452,16742290.645585228,16742290.645585228,16742290.645585228,16742290.645585228,17426384.241856452,16742290.645585228,0.030244137940412023,0.029163990156825883,23043152.7165044,21422931.041125186,31976393.768072285,21477393.28053616,31972374.394149855,31972374.394149855,1313711739.3235877,935119941.1766442,378591798.1469434,378591798.1469434,378591798.1469434,665839098.7286185,666883241.5860852,333009561.6796081,333009561.6796081,331245320.29975075,322712152.8094202,0.009541305421677604,572478.3253006561,27.77397727966309,2024-03-12,0,0,0,0,0,0,0,1,0,0,0,-3.1641040182293745,0
30.885512924194337,31.934275245666505,32.36731367111206,30.269584159851075,29.94819173344808,31.151812496117138,31.535821626228163,30.45784405018932,27.141605339687697,8.269882039818294,30.007826179628086,-0.05339673348938945,0.6652508386972149,-0.7186475721866044,39.236254301670606,-256.2990059414496,-97.9739314078306,27.817080111742648,-17.52241696041753,1.1009031858991212,4.031071403878906,0.8112012043567489,36.39054938187478,30.885512924194337,25.380476466513894,-5.802120208740234,0.4571772254853199,0.14624374340742463,100.0,78.57142857142857,-21.42857142857143,-0.5357128260089608,-0.016689760570345546,1.0298507523385696,0.9843369696219706,0.0442225392296719,0.012744265080713678,0.874940561103186,0.017822237553179257,0.9126518722931279,0.7150766026255927,3.469995244888255,0.7265625,-14243639.18820181,115853147.53591394,-107358226.47765477,-15964593.023280177,347559442.60774183,340089770.6427208,-7469671.965021,340089770.6427208,17026458.155562572,23177952.714991633,955349074.7027594,871901121.7209806,15411690.833712446,17722162.897402763,17026458.155562572,17026458.155562572,17026458.155562572,17026458.155562572,17722162.897402763,17026458.155562572,0.03075747279714529,0.029658991625818677,23434264.988301177,21786543.23131125,32519130.266170546,21841929.860298827,32515042.671267882,32515042.671267882,1336009416.6064765,950991766.0564971,385017650.5499795,385017650.5499795,385017650.5499795,677140410.0447713,678202275.1770537,338661745.11999625,338661745.11999625,336867559.2068294,328189557.9533491,0.009703250346718456,582195.0208031074,27.310436248779297,2024-03-13,0,0,0,0,0,0,0,1,0,0,0,-1.8741234263228344,0
29.58759117126465,31.356859016418458,32.103581523895265,30.265340576171877,29.01421552981825,30.423530791833766,31.11776843540249,30.327978131458703,26.649000376268685,3.50083779843278,12.706802497278625,-0.38473232005663505,0.4552542069464449,-0.83998652700308,39.83541366411289,-176.1331964753487,-95.19889663114017,26.125666412530908,-17.539756001581473,1.058136809582898,3.8979096489475356,0.5021739174719961,34.944925827263475,29.58759117126465,24.230256515265822,-5.774162292480469,-0.7921156340590682,-0.2525742970980147,100.0,71.42857142857143,-28.571428571428573,-0.2448958937489527,-0.006011369599709049,1.017651288439413,0.9957492407428052,0.0442225392296719,0.012744265080713678,0.874940561103186,0.017822237553179257,0.9126518722931279,0.7150766026255927,3.469995244888255,0.7265625,-14329780.796854515,116553795.47878581,-108007499.47654867,-16061142.4869629,349661386.43635744,342146539.95163167,-7514846.48472576,342146539.95163167,17129429.487242542,23318126.592310816,961126762.9067638,877174139.6778913,15504896.49716212,17829341.65983955,17129429.487242542,17129429.487242542,17129429.487242542,17129429.487242542,17829341.65983955,17129429.487242542,0.030943485525341367,0.029838361042293465,23575988.97168866,21918302.2471168,32715797.01376937,21974023.839189008,32711684.698218018,32711684.698218018,1344089233.7656314,956743102.4573405,387346131.308291,387346131.308291,387346131.308291,681235568.8334975,682303855.8337772,340709878.1236694,340709878.1236694,338904841.4680245,330174358.05194604,0.009761932933589837,585715.9760153901,27.146263122558594,2024-03-14,0,0,0,0,0,0,0,1,0,0,0,5.656358774238607,1
28.44611587524414,30.832399368286133,31.829343795776367,30.288210945129393,28.468821883770435,29.869804209986683,30.761603307428423,30.21229407107502,28.618657153641834,5.269128279431997,5.679949372560977,-0.6214524223088063,0.23991288109539466,-0.8613653034042009,40.24760743205434,-125.12043093531575,-91.9067185949292,28.122414038743276,-16.076558845261957,1.0108373979471477,3.692147420452621,0.3959450466823924,32.64219597317544,28.44611587524414,24.25003577731284,-5.244596481323242,-2.0365963459949015,-0.6477046868740004,92.85714285714286,64.28571428571429,-28.571428571428573,0.8048744179122622,0.008537877499743551,1.014663868676177,1.0117772990119498,0.0442225392296719,0.012744265080713678,0.874940561103186,0.017822237553179257,0.9126518722931279,0.7150766026255927,3.469995244888255,0.7265625,-14208470.615282526,115567097.75515145,-107093151.26994438,-15925175.29116499,346701293.26545435,339250064.45949644,-7451228.805957931,339250064.45949644,16984418.601815872,23120724.67731064,952990248.9031783,869748334.9385797,15373638.256998496,17678405.59844921,16984418.601815872,16984418.601815872,16984418.601815872,16984418.601815872,17678405.59844921,16984418.601815872,0.030681530377473835,0.0295857614354212,23376404.097122923,21732750.684043966,32438838.18709396,21788000.559448097,32434760.684758056,32434760.684758056,1332710712.955819,948643698.7663696,384067014.18944925,384067014.18944925,384067014.18944925,675468501.5126472,676527744.8232981,337825564.83482796,337825564.83482796,336035808.896142,327379234.25392616,0.009679292321464961,580757.5392878976,27.378034591674805,2024-03-15,0,0,0,0,0,0,0,1,0,0,0,-1.058194681264249,0
27.331681060791016,30.26069564819336,31.55213737487793,30.292602767944334,27.99577927627339,29.357056910221704,30.408088141128506,30.088270541279112,27.492378040236797,7.353186762663998,5.374384280176212,-0.8260272179817036,0.026724861279974966,-0.8527520792616786,40.6634434073802,-102.33380507132607,-96.57060361359798,25.849498522830995,-17.44768849592798,0.9703652418338067,3.5873427611991033,0.4442272123603743,27.83137890293536,27.331681060791016,26.831983218646673,-5.717037200927734,-3.105331538702074,-0.9828117077167207,85.71428571428572,57.142857142857146,-28.571428571428573,-0.5581386064832017,-0.011992845187482892,1.0154177237212627,0.991504432880773,0.0442225392296719,0.012744265080713678,0.874940561103186,0.017822237553179257,0.9126518722931279,0.7150766026255927,3.469995244888255,0.7265625,-14380938.99024315,116969899.65328875,-108393092.8519098,-16118481.747419057,350909698.9598662,343368024.01382613,-7541674.946040109,343368024.01382613,17190582.597591426,23401373.729624458,964558044.2016299,880305704.9760151,15560249.925432755,17892993.499428496,17190582.597591426,17190582.597591426,17190582.597591426,17190582.597591426,17892993.499428496,17190582.597591426,0.031053955660165153,0.029944885815159257,23660156.693459164,21996551.92595032,32832594.40894384,22052472.447512344,32828467.412174594,32828467.412174594,1348887714.491007,960158733.8164397,388728980.6745674,388728980.6745674,388728980.6745674,683667621.4564693,684739722.3066417,341926233.2153185,341926233.2153185,340114752.4684755,331353100.6929289,0.009796783630885436,587807.0178531262,27.049694061279297,2024-03-18,0,0,0,0,0,0,0,1,0,0,0,1.5351685924877114,1
27.21772689819336,29.658089256286623,31.286019039154052,30.276645736694334,27.73192167307386,28.965629556849542,30.102956553085296,29.975169989333846,28.91021892881036,16.955019397754246,9.859111479950034,-0.9645674247824054,-0.17153359593250112,-0.7930338288499044,41.049576813039934,-84.16052141089652,-94.37584534889474,27.20121773609166,-18.134260868527065,0.9231269155526455,3.3933241783158694,0.30902867389755073,27.450653475217486,27.21772689819336,26.98480032116923,-6.026063919067383,-4.064944932900802,-1.2802577507801551,78.57142857142857,50.0,-28.571428571428573,0.46874925494121134,0.005712168316782895,1.0114654137074062,1.005353305356164,0.0442225392296719,0.012744265080713678,0.874940561103186,0.017822237553179257,0.9126518722931279,0.7150766026255927,3.469995244888255,0.7265625,-14299259.214802887,116305542.81654584,-107777449.91722897,-16026933.207336912,348916628.44963753,341417788.14161754,-7498840.308020024,341417788.14161754,17092944.819751523,23268460.36753272,959079619.9830903,875305810.855749,15471871.98845896,17791366.220988683,17092944.819751523,17092944.819751523,17092944.819751523,17092944.819751523,17791366.220988683,17092944.819751523,0.030877577738905978,0.029774807105373623,23525773.515356936,21871617.565058403,32646114.309121206,21927220.473448798,32642010.752557747,32642010.752557747,1341226403.5231695,954705296.4700786,386521107.05309093,386521107.05309093,386521107.05309093,679784577.5304621,680850589.1428769,339984186.31802547,339984186.31802547,338182994.28325593,329471106.27835035,0.009741140596202482,584468.4357721489,27.204206466674805,2024-03-19,0,0,0,0,0,0,0,1,0,0,0,0.8519762440002302,1
27.325887298583986,29.10570011138916,31.0195912361145,30.2742057800293,27.771693865626716,28.763012955737338,29.88850719095645,29.891878548604378,34.671187960064806,45.54058215017934,23.282929436865814,-1.0105030293905202,-0.33932748262410495,-0.6711755467664152,40.50702440130921,-61.81650933278603,-85.18513763871998,30.991663687787906,-16.550921295814756,0.9103036686840756,3.2684495406955083,0.7436014593926679,27.893032244361596,27.325887298583986,26.758742352806376,-5.523891448974606,-4.942129477741272,-1.5495945490323564,71.42857142857143,42.85714285714286,-28.571428571428573,0.7402589038449158,0.023784255014026368,1.0273729285721986,1.0201627055392455,0.0442225392296719,0.012744265080713678,0.874940561103186,0.017822237553179257,0.9126518722931279,0.7150766026255927,3.469995244888255,0.7265625,-13967063.025995627,113603566.61760968,-105273595.86688735,-15654600.203943685,340810699.85282904,333486070.39960766,-7324629.453221357,333486070.39960766,16695846.547783976,22727894.3327898,936798564.039208,854970963.4318969,15112434.004219947,17378042.428231064,16695846.547783976,16695846.547783976,16695846.547783976,16695846.547783976,17378042.428231064,16695846.547783976,0.030160238925029118,0.02908308753484951,22979229.657165043,21363502.571895625,31887689.37325954,21417813.729855012,31883681.149316497,31883681.149316497,1310067425.7827828,932525863.5248289,377541562.25795376,377541562.25795376,377541562.25795376,663992021.9530518,665033268.296892,332085773.5923742,332085773.5923742,330326426.3217475,321816930.3393286,0.009514837279919901,570890.236795194,27.851238250732425,2024-03-20,0,0,0,0,0,0,0,1,0,0,0,-1.5950204320346488,0
27.435979461669923,28.511785316467286,30.75984659194946,30.26483299255371,27.746703889747238,28.56914222523751,29.679765928769005,29.805794054070414,33.963361466413254,68.1016900887815,43.53243054557165,-1.0473026872438176,-0.4809225235480475,-0.5663801636957702,39.96369065965428,-53.826548695371805,-87.37992299619401,50.41390140980927,-17.657184475951194,0.8894289351940835,3.2113145843005655,0.6180573998241847,28.033788985547574,27.435979461669923,26.838169937792273,-5.93914794921875,-6.003232321204291,-1.8740993035145301,64.28571428571429,35.714285714285715,-28.571428571428573,-0.12499999999999928,-0.00554784355916671,1.0226228126170602,0.9972183615066277,0.0442225392296719,0.012744265080713678,0.874940561103186,0.017822237553179257,0.9126518722931279,0.7150766026255927,3.469995244888255,0.7265625,-14044982.391092662,114237337.49464571,-105860895.55445677,-15741933.991044732,342712012.48393714,335346520.4330813,-7365492.050855791,335346520.4330813,16788989.233568348,22854688.569567237,942024770.0925415,859740670.1714613,15196743.15786864,17474990.94418727,16788989.233568348,16788989.233568348,16788989.233568348,16788989.233568348,17474990.94418727,16788989.233568348,0.030328496679994436,0.02924533608428035,23107426.041900523,21482685.148329392,32065584.21813504,21537299.297041953,32061553.633136977,32061553.633136977,1317376021.8606632,937728233.0628756,379647788.7977875,379647788.7977875,379647788.7977875,667696296.5513537,668743351.7938774,333938411.658653,333938411.658653,332169249.35232,323612280.6461787,0.009567918595474435,574075.1157284661,27.69672393798828,2024-03-21,0,0,0,0,0,0,0,1,0,0,0,0.3138062923781046,1
27.455294036865233,27.950704956054686,30.51109085083008,30.243525047302246,27.65600508238195,28.370135905676392,29.469750837233992,29.71437497225006,32.92283751259128,74.8481640158462,62.83014541826896,-1.081917947443575,-0.601121608327153,-0.48079633911642194,39.459166470974715,-49.74619972442988,-90.53495742692992,52.76501116478588,-16.958542821044553,0.8452125232935896,3.076340669429923,0.2703991685871685,28.05060204746928,27.455294036865233,26.859986026261186,-5.610803604125977,-7.011641950889846,-2.1755672357021254,57.142857142857146,28.571428571428573,-28.571428571428573,-0.9285694822888395,-0.008019593610934739,1.0098452452193722,0.9909439801524125,0.0442225392296719,0.012744265080713678,0.874940561103186,0.017822237553179257,0.9126518722931279,0.7150766026255927,3.469995244888255,0.7265625,-14158528.032038638,115160880.9598207,-106716720.28261514,-15869198.514058731,345482642.8794621,338057605.0426089,-7425037.836853168,338057605.0426089,16924718.598709427,23039455.6408238,949640500.9869412,866691181.2311158,15319600.125154404,17616266.240377124,16924718.598709427,16924718.598709427,16924718.598709427,16924718.598709427,17616266.240377124,16924718.598709427,0.030573685210571865,0.029481767881622874,23294236.3509119,21656360.357488405,32324816.106860258,21711416.030323077,32320752.93689026,32320752.93689026,1328026252.7120664,945309228.9154435,382717023.7966229,382717023.7966229,382717023.7966229,673094238.808459,674149758.8931097,336638112.51497525,336638112.51497525,334854647.54435855,326228500.6456615,0.009645269739049459,578716.1843429675,27.474607467651367,2024-03-22,0,0,0,0,0,0,0,1,0,0,0,0.5588489849115634,1
27.551865005493163,27.44177303314209,30.247460460662843,30.220878372192384,27.61485302306095,28.21784735999322,29.28525541506113,29.628813165668447,33.495221461988194,62.876963499311024,68.60893920131285,-1.0920865073742476,-0.6993145881365719,-0.39277191923767574,39.13236801322637,-45.53627647313202,-89.71193323745524,50.65703962724967,-15.600943539749801,0.8179504140725735,2.9708488557021804,0.46354299419936495,27.988045471647546,27.551865005493163,27.11568453933878,-5.089319229125977,-8.043262355491013,-2.4791682438972664,50.0,21.42857142857143,-28.571428571428573,0.18750049670584487,0.00210890862902402,1.016991134238454,1.003166789315492,0.0442225392296719,0.012744265080713678,0.874940561103186,0.017822237553179257,0.9126518722931279,0.7150766026255927,3.469995244888255,0.7265625,-14128731.82757031,114918528.28388807,-106492138.09366618,-15835802.254037673,344755584.8516642,337346172.7878484,-7409412.063815792,337346172.7878484,16889101.02781541,22990969.786251944,947642010.5736169,864867255.2136354,15287360.478725817,17579193.327876683,16889101.02781541,16889101.02781541,16889101.02781541,16889101.02781541,17579193.327876683,16889101.02781541,0.03050934379218267,0.029419724371033292,23245214.317853466,21610785.186129395,32256789.485170368,21665724.99592511,32252734.86602168,32252734.86602168,1325231460.649249,943319853.5363909,381911607.1128581,381911607.1128581,381911607.1128581,671677731.8438503,672731030.617628,335929667.5403542,335929667.5403542,334149955.81914353,325541962.39206344,0.0096249715534862,577498.293209172,27.532548904418945,2024-03-25,0,0,0,0,0,0,0,1,0,0,0,-0.9587332442673131,0
27.598219680786134,27.407973289489746,29.961230278015137,30.220700035095216,27.55522862975385,28.075689629656207,29.10913393202099,29.542819702039868,32.98994646519435,49.2231015633563,62.31607635950445,-1.0953114124091705,-0.7785139529910916,-0.3167974594180789,38.717212618480985,-40.04201639091136,-91.08364021991305,43.658629157338204,-1.2169572730619804,0.7878070449015154,2.8714376136943627,0.39594324567775985,27.907587915032526,27.598219680786134,27.28885144653974,-0.33799743652344105,-8.984871524434057,-2.751575616689827,42.85714285714286,14.285714285714286,-28.571428571428573,-0.7804873510174171,-0.003507450821736202,1.014441699761417,0.9888618273608467,0.0442225392296719,0.012744265080713678,0.874940561103186,0.017822237553179257,0.9126518722931279,0.7150766026255927,3.469995244888255,0.7265625,-14178462.086065033,115323018.0984827,-106866968.73095804,-15891541.052761838,345969054.29544806,338533562.6102109,-7435491.68523719,338533562.6102109,16948547.22370242,23071893.317427162,950977517.4486448,867911411.8081763,15341168.874099674,17641068.508111764,16948547.22370242,16948547.22370242,16948547.22370242,16948547.22370242,17641068.508111764,16948547.22370242,0.03061673046862372,0.02952327580903002,23327032.737999026,21686850.74860847,32370326.814555954,21741983.93534531,32366257.92397365,32366257.92397365,1329896005.4865165,946640147.298923,383255858.1875934,383255858.1875934,383255858.1875934,674041900.6622125,675098906.8331531,337112071.5527391,337112071.5527391,335326095.60873604,326687803.79794574,0.009658849493077723,579530.9695846633,27.43597984313965,2024-03-26,0,0,0,0,0,0,0,1,0,0,0,0.4524916132840158,1
27.68127098083496,27.503579139709473,29.71892719268799,30.234250144958494,27.792317336828084,28.11038146989627,29.028882581445327,29.49276774317464,41.204486460910175,63.6554193312863,58.58516146465115,-1.0191039645901796,-0.8266319553109092,-0.19247200927927044,37.55201115326155,-13.918385214905166,-79.28666215029781,52.51443832621092,3.5007075445014024,0.7929269128120732,2.805183026044214,0.8594851956493237,28.292971208693253,27.68127098083496,27.069570752976666,0.9560585021972621,-9.6868262069451,-2.9506742281791496,35.714285714285715,7.142857142857143,-28.571428571428573,0.8734194940932449,0.030271013194543617,1.0277095405765169,1.0241427759237074,0.0442225392296719,0.012744265080713678,0.874940561103186,0.017822237553179257,0.9126518722931279,0.7150766026255927,3.469995244888255,0.7265625,-13761876.151501264,111934643.04203086,-103727045.95424604,-15424622.113250775,335803929.12609255,328586904.1006266,-7217025.025465959,328586904.1006266,16450571.749223877,22394004.12313702,923036274.2129036,842410783.8548795,14890420.751071677,17122745.64865453,16450571.749223877,16450571.749223877,16450571.749223877,16450571.749223877,17122745.64865453,16450571.749223877,0.029717161869565713,0.02865583465993837,22641647.138716735,21049656.324275713,31419234.745026786,21103169.609645054,31415285.40496947,31415285.40496947,1290821529.9224336,918826342.9480485,371995186.9743851,371995186.9743851,371995186.9743851,654237469.587951,655263419.223924,327207178.728111,327207178.728111,325473677.61905307,317089192.662997,0.009375057018374898,562503.4211024939,28.26649475097656,2024-03-27,0,0,0,0,0,0,0,1,0,0,0,-2.0520339567702077,0
27.779773712158203,27.607876586914063,29.48236780166626,30.25797466278076,27.92462408942022,28.124718947115948,28.94891639222239,29.44164891381895,40.70460981238791,68.91539981078672,60.59797356847639,-0.9539465183503921,-0.8520948679188057,-0.1018516504315864,36.157809688919905,26.61967115815531,-78.23437063319138,49.18265268659686,3.8420554141729513,0.7631913102828919,2.7073854258086394,0.37662847740353556,28.515707843657115,27.779773712158203,27.04383958065929,1.0429744720458984,-8.999793514293259,-2.7241247128217623,28.571428571428573,0.0,-28.571428571428573,-0.07692006729527262,-0.0027331707398703387,1.0133928357970028,0.9989733477069878,0.0442225392296719,0.012744265080713678,0.874940561103186,0.017822237553179257,0.9126518722931279,0.7150766026255927,3.469995244888255,0.7265625,-13799592.794750001,112241418.00151415,-104011326.6689126,-15466895.780233935,336724254.00454247,329487449.55691004,-7236804.447632391,329487449.55691004,16495657.196809128,22455378.50662404,925566004.1332192,844719546.6030514,14931230.352982713,17169673.29732391,16495657.196809128,16495657.196809128,16495657.196809128,16495657.196809128,17169673.29732391,16495657.196809128,0.02979860654907455,0.02873437060089332,22703700.227866326,21107346.305594474,31505344.230025835,21161006.252761316,31501384.066164527,31501384.066164527,1294359234.7096229,921344534.8721004,373014699.8375225,373014699.8375225,373014699.8375225,656030512.9905187,657059274.4070939,328103942.8242744,328103942.8242744,326365690.77557844,317958226.7849467,0.0094007508756009,564045.052536054,28.189237594604492,2024-03-28,0,0,0,0,0,0,0,1,0,0,0,-1.7146438605022611,0
27.92076873779297,27.6880313873291,29.26021537780762,30.24461826324463,28.00961025822188,28.134694155972173,28.87564650685123,29.39215611703488,40.6382581793133,81.85199539358722,71.4742715118867,-0.8927962510469065,-0.8602351445444258,-0.032561106502480675,34.884557726424674,117.18910322503021,-52.97998398739353,43.38759420312904,2.9277046950409114,0.7300613118244798,2.5907456554471406,0.299371331865121,28.63872223366034,27.92076873779297,27.2028152419256,0.8015480041503906,-8.210926648789032,-2.4704637649731787,21.42857142857143,0.0,-21.42857142857143,-0.41935285395221017,-0.0003425065593524179,1.010652902470056,0.9955646822539981,0.0442225392296719,0.012744265080713678,0.874940561103186,0.017822237553179257,0.9126518722931279,0.7150766026255927,3.469995244888255,0.7265625,-13804320.865193736,112279874.59504622,-104046963.43637027,-15472195.108546192,336839623.78513867,329600339.83526844,-7239283.949870237,329600339.83526844,16501309.003380686,22463072.256215,925883125.1767861,845008967.7172062,14936346.14951168,17175556.037927423,16501309.003380686,16501309.003380686,16501309.003380686,16501309.003380686,17175556.037927423,16501309.003380686,0.02980881626417156,0.028744215683308295,22711479.05841643,21114578.187121525,31516138.714260932,21168256.519469287,31512177.193552796,31512177.193552796,1294802713.131938,921660209.5393617,373142503.59257615,373142503.59257615,373142503.59257615,656255284.7301484,657284398.624983,328216359.0801462,328216359.0801462,326477511.46473616,318067166.87591636,0.009403971797625553,564238.3078575332,28.179582595825195,2024-04-01,0,0,0,0,0,0,0,1,0,0,0,-1.8878834661762447,0
27.886003494262695,27.71893424987793,28.989814949035644,30.215613174438477,27.79264773440378,27.99360843429861,28.731177571605166,29.312413629573417,35.360728023216225,56.04695268746905,68.93811596394762,-0.9001938833573533,-0.8682268923070113,-0.03196699105034195,34.70784307674891,-25.967962066205978,-67.42845739492446,42.88461971773588,1.142447765908905,0.7565509662170481,2.765300759391682,1.100916473320435,28.687731398951016,27.886003494262695,27.084275589574375,0.3090286254882777,-7.550425675578984,-2.2569511242401923,14.285714285714286,0.0,-14.285714285714286,-0.5444444208969264,-0.029129597866337176,1.0320969896271255,0.9829979258741572,0.0442225392296719,0.012744265080713678,0.874940561103186,0.017822237553179257,0.9126518722931279,0.7150766026255927,3.469995244888255,0.7265625,-14218500.054030126,115648673.96131444,-107168745.90852527,-15936416.513000347,346946021.8839433,339489533.42373216,-7456488.460211172,339489533.42373216,16996407.519598994,23137045.075067017,953662943.2125964,870362270.659551,15384490.161288638,17690884.385991212,16996407.519598994,16996407.519598994,16996407.519598994,16996407.519598994,17690884.385991212,16996407.519598994,0.030703187777340116,0.02960664535672083,23392904.97321152,21748091.342282582,32461736.030883763,21803380.217326872,32457655.650330983,32457655.650330983,1333651443.371201,949313324.94414,384338118.42706114,384338118.42706114,384338118.42706114,675945299.4837509,677005290.4903497,338064028.2769271,338064028.2769271,336273008.9899156,327610323.86702317,0.009686124715470396,581167.4829282237,27.358722686767575,2024-04-02,0,0,0,0,0,0,0,1,0,0,0,1.1268731895551185,1
27.812609100341795,27.705414390563966,28.681751823425294,30.177547645568847,27.551434447447573,27.825499241432528,28.572875695598498,29.22443693325819,33.6973982962029,32.47793609345205,56.79229472483606,-0.9188422825666187,-0.8783499703589328,-0.0404923122076859,34.60222314113555,-91.48911801805578,-84.57130571981574,43.92290331904927,-0.49697679403097883,0.7273444024284826,2.6870005942832993,0.3476590731771303,28.80919784756623,27.812609100341795,26.81602035311736,-0.13519859313964844,-6.949803743608253,-2.0620822417430382,7.142857142857143,78.57142857142857,71.42857142857143,-0.6451547406632566,-0.010589486086371336,1.0110833529103094,0.9929153787164753,0.0442225392296719,0.012744265080713678,0.874940561103186,0.017822237553179257,0.9126518722931279,0.7150766026255927,3.469995244888255,0.7265625,-14370678.150355032,116886441.30520134,-108315754.07928266,-16106981.165950628,350659323.915604,343123029.97557205,-7536293.940031945,343123029.97557205,17178317.06919046,23384676.78451089,963869829.3596739,879677604.411964,15549147.643918851,17880226.79889932,17178317.06919046,17178317.06919046,17178317.06919046,17178317.06919046,17880226.79889932,17178317.06919046,0.031031798576602123,0.029923520056009196,23643275.10598257,21980857.325093172,32809168.261696413,22036737.947207842,32805044.20955082,32805044.20955082,1347925279.3624783,959473657.8946552,388451621.467823,388451621.467823,388451621.467823,683179822.710837,684251158.6140769,341682267.89880127,341682267.89880127,339872079.6484995,331116679.3358153,0.00978979359857091,587387.6159142546,27.069007873535156,2024-04-03,0,0,0,0,0,0,0,1,0,0,0,2.7118390164118322,1
27.561523056030275,27.621397018432617,28.36354856491089,30.120071487426756,27.37131114143803,27.677420202884605,28.42413177500997,29.13763801546057,33.35941663436552,9.323949395821579,32.61627939224751,-0.9276039756935006,-0.8882007714258464,-0.0394032042676542,33.67832232026389,-70.05776581377968,-95.06173347352507,37.44380388352626,-3.016647639683978,0.7367832402616032,2.7277090077628743,0.8594881320921708,28.605640643642232,27.561523056030275,26.517405468418318,-0.8401737213134801,-6.213040172284763,-1.8287814091413424,0.0,71.42857142857143,71.42857142857143,-0.2134834350227277,-0.002140578789844083,1.0318996885005676,0.9932528219074164,0.0442225392296719,0.012744265080713678,0.874940561103186,0.017822237553179257,0.9126518722931279,0.7150766026255927,3.469995244888255,0.7265625,-14401505.708015429,117137182.67393525,-108548109.86092862,-16141533.389960736,351411548.02180576,343859087.44485164,-7552460.576954106,343859087.44485164,17215167.491586566,23434840.90790171,965937494.6730862,881564663.0315254,15582503.21980384,17918582.93747935,17215167.491586566,17215167.491586566,17215167.491586566,17215167.491586566,17918582.93747935,17215167.491586566,0.03109836708157573,0.0299877111143766,23693993.966914844,22028010.016116142,32879549.528035756,22084010.511703886,32875416.629094344,32875416.629094344,1350816809.1731591,961531892.669863,389284916.5032962,389284916.5032962,389284916.5032962,684645360.047119,685718994.1487448,342415234.6874928,342415234.6874928,340601163.2744009,331826981.1335277,0.009810794376925678,588647.6626155407,27.011064529418945,2024-04-04,0,0,0,0,0,0,0,1,0,0,0,1.1332777415961515,1
27.397351837158205,27.588562774658204,28.050174045562745,30.069741668701173,27.3703345943734,27.621231347859066,28.323584129794174,29.06825540702071,37.52106295522783,13.928140319703486,18.57667526965899,-0.8953936467020824,-0.8896393464810937,-0.005754300220988773,32.92109671307876,-75.56059745402972,-68.42096769483301,43.311545948904545,-1.1854919682172005,0.7276131436185205,2.658590328449016,0.6084018872584451,28.232214266091145,27.397351837158205,26.562489408225264,-0.3283424377441406,-5.4569391518692685,-1.5941703502948457,100.0,64.28571428571429,-35.714285714285715,0.7936494480808456,0.01322854086095071,1.022661909546939,1.017959770016507,0.0442225392296719,0.012744265080713678,0.874940561103186,0.017822237553179257,0.9126518722931279,0.7150766026255927,3.469995244888255,0.7265625,-14213482.079549713,115607859.38225012,-107130924.05460092,-15930792.25368554,346823578.14675033,339369721.220714,-7453856.926036354,339369721.220714,16990409.16964169,23128879.579318687,953326377.7314436,870055103.5430278,15379060.687101476,17684640.94216468,16990409.16964169,16990409.16964169,16990409.16964169,16990409.16964169,17684640.94216468,16990409.16964169,0.030692352048384986,0.029596196618085525,23384649.179721896,21740416.034272697,32450279.67737433,21795685.39683937,32446200.736864127,32446200.736864127,1333180772.844551,948978294.5245891,384202478.319962,384202478.319962,384202478.319962,675706745.7509328,676766362.666889,337944719.1613247,337944719.1613247,336154331.95850223,327494704.05913645,0.009682706300978597,580962.3780587158,27.36838150024414,2024-04-05,0,0,0,0,0,0,0,1,0,0,0,0.4520481480340603,1
27.294985198974608,27.60787696838379,27.77929096221924,30.039232177734377,27.469472864551342,27.629689176413276,28.261123679804943,29.01333360301626,40.85371612872829,37.48312323933249,20.24507098495247,-0.8360725173858015,-0.8789259806620352,0.04285346327623374,31.541745904392336,4.662925470344008,-50.292533591951624,39.427393850969636,0.7029834274548508,0.7170286107182898,2.591568255967779,0.5794296830152916,27.768338627888514,27.294985198974608,26.8216317700607,0.19314193725585938,-4.8512822226322365,-1.4074350870572587,92.85714285714286,57.142857142857146,-35.714285714285715,0.24999920527190567,0.010938458478460422,1.0212314358319263,1.0052631445098341,0.0442225392296719,0.012744265080713678,0.874940561103186,0.017822237553179257,0.9126518722931279,0.7150766026255927,3.469995244888255,0.7265625,-14059690.736211667,114356970.40970106,-105971756.3973589,-15758419.436987884,343070911.2291032,335697705.8044575,-7373205.424645707,335697705.8044575,16806571.188530657,22878622.714709476,943011287.9138782,860641017.5081547,15212657.662908716,17493291.301610403,16806571.188530657,16806571.188530657,16806571.188530657,16806571.188530657,17493291.301610403,16806571.188530657,0.03036025763089409,0.029275962715505015,23131624.86163359,21505182.488549978,32099164.301469427,21559853.830908302,32095129.49551661,32095129.49551661,1318755619.2600389,938710251.4161682,380045367.84387064,380045367.84387064,380045367.84387064,668395529.0096719,669443680.7612146,334288122.4144517,334288122.4144517,332517107.3859829,323951177.5544092,0.00957793841927016,574676.3051562095,27.667749404907227,2024-04-08,0,0,0,0,0,0,0,1,0,0,0,0.38372054786927967,1
27.434048080444335,27.660025787353515,27.5508994102478,30.022212142944337,27.664327607739633,27.706843343268353,28.241401147834587,28.975714132079002,44.93522434051984,69.1026303936642,40.17129798423334,-0.7492529848234888,-0.852991381494326,0.10373839667083717,29.959858281758866,50.03795292327639,-26.90061077891506,46.73602752473474,1.8940788646472528,0.714097981839422,2.545437504925771,0.6759998064141399,28.211471631919533,27.434048080444335,26.656624528969136,0.5214881896972656,-4.168221019826441,-1.201943837679348,85.71428571428572,50.0,-35.714285714285715,0.5571428960683963,0.013961659242889946,1.0246826107378615,1.0136077945472721,0.0442225392296719,0.012744265080713678,0.874940561103186,0.017822237553179257,0.9126518722931279,0.7150766026255927,3.469995244888255,0.7265625,-13866097.014664074,112782341.7850826,-104512587.2673395,-15541435.214379271,338347025.3552478,331075344.65861166,-7271680.696636173,331075344.65861166,16575154.529097158,22563597.455738712,930026573.8036,848790493.8642184,15003188.26085375,17252418.90770543,16575154.529097158,16575154.529097158,16575154.529097158,16575154.529097158,17252418.90770543,16575154.529097158,0.02994221463320777,0.028872849824878925,22813115.911015444,21209068.69852217,31657177.575567696,21262987.2484594,31653198.32653393,31653198.32653393,1300597125.383157,925784760.0638955,374812365.31926155,374812365.31926155,374812365.31926155,659192113.3475134,660225832.6622313,329685170.4077841,329685170.4077841,327938541.220847,319490559.2350491,0.009446055806904833,566763.3484142899,28.05403709411621,2024-04-09,0,0,0,0,0,0,0,1,0,0,0,-6.679477944398419,0
27.42052764892578,27.61656837463379,27.512270832061766,29.98183395385742,27.443353643807217,27.578581956481813,28.123306344797236,28.898290272622663,37.367904601196614,62.51183165655413,56.36586176318355,-0.7566640822449635,-0.8337259216444535,0.07706183939948996,29.173312578438477,-71.34520283299163,-89.08053962424808,40.19354372347873,-1.5839570144090542,0.7582828859764538,2.8083089227045033,1.332686639757867,28.224764069660125,27.42052764892578,26.616291228191436,-0.4345741271972656,-3.563390717312581,-1.0196340267474824,100.0,42.85714285714286,-57.142857142857146,-0.6666671273791782,-0.03752156506539295,1.0496938832559792,0.9681440407538597,0.0442225392296719,0.012744265080713678,0.874940561103186,0.017822237553179257,0.9126518722931279,0.7150766026255927,3.469995244888255,0.7265625,-14406657.345633067,117179084.42566329,-108586939.17068419,-16147307.461943489,351537253.2769899,343982091.0700255,-7555162.206964385,343982091.0700255,17221325.618815877,23443223.906904195,966283025.2054302,881880012.1188035,15588077.318192692,17924992.68711158,17221325.618815877,17221325.618815877,17221325.618815877,17221325.618815877,17924992.68711158,17221325.618815877,0.031109491440441582,0.02999843817471153,23702469.668907873,22035889.77031279,32891311.04295189,22091910.29812949,32887176.665609673,32887176.665609673,1351300016.8897524,961875847.2513676,389424169.6383848,389424169.6383848,389424169.6383848,684890268.1048645,685964286.2617369,342537721.82457644,342537721.82457644,340723001.4905507,331945680.6912832,0.009814303847282166,588858.23083693,27.001405715942383,2024-04-10,0,0,0,0,0,0,0,1,0,0,0,-1.5658234481895363,0
27.526756286621094,27.544139671325684,27.523859405517577,29.95265609741211,27.476305001836646,27.57196845855703,28.067963618425644,28.845110564594147,42.70627711168443,55.88355108082834,62.49933771034884,-0.710706644658746,-0.809122066247312,0.09841542158856598,28.454069276620142,-61.205861194451366,-56.5714256104839,47.315866480286566,-2.5623517859639344,0.7641320720205055,2.7744038526149515,0.8401714905931783,28.21912535072456,27.526756286621094,26.834387222517627,-0.7242870330810511,-2.81756215947438,-0.8000574845534096,100.0,35.714285714285715,-64.28571428571429,0.7701159757086771,0.020028661012779114,1.0313400189017148,1.0240574530383035,0.0442225392296719,0.012744265080713678,0.874940561103186,0.017822237553179257,0.9126518722931279,0.7150766026255927,3.469995244888255,0.7265625,-14123777.003803795,114878227.35227561,-106454792.22404301,-15830248.775471607,344634682.05682683,337227868.4095878,-7406813.647239009,337227868.4095878,16883178.16650068,22982907.052462216,947309680.735848,864563953.7649769,15281999.333935779,17573028.457174905,16883178.16650068,16883178.16650068,16883178.16650068,16883178.16650068,17573028.457174905,16883178.16650068,0.03049864442980768,0.029409407128743126,23237062.422710616,21603206.471113775,32245477.308739882,21658127.01399448,32241424.111510977,32241424.111510977,1324766713.4647534,942989039.4416251,381777674.02312833,381777674.02312833,381777674.02312833,671442180.2862303,672495109.6772594,335811859.9182039,335811859.9182039,334032772.3264651,325427797.6480551,0.009621596159403615,577295.7695642168,27.542207717895508,2024-04-11,0,0,0,0,0,0,0,1,0,0,0,-3.0752111713748342,0
27.3722412109375,27.38479652404785,27.49633655548096,29.910313873291017,27.182805375166488,27.394484397333237,27.92775814255903,28.7569025472307,36.79568859779438,25.30521529513133,47.90019934417122,-0.7420973078356603,-0.7957171145649816,0.05361980672932132,28.176302611730744,-157.8254561066402,-93.80947791081505,43.40565731134184,-5.652623514313515,0.7861187557547851,2.9557996932066937,1.0719456443004205,28.40041619389076,27.3722412109375,26.34406622798424,-1.5934314727783203,-2.165760124848714,-0.6093287467956543,100.0,28.571428571428573,-71.42857142857143,-0.6363629607978136,-0.03436186400752517,1.0280919541061717,0.982518738526053,0.0442225392296719,0.012744265080713678,0.874940561103186,0.017822237553179257,0.9126518722931279,0.7150766026255927,3.469995244888255,0.7265625,-14626366.210451595,118966125.16675796,-110242945.31887938,-16393562.127909757,356898375.5002739,349227993.22024274,-7670382.280031171,349227993.22024274,17483959.60889458,23800745.015979074,981019333.6681043,895329131.6279521,15825803.4395349,18198357.958505325,17483959.60889458,17483959.60889458,17483959.60889458,17483959.60889458,18198357.958505325,17483959.60889458,0.03158392703542247,0.030455929641300238,24063944.407940928,22371948.316757582,33392920.29472122,22428823.186166357,33388722.86601804,33388722.86601804,1371908030.6445947,976544944.0047528,395363086.639842,395363086.639842,395363086.639842,695335193.6500806,696425591.1310654,347761596.6078838,347761596.6078838,345919200.8641508,337008021.4505852,0.00996397698141304,597838.6188847824,26.595806121826172,2024-04-12,0,0,0,0,0,0,0,1,0,0,0,0.9584432203933304,1
27.215795516967773,27.25539035797119,27.471710872650146,29.868194427490234,27.08371056179719,27.301945586010575,27.828497456130414,28.68351503302787,39.5536550411434,28.953441963782712,36.714069446580744,-0.735123029692641,-0.7835982975905135,0.04847526789787249,27.89992998561389,-102.36216202115567,-79.52376722879056,46.302350127268696,-4.5921959857500365,0.7748042462409442,2.881864361536708,0.6277156225610128,28.2544966300522,27.215795516967773,26.17709440388335,-1.2940616607666016,-1.6673753615091265,-0.46478101534721006,92.85714285714286,21.42857142857143,-71.42857142857143,-0.037037821952833574,0.010893251812159388,1.019529870632094,0.9992821084951363,0.0442225392296719,0.012744265080713678,0.874940561103186,0.017822237553179257,0.9126518722931279,0.7150766026255927,3.469995244888255,0.7265625,-14468754.425090786,117684161.95626542,-109054981.93924469,-16216907.273366537,353052485.8687962,345464758.6124504,-7587727.25634581,345464758.6124504,17295554.77549413,23544271.33954362,970447999.2417576,885681183.47111,15655266.677431136,18002254.863094963,17295554.77549413,17295554.77549413,17295554.77549413,17295554.77549413,18002254.863094963,17295554.77549413,0.031243582820247456,0.030127740576667193,23804634.52971235,22130871.16434195,33033082.60774321,22187133.15768973,33028930.409975883,33028930.409975883,1357124531.3837726,966021825.0088892,391102706.37488335,391102706.37488335,391102706.37488335,687842353.6843288,688921001.1864564,344014163.6957961,344014163.6957961,342191621.364615,333376467.6403309,0.00985660648495902,591396.3890975411,26.885520935058594,2024-04-15,0,0,0,0,0,0,0,1,0,0,0,-2.5150832633595663,0
27.022652435302735,27.228350257873537,27.47364225387573,29.826480598449706,27.085247603128465,27.263104876879748,27.7580045256219,28.620958431175445,41.47869528865896,22.98857417473599,25.749077144549958,-0.7051035435712514,-0.767899346786661,0.06279580321540967,27.863294416335794,-89.74355814599974,-69.5237509412681,47.9980760797029,-0.9883538938290526,0.7663672928592062,2.829142763987474,0.6566868988966128,27.639550734151168,27.022652435302735,26.405754136454302,-0.27040100097655895,-1.178782338082245,-0.32586672367193614,85.71428571428572,14.285714285714286,-71.42857142857143,0.2352937876560939,0.007543121489900884,1.0247633040002646,1.005736817888619,0.0442225392296719,0.012744265080713678,0.874940561103186,0.017822237553179257,0.9126518722931279,0.7150766026255927,3.469995244888255,0.7265625,-14360431.942302544,116803101.96772557,-108238525.59082535,-16095496.984174574,350409305.9031767,342878385.2959024,-7530920.607274342,342878385.2959024,17166069.031287104,23368003.649042442,963182595.9038963,879050399.5118462,15538061.194126327,17867478.30353324,17166069.031287104,17166069.031287104,17166069.031287104,17166069.031287104,17867478.30353324,17166069.031287104,0.0310096730887767,0.029902184764177536,23626417.591448914,21965185.104550164,32785775.519856315,22021025.88411361,32781654.40813537,32781654.40813537,1346964216.6549947,958789558.8829863,388174657.77200836,388174657.77200836,388174657.77200836,682692719.5604137,683763291.6075263,341438650.47392344,341438650.47392344,339629752.8770782,330880595.11274475,0.009782813533959317,586968.812037559,27.088321685791016,2024-04-16,0,0,0,0,0,0,0,1,0,0,0,-1.2359103404697986,0
27.1810302734375,27.300778961181642,27.503096675872804,29.810777893066405,27.321263370957713,27.35950306410456,27.761365514288023,28.588501038055476,47.712528195944536,48.68744185454884,33.543152664355794,-0.6173114551360008,-0.737781768456529,0.12047031332052816,26.279650860528488,58.66764293744014,-34.761829868201445,48.963912885395516,2.675705871692391,0.7792269229786821,2.803650756762872,0.9464021145318675,28.04992616425548,27.1810302734375,26.31213438261952,0.7242870330810547,-0.627645915533877,-0.17234300955747983,78.57142857142857,7.142857142857143,-71.42857142857143,0.5645159801759077,0.026024987040632386,1.0218233313116287,1.012310952434496,0.0442225392296719,0.012744265080713678,0.874940561103186,0.017822237553179257,0.9126518722931279,0.7150766026255927,3.469995244888255,0.7265625,-13996181.500142982,113840406.8546334,-105493069.81598772,-15687236.848489307,341521220.56390023,334181320.75405663,-7339899.809843621,334181320.75405663,16730653.978320017,22775277.35113241,938751597.7383819,856753403.2940995,15143940.342956765,17414272.097864278,16730653.978320017,16730653.978320017,16730653.978320017,16730653.978320017,17414272.097864278,16730653.978320017,0.030223116864061966,0.029143719833202613,23027136.65833293,21408041.112043895,31954168.693708368,21462465.497676555,31950152.113436937,31950152.113436937,1312798648.8321774,934469989.5159731,378328659.31620425,378328659.31620425,378328659.31620425,665376309.7227356,666419726.8525664,332778104.61393946,332778104.61393946,331015089.46353585,322487852.91974694,0.009534673772590978,572080.4263554587,27.79329490661621,2024-04-17,0,0,0,0,0,0,0,1,0,0,0,-3.1116841552569294,0
27.285327529907228,27.40604190826416,27.513719463348387,29.775891342163085,27.568740247386522,27.4875377797663,27.7901587034267,28.567920369906012,49.91624281778462,66.64034460440287,46.105453544562515,-0.5199232934214137,-0.6942100734495059,0.17428678002809217,24.675481739958744,136.22531524215515,-21.428586943408035,45.41081846964495,3.8970306767388996,0.7739229883168084,2.757737410869986,0.7049718377124492,28.39455486676811,27.285327529907228,26.176100193046345,1.0526294708251953,-0.45409302162188625,-0.12473835089267737,71.42857142857143,100.0,28.571428571428573,0.09677320117271297,0.009728932626968279,1.0214607425521633,1.0020689471014614,0.0442225392296719,0.012744265080713678,0.874940561103186,0.017822237553179257,0.9126518722931279,0.7150766026255927,3.469995244888255,0.7265625,-13861325.597286511,112743532.62163116,-104476623.78211838,-15536087.30184298,338230597.8648935,330961419.4025633,-7269178.462330202,330961419.4025633,16569450.906782076,22555833.169877537,929706545.3953788,848498419.3382684,14998025.562719518,17246482.234155968,16569450.906782076,16569450.906782076,16569450.906782076,16569450.906782076,17246482.234155968,16569450.906782076,0.0299319113154773,0.028862914482781683,22805265.76417318,21201770.515129752,31646284.12753766,21255670.511330783,31642306.24779029,31642306.24779029,1300149581.1521668,925466191.2923529,374683389.85981405,374683389.85981405,374683389.85981405,658965280.9013354,659998644.5062745,329571723.520059,329571723.520059,327825695.35998946,319380620.3816941,0.009442805355477958,566568.3213286775,28.06369400024414,2024-04-18,0,0,0,0,0,0,0,1,0,0,0,-0.5823987807624829,0
27.64071044921875,27.506475830078124,27.547519302368165,29.75275691986084,27.836733737718944,27.648480132242206,27.84564080008928,28.560265481611022,52.3860735386216,83.47067487772664,66.26615377889273,-0.4130452713327877,-0.6379771130261622,0.22493184169337455,23.387881013673304,169.93805093885885,-12.444476316037628,50.7650140262965,3.6697062927549817,0.7600304693346855,2.678736652993001,0.5794277225670896,28.7768374433529,27.64071044921875,26.504583455084603,1.0043392181396484,-0.20702068818922403,-0.05695270880674741,64.28571428571429,100.0,35.714285714285715,0.3999993064177152,0.011011619430320252,1.0188938243053478,1.0075445581106206,0.0442225392296719,0.012744265080713678,0.874940561103186,0.017822237553179257,0.9126518722931279,0.7150766026255927,3.469995244888255,0.7265625,-13710352.41424527,111515565.6521132,-103338697.37420857,-15366873.14295871,334546696.9563396,327356692.0912855,-7190004.865054076,327356692.0912855,16388981.677696789,22310162.154800147,919580475.1672837,839256842.3856257,14834671.802457158,17058638.99355967,16388981.677696789,16388981.677696789,16388981.677696789,16388981.677696789,17058638.99355967,16388981.677696789,0.029605902385516778,0.028548548728891184,22556878.008012787,20970847.523074385,31301602.79005453,21024160.457530472,31297668.23611774,31297668.23611774,1285988762.3099413,915386305.6626688,370602456.6472725,370602456.6472725,370602456.6472725,651788039.0659069,652810147.6006451,325982132.3376723,325982132.3376723,324255121.3651838,315902027.47784156,0.009339957300192794,560397.4380115676,28.37272071838379,2024-04-19,0,0,0,0,0,0,0,1,0,0,0,-3.0010062870588956,0
28.00575065612793,27.61077308654785,27.60932502746582,29.705834770202635,28.12806314834746,27.84161501176262,27.928029482900254,28.566165736042137,54.99997950550447,85.427449244985,78.51282290903812,-0.2976387978459414,-0.569909449990118,0.2722706521441767,22.601788092691372,164.26889205452864,-9.374992316720775,50.38763781284798,3.7696328293051584,0.746440632596687,2.5998671624730645,0.5697727550027061,29.10913540195693,28.00575065612793,26.90236591029893,1.0429725646972656,0.08891258168071942,0.024513917091567805,57.142857142857146,100.0,42.85714285714286,0.40677916787896123,0.01191289529740791,1.0200816939905077,1.0081383442855505,0.0442225392296719,0.012744265080713678,0.874940561103186,0.017822237553179257,0.9126518722931279,0.7150766026255927,3.469995244888255,0.7265625,-13548945.248114174,110202732.04378727,-102122127.16573459,-15185964.339788636,330608196.1313618,323502836.6696258,-7105359.461735968,323502836.6696258,16196039.949545221,22047512.44744543,908754577.0399663,829376566.1904749,14660028.418846415,16857813.624902982,16196039.949545221,16196039.949545221,16196039.949545221,16196039.949545221,16857813.624902982,16196039.949545221,0.029257362489501042,0.02821245668630458,22291323.801524606,20723965.096729904,30933100.00842986,20776650.396723457,30929211.77461539,30929211.77461539,1270849268.0409818,904609784.0206203,366239484.0203613,366239484.0203613,366239484.0203613,644114767.2837415,645124842.8934981,322144459.1254704,322144459.1254704,320437779.6469162,312183023.8016641,0.009230001261568782,553800.0756941269,28.710721969604492,2024-04-22,0,0,0,0,0,0,0,1,0,0,0,-7.223102426829177,0
28.2780818939209,27.650367164611815,27.655196475982667,29.650623741149904,28.23536805715026,27.952226441397755,27.97773885355317,28.56160934932503,52.60097737250623,81.67284555762409,83.52365656011187,-0.22462882421487507,-0.5008533248350695,0.27622450062019444,21.34381316020295,107.93426714960125,-19.921905314858122,56.15627284885009,1.4113504566609647,0.746237828871096,2.6229821061943435,0.7436013804384132,28.914737381560716,28.2780818939209,27.64142640628108,0.39594078063964844,0.26589259553569733,0.07341836049006645,50.0,92.85714285714286,42.85714285714286,0.1948045835789791,-0.009081767261884921,1.0265060405502986,1.0051176943453912,0.0442225392296719,0.012744265080713678,0.874940561103186,0.017822237553179257,0.9126518722931279,0.7150766026255927,3.469995244888255,0.7265625,-13673121.353994662,111212740.26745272,-103058076.63216542,-15325143.728384761,333638220.80235815,326467740.7092607,-7170480.093097458,326467740.7092607,16344476.682795675,22249577.935934756,917083314.2598321,836977803.8080229,14794387.603846665,17012315.51499593,16344476.682795675,16344476.682795675,16344476.682795675,16344476.682795675,17012315.51499593,16344476.682795675,0.029525506265695414,0.028471023899063436,22495623.82148222,20913900.27153425,31216601.921790466,20967068.43239044,31212678.05230658,31212678.05230658,1282496603.710034,912900534.2055253,369596069.5045087,369596069.5045087,369596069.5045087,650018080.204173,651037413.1585839,325096913.6326391,325096913.6326391,323374592.4338069,315044181.7374143,0.009314594238582483,558875.654314949,28.44997787475586,2024-04-23,0,0,0,0,0,0,0,1,0,0,0,-7.158429126557005,0
28.378516006469727,27.779773139953612,27.698170757293703,29.586558723449706,28.25540052788696,28.014633537390953,28.007998531249093,28.551172334424454,51.17644674629553,65.23628478708497,77.44552652989798,-0.17719318121108785,-0.43612129611027317,0.2589281148991853,20.018099243314634,74.39036402123422,-26.17182210697332,57.81755562436277,4.792564383616216,0.7370820822007556,2.6049477185625465,0.6180573754863303,28.799478212132016,28.378516006469727,27.95755380080744,1.2940597534179688,0.2813227986161455,0.07781374760163118,42.85714285714286,85.71428571428572,42.85714285714286,-0.21875223517630685,-0.005431020230515116,1.0221070595088806,0.9952445212480513,0.0442225392296719,0.012744265080713678,0.874940561103186,0.017822237553179257,0.9126518722931279,0.7150766026255927,3.469995244888255,0.7265625,-13747785.857109413,111820037.15139893,-103620843.52967815,-15408829.392544227,335460111.4541968,328250475.68337333,-7209635.770823445,328250475.68337333,16433728.595259324,22371075.70064334,922091210.277228,841548269.4845484,14875174.98009602,17105214.2797968,16433728.595259324,16433728.595259324,16433728.595259324,16433728.595259324,17105214.2797968,16433728.595259324,0.02968673552692007,0.02862649497238721,22618465.16336767,21028104.331568383,31387065.71064147,21081562.82659254,31383120.414172646,31383120.414172646,1289499903.7746816,917885589.4109143,371614314.36376727,371614314.36376727,371614314.36376727,653567619.1658725,654592518.3685875,326872162.9624806,326872162.9624806,325140436.7234103,316764536.3426007,0.009365458231706926,561927.4939024156,28.29546546936035,2024-04-24,0,0,0,0,0,0,0,1,0,0,0,-5.002921137773557,0
28.030858993530273,27.65809326171875,27.601116466522218,29.488087882995604,27.612069997106932,27.70750179160112,27.847751903086976,28.463887495252784,37.30445794334096,45.66956167766559,64.19289734079152,-0.2951647151025192,-0.4079299799087224,0.11276526480620319,21.328640321093815,-173.63453899614856,-68.26192037582265,48.91112862799818,-4.417942072080228,0.9120661104909135,3.464584777102406,3.186858478262966,29.75905348005885,28.030858993530273,26.302664507001698,-1.2167987823486328,-0.1174202445398881,-0.03243869390243148,100.0,78.57142857142857,-21.42857142857143,0.25675755787129545,-0.06962446106238274,1.0569230593167818,1.014136944939711,0.0442225392296719,0.012744265080713678,0.874940561103186,0.017822237553179257,0.9126518722931279,0.7150766026255927,3.469995244888255,0.7265625,-14776598.568797087,120188066.50815934,-111375287.92728293,-16561945.953716015,360564199.524478,352815032.1516384,-7749167.372839604,352815032.1516384,17663543.27632557,24045210.52454642,991095715.3174416,904525360.20616,15988355.623667594,18385279.453207687,17663543.27632557,17663543.27632557,17663543.27632557,17663543.27632557,18385279.453207687,17663543.27632557,0.03190833624110425,0.030768752803921957,24311113.326555617,22601738.17078218,33735910.28251013,22659197.22122669,33731669.74059592,33731669.74059592,1385999362.4156795,986575367.6832852,399423994.7323943,399423994.7323943,399423994.7323943,702477216.7937392,703578814.1163487,351333573.68330145,351333573.68330145,349472254.069237,340469544.9154969,0.010066320361776937,603979.2217066161,26.325408935546875,2024-04-25,0,0,0,0,0,0,0,1,0,0,0,0.33426807058869895,1
27.57697296142578,27.608841705322266,27.49681911468506,29.36173557281494,27.109143517358397,27.41582702183025,27.6816127273512,28.371315066335473,36.11580150992685,31.881868736640246,47.59590506713024,-0.4019476995325135,-0.4067335238334806,0.004785824300967079,22.51677221368849,-123.8766094631739,-74.05547682856682,46.03638591763576,-1.8518542423899498,0.9000329151035965,3.4479672710555658,0.7436013750684758,29.82230736211612,27.57697296142578,25.331638560735442,-0.49251556396484375,-0.1453353878221617,-0.04005286632440175,92.85714285714286,71.42857142857143,-21.42857142857143,-0.15584267603330845,-0.008437414143474986,1.0288066019809312,0.9955801497763976,0.0442225392296719,0.012744265080713678,0.874940561103186,0.017822237553179257,0.9126518722931279,0.7150766026255927,3.469995244888255,0.7265625,-14902335.747201337,121210771.99009006,-112323003.62672062,-16702875.027711524,363632315.97027016,355817209.30592805,-7815106.66434209,355817209.30592805,17813846.073132705,24249816.267296776,999529156.7615169,912222156.3299698,16124403.897164633,18541723.654615544,17813846.073132705,17813846.073132705,17813846.073132705,17813846.073132705,18541723.654615544,17813846.073132705,0.032179850970820364,0.031030570579005358,24517981.692053612,22794061.104331095,34022976.22329972,22852009.085894838,34018699.597724386,34018699.597724386,1397793121.8718128,994970344.5406507,402822777.3311621,402822777.3311621,402822777.3311621,708454742.8611679,709565713.9065892,354323144.7965686,354323144.7965686,352445986.8232707,343366671.7279321,0.01015197679436595,609118.6076619569,26.103290557861328,2024-04-26,0,0,0,0,0,0,0,1,0,0,0,-0.9340153717304466,0
27.01878967285156,27.512270164489745,27.383830261230468,29.222875900268555,26.7126975204834,27.143823113630823,27.5138215653876,28.27517743733147,35.12027161080564,26.55736300529271,34.70293113986615,-0.4956659638963359,-0.42452001184605165,-0.07114595205028423,23.881773541538255,-130.67745834773538,-78.84135225747038,47.59051194678344,-3.5919534929520602,0.8840305770956871,3.4106373837716792,0.6760001829928655,29.246772148275618,27.01878967285156,24.790807197427505,-0.9657154083251953,-0.38889698448174215,-0.1069100331037447,85.71428571428572,64.28571428571429,-21.42857142857143,0.5901643444980906,-0.007029191615563257,1.023167512803612,1.0135951894476944,0.0442225392296719,0.012744265080713678,0.874940561103186,0.017822237553179257,0.9126518722931279,0.7150766026255927,3.469995244888255,0.7265625,-15007828.650519377,122068817.09574115,-113118132.65635686,-16821113.86022223,366206451.28722346,358336021.8663855,-7870429.420837926,358336021.8663855,17939949.41514527,24421479.526423562,1006604774.6033447,918679732.2009445,16238547.76093472,18672979.606301744,17939949.41514527,17939949.41514527,17939949.41514527,17939949.41514527,18672979.606301744,17939949.41514527,0.03240765055639146,0.031250234465091765,24691543.28106016,22955419.144110616,34263823.20206884,23013777.336591646,34259516.30247097,34259516.30247097,1407688030.7750657,1002013690.7745225,405674340.00054306,405674340.00054306,405674340.00054306,713469859.2135086,714588694.7684317,356831380.947696,356831380.947696,354940934.66523975,345797347.5439722,0.010223842139813972,613430.5283888383,25.9198055267334,2024-04-29,0,0,0,0,0,0,0,1,0,0,0,5.2786490218914786,1
26.338926696777342,27.30850429534912,27.268427276611327,29.07201271057129,26.158686011783857,26.763248546495177,27.279235034815905,28.148725890549247,30.790641160393506,16.06907991742843,24.836103886453767,-0.6327766469454126,-0.4661713388659238,-0.16660530807948876,25.398634024735124,-138.01851256734298,-99.75246938296786,43.786835825840384,-7.5222773675014505,0.8836569579682761,3.527479325263177,0.8787999093119332,28.477905333517036,26.338926696777342,24.19994806003765,-2.0376586914062464,-0.5199164314145107,-0.14244332680335248,100.0,57.142857142857146,-42.85714285714286,-0.7968761175881423,-0.033531985085775595,1.0246818118826126,0.9807183283867267,0.0442225392296719,0.012744265080713678,0.874940561103186,0.017822237553179257,0.9126518722931279,0.7150766026255927,3.469995244888255,0.7265625,-15528531.124593241,126304042.36044477,-117042810.4300961,-17404728.972551808,378912127.0813343,370768630.03913116,-8143497.0422031395,370768630.03913116,18562382.96384539,25268792.292718563,1041529320.2358927,950553684.1614763,16801950.515016183,19320845.923658427,18562382.96384539,18562382.96384539,18562382.96384539,18562382.96384539,19320845.923658427,18562382.96384539,0.03353204664436587,0.032334473549924234,25548226.014754947,23751866.373092487,35452619.92463332,23812249.32584464,35448163.595472485,35448163.595472485,1456528316.5630684,1036778946.9612741,419749369.6017942,419749369.6017942,419749369.6017942,738223974.5169737,739381628.5082674,369211785.016357,369211785.016357,367255748.96210235,357794921.5160134,0.01057856233423447,634713.7400540682,25.05066299438477,2024-04-30,0,0,0,0,0,0,0,1,0,0,0,5.633907482106012,1
25.637817001342775,27.00816650390625,27.154472732543944,28.91727958679199,25.702429671918406,26.40446099116651,27.04215712599415,28.017007894535062,29.611241708845693,9.148027658518524,17.25815686041319,-0.7537886677780037,-0.5236948046483398,-0.23009386312966384,27.02193241458858,-130.8196806095568,-97.7272641612585,40.43606879377949,-10.806124011276385,0.863995875064673,3.48527135180388,0.608401797317832,26.848651451353653,25.637817001342775,24.426982551331896,-3.003377914428711,-0.7752901786459359,-0.21159114593114836,100.0,50.0,-50.0,-0.5079351623665614,-0.010408746557155624,1.0246382900130717,0.9876875837767485,0.0442225392296719,0.012744265080713678,0.874940561103186,0.017822237553179257,0.9126518722931279,0.7150766026255927,3.469995244888255,0.7265625,-15691863.757453995,127632537.09147671,-118273893.4109386,-17587795.882390596,382897611.27443016,374668459.07257766,-8229152.201852481,374668459.07257766,18757626.34245786,25534575.21457167,1052484363.2281034,960551824.659369,16978677.263527986,19524066.988708828,18757626.34245786,18757626.34245786,18757626.34245786,18757626.34245786,19524066.988708828,18757626.34245786,0.03388474436056904,0.032674574919120146,25816948.084243078,24001693.922069736,35825518.668734826,24062711.996493977,35821015.46688727,35821015.46688727,1471848413.671527,1047684024.4436893,424164389.22783744,424164389.22783744,424164389.22783744,745988782.6904801,747158613.1505473,373095238.79869413,373095238.79869413,371118628.71099424,361558290.123548,0.0106898300661319,641389.803967914,24.7899169921875,2024-05-01,0,0,0,0,0,0,0,1,0,0,0,3.1384722817228905,1
25.47364501953125,26.75225200653076,27.079146957397462,28.76377468109131,25.636469456775355,26.240840633952462,26.895718259374636,27.91848009578817,36.76078299157068,16.32602191276134,13.847709829569402,-0.7830007877136183,-0.5755560012613955,-0.20744478645222275,28.09683601986271,-93.28846733963675,-80.90902278496961,44.80841516416304,-9.11905957117628,0.8567759609783335,3.3593064519136497,0.7629170778559207,26.470787163358732,25.47364501953125,24.47650287570377,-2.5591449737548864,-0.9893841111550603,-0.26928640023255923,92.85714285714286,42.85714285714286,-50.0,0.554054019222986,0.028827528326414775,1.0287713760059836,1.0157692249004657,0.0442225392296719,0.012744265080713678,0.874940561103186,0.017822237553179257,0.9126518722931279,0.7150766026255927,3.469995244888255,0.7265625,-15252181.075461522,124056300.57264848,-114959884.09576654,-17094989.585864328,372168901.71794546,364170328.608963,-7998573.108982393,364170328.608963,18232041.64547457,24819101.852871835,1022993975.4238216,933637367.0151408,16502938.341032788,18977006.787977833,18232041.64547457,18232041.64547457,18232041.64547457,18232041.64547457,18977006.787977833,18232041.64547457,0.03293530103698632,0.03175904028566538,25093562.69484672,23329171.567865312,34821695.26219026,23388479.928833738,34817318.23909982,34817318.23909982,1430607534.448238,1018328141.1102484,412279393.3379895,412279393.3379895,412279393.3379895,725086335.8059381,726223387.8655484,362641189.63224584,362641189.63224584,360719963.7384216,351427503.8029862,0.01039030330333497,623418.1982000982,25.504549026489254,2024-05-02,0,0,0,0,0,0,0,1,0,0,0,3.03007187776541,1
25.303679275512696,26.440326118469237,26.97340097427368,28.611011581420897,25.508800250439755,26.06131721646448,26.739312885888342,27.81396957586583,35.40025336903595,30.346889122678906,18.606979564652892,-0.8169944376156693,-0.6238436885322503,-0.193150749083419,28.714634996075368,-75.91520579974087,-86.81814068579887,42.97450732005548,-10.99386594460131,0.8466226282083692,3.3525012675378147,0.7146293021988335,26.07850876779578,25.303679275512696,24.528849783229614,-3.1192588806152344,-1.346975908815099,-0.36505327469263094,85.71428571428572,35.714285714285715,-50.0,-0.3783794233103864,-0.009844800175055735,1.0285163679908247,0.989405952197788,0.0442225392296719,0.012744265080713678,0.874940561103186,0.017822237553179257,0.9126518722931279,0.7150766026255927,3.469995244888255,0.7265625,-15403828.690853769,125289753.15645584,-116102893.88581812,-17264959.663784686,375869259.46936756,367791159.0762206,-8078100.393146964,367791159.0762206,18413317.0726144,25065870.33755896,1033165281.1646932,942920228.2432132,16667021.840566456,19165689.168054562,18413317.0726144,18413317.0726144,18413317.0726144,18413317.0726144,19165689.168054562,18413317.0726144,0.03326276632472279,0.03207481038455412,25343060.05693165,23561126.146678645,35167916.37144016,23621024.191933483,35163495.828992665,35163495.828992665,1444831612.9644768,1028453055.9353576,416378557.0291192,416378557.0291192,416378557.0291192,732295640.0513078,733443997.4601375,366246816.3540013,366246816.3540013,364306488.31839246,354921636.39106,0.010493610804823262,629616.6482893957,25.253461837768555,2024-05-03,0,0,0,0,0,0,0,1,0,0,0,3.6696435604992623,1
25.415702438354494,26.217246055603027,26.91400957107544,28.491615562438966,25.8325072806073,26.137427057278646,26.714608929226824,27.761653958810008,45.927464339544144,59.299706320529516,35.32420578532322,-0.7364799358599257,-0.6463709379977853,-0.09010899786214033,27.968874617798356,-31.248199570670018,-57.954486423819525,51.33029142550944,-7.7699217422112055,0.8847905725498294,3.3413640514928393,1.3809738489888126,26.57902142182077,25.415702438354494,24.252383454888218,-2.2308006286621094,-1.5952514958556991,-0.4312913968012886,78.57142857142857,28.571428571428573,-50.0,0.8602937876560964,0.0485659950723889,1.0518688270773096,1.0445714314778647,0.0442225392296719,0.012744265080713678,0.874940561103186,0.017822237553179257,0.9126518722931279,0.7150766026255927,3.469995244888255,0.7265625,-14690375.964166518,119486759.77023871,-110725404.43942475,-16465305.707909001,358460279.31071615,350756328.9336211,-7703950.377095037,350756328.9336211,17560475.124260746,23904904.846574306,985312594.5528756,899247384.2126815,15895062.322153438,18277999.914284304,17560475.124260746,17560475.124260746,17560475.124260746,17560475.124260746,18277999.914284304,17560475.124260746,0.0317221486115678,0.03058921473258324,24169256.08500404,22469855.26652719,33539058.615964655,22526979.03893286,33534842.817943104,33534842.817943104,1377911948.08366,980818623.4995701,397093324.5840898,397093324.5840898,397093324.5840898,698378207.4687183,699473376.88507,349283514.8909412,349283514.8909412,347433056.22193307,338482878.577955,0.010007582597696985,600454.9558618191,26.479921340942383,2024-05-06,0,0,0,0,0,0,0,1,0,0,0,-3.2605386187023724,0
25.620434188842772,25.979680442810057,26.815023803710936,28.356998863220216,25.913112102680255,26.125953364469105,26.653629197569618,27.695484068143976,43.408147736599446,68.50667307457373,52.71775617259402,-0.6973613629510496,-0.6565690229884382,-0.040792339962611335,27.276382837969702,-26.918958318934894,-67.49991896608766,49.61576950156546,-8.350291653610197,0.8595299469597185,3.2964613818357233,0.5311418142882758,26.814616409834404,25.620434188842772,24.42625196785114,-2.3756561279296875,-2.0102151991546795,-0.5418530733157425,71.42857142857143,21.42857142857143,-50.0,-0.32608677624268395,-0.015317250715888076,1.0171194294791759,0.9944751520943707,0.0442225392296719,0.012744265080713678,0.874940561103186,0.017822237553179257,0.9126518722931279,0.7150766026255927,3.469995244888255,0.7265625,-14918892.379141176,121345438.27147219,-112447795.51578902,-16721432.07533561,364036314.8144165,356212525.4947641,-7823789.319652442,356212525.4947641,17833637.41979601,24276758.03598037,1000639642.8384895,913235643.5272743,16142318.25804761,18562323.679959714,17833637.41979601,17833637.41979601,17833637.41979601,17833637.41979601,18562323.679959714,17833637.41979601,0.03221560308092182,0.031065045828031757,24545221.394988053,22819385.515652955,34060776.06249156,22877397.87795665,34056494.68554592,34056494.68554592,1399346082.8733268,996075765.735359,403270317.13796777,403270317.13796777,403270317.13796777,709241842.5898657,710354047.934326,354716801.066007,354716801.066007,352837557.55295324,343748155.25512177,0.010163255733862241,609795.3440317344,26.074321746826172,2024-05-07,0,0,0,0,0,0,0,1,0,0,0,-6.638111653058488,0
25.912080383300783,25.77494869232178,26.777360916137695,28.21875015258789,26.02479072327935,26.14817056447064,26.615011937275135,27.63872578956882,44.80550826211253,80.559575837845,69.45531841098273,-0.6448992914525213,-0.6542350766812548,0.009335785228733462,26.643615670034105,-19.21865653109921,-63.40907060544225,49.62721869508857,-7.235496822272614,0.8277962340140979,3.153731970477997,0.4152579657210289,26.833630046699003,25.912080383300783,24.990530719902562,-2.0473175048828125,-2.6172200187371057,-0.7043531613472176,64.28571428571429,14.285714285714286,-50.0,0.6976765848725371,0.00666656718204095,1.0160089462175983,1.011160757208916,0.0442225392296719,0.012744265080713678,0.874940561103186,0.017822237553179257,0.9126518722931279,0.7150766026255927,3.469995244888255,0.7265625,-14820093.231966164,120541838.01013096,-111703119.16741592,-16610695.756136883,361625514.0303929,353853537.116971,-7771976.913421844,353853537.116971,17715535.61147626,24115987.187235426,994012988.4710262,907187815.0117693,16035417.072839482,18439396.206353787,17715535.61147626,17715535.61147626,17715535.61147626,17715535.61147626,18439396.206353787,17715535.61147626,0.03200225787879583,0.030859320097410266,24382672.669558726,22668265.997480378,33835211.35288897,22725894.177649397,33830958.32901273,33830958.32901273,1390079027.6471708,989479335.27153,400599692.37564063,400599692.37564063,400599692.37564063,704544946.3721086,705649786.227448,352367718.0011698,352367718.0011698,350500919.62490666,341471711.15196073,0.01009595040223916,605757.0241343495,26.24814796447754,2024-05-08,0,0,0,0,0,0,0,1,0,0,0,-12.254544151841767,0
26.08011474609375,25.7768798828125,26.717486572265624,28.08339344024658,26.131434095670933,26.183906978285815,26.589269928054083,27.587980497446676,45.60904513971282,77.07799477425134,75.38141456222333,-0.588743430041557,-0.6411367473533153,0.052393317311758225,25.929904667552645,-7.5803796327456405,-61.13631223383751,56.86791423257731,0.07335842324238673,0.8024680915804334,3.0460299672190465,0.47320223994279687,26.947978998438764,26.08011474609375,25.212250493748734,0.019311904907226562,-3.168878002612865,-0.8519340539589884,57.142857142857146,7.142857142857143,-50.0,0.3673463032596123,0.0036792262870224413,1.0182292296787714,1.0066420775882667,0.0442225392296719,0.012744265080713678,0.874940561103186,0.017822237553179257,0.9126518722931279,0.7150766026255927,3.469995244888255,0.7265625,-14765766.635213844,120099963.06893729,-111293644.66438815,-16549805.277514746,360299889.20681185,352556402.3338462,-7743486.872965615,352556402.3338462,17650595.07808339,24027584.26758448,990369196.090911,903862301.07381,15976635.41583935,18371802.188800775,17650595.07808339,17650595.07808339,17650595.07808339,17650595.07808339,18371802.188800775,17650595.07808339,0.031884945947505475,0.030746197877951707,24293292.15048036,22585170.046149712,33711180.292191386,22642586.976439487,33706942.8587915,33706942.8587915,1384983360.4602764,985852162.0816811,399131198.3785953,399131198.3785953,399131198.3785953,701962268.341927,703063058.1424958,351076029.84342635,351076029.84342635,349216074.6631552,340219964.91368043,0.010058941281058276,603536.4768634965,26.3447208404541,2024-05-09,0,0,0,0,0,0,0,1,0,0,0,-10.215381002085037,0
26.313818359375,25.80874881744385,26.708795261383056,27.953424530029295,26.228282698505556,26.227192964811085,26.573337544827485,27.542254983985035,46.28280075028284,81.304425679787,79.64733209729444,-0.5318742294935177,-0.6192842437813557,0.08741001428783801,25.08714858791458,20.194724742410713,-57.88225439512853,60.76207339841755,1.220878055994734,0.7699815400412707,2.914170485458623,0.3476563700321549,26.599356884672503,26.313818359375,26.028279834077495,0.31868934631347656,-3.668416094521422,-0.9854007500868569,50.0,0.0,-50.0,0.08333554092072676,0.0029326203222495018,1.0132742880480348,1.0010977199681397,0.0442225392296719,0.012744265080713678,0.874940561103186,0.017822237553179257,0.9126518722931279,0.7150766026255927,3.469995244888255,0.7265625,-14722590.86604392,119748785.34746264,-110968217.01604313,-16501412.898702184,359246356.0423879,351525511.4751052,-7720844.567282673,351525511.4751052,17598983.940129623,23957326.524950646,987473311.7890795,901219366.8437991,15929919.011614103,18318082.208651047,17598983.940129623,17598983.940129623,17598983.940129623,17598983.940129623,18318082.208651047,17598983.940129623,0.031791712924105126,0.030656294605387085,24222257.465984855,22519129.987907797,33612607.27700704,22576379.02849771,33608382.23405399,33608382.23405399,1380933606.502171,982969485.791498,397964120.7106731,397964120.7106731,397964120.7106731,699909698.9350905,701007269.976518,350049467.6607718,350049467.6607718,348194951.0735323,339225146.3556598,0.010029528482009355,601771.7089205612,26.421979904174805,2024-05-10,0,0,0,0,0,0,0,1,0,0,0,-10.551482029494986,0
26.421978759765626,25.918840599060058,26.7155553817749,27.841386375427245,26.492429579968874,26.37147121537189,26.61594571607206,27.521802762765837,51.31593542524941,80.36480806206747,79.5824095053686,-0.43349433390131153,-0.5821262618053469,0.14863192790403534,23.540556960756305,105.63271330523263,-40.04968879546038,58.268979262838,4.247399985415146,0.7825829772407473,2.8962325223854894,0.9464016608339421,27.06419143853361,26.421978759765626,25.779766080997643,1.1009178161621094,-3.4046243186158502,-0.9140864152174721,42.85714285714286,0.0,-42.85714285714286,0.6063823095543893,0.022660808951190603,1.0343065893118446,1.0207953191534962,0.0442225392296719,0.012744265080713678,0.874940561103186,0.017822237553179257,0.9126518722931279,0.7150766026255927,3.469995244888255,0.7265625,-14396357.753401106,117095310.87856324,-108509308.31098212,-16135763.44597142,351285932.63568974,343736171.7572994,-7549760.878390297,343736171.7572994,17209013.76691906,23426463.90206401,965592211.1670649,881249539.3932831,15576933.106443511,17912177.770298548,17209013.76691906,17209013.76691906,17209013.76691906,17209013.76691906,17912177.770298548,17209013.76691906,0.031087250675724754,0.0299769917230203,23685524.324361715,22020135.895305034,32867796.421649422,22076116.37298524,32863665.000051882,32863665.000051882,1350333946.9109156,961188183.988004,389145762.92291164,389145762.92291164,389145762.92291164,684400627.0787832,685473877.3997308,342292835.11878365,342292835.11878365,340479412.1626997,331708366.4363345,0.009807287415556023,588437.2449333614,27.020723342895508,2024-05-13,0,0,0,0,0,0,0,1,0,0,0,-9.29670625520898,0
26.640230178833008,26.13033218383789,26.719418239593505,27.729363327026366,26.716812667366945,26.515854420243016,26.668291728080728,27.507833197252005,52.476091047144344,81.20174142220641,80.95699172135362,-0.3399205373116949,-0.5336851169066165,0.19376457959492155,22.144087286964286,163.74547855773926,-8.571477519013849,60.55533179664246,8.442554387691814,0.7549659851552422,2.7791271798099006,0.3959450880436748,27.393597913865214,26.640230178833008,25.8868624438008,2.1149158477783203,-3.0051295827546736,-0.806248139112423,35.714285714285715,0.0,-35.714285714285715,-0.36585581436458847,0.005360903830343489,1.0146638686761773,0.994695844333917,0.0442225392296719,0.012744265080713678,0.874940561103186,0.017822237553179257,0.9126518722931279,0.7150766026255927,3.469995244888255,0.7265625,-14319591.798877548,116470921.46953358,-107930702.19616702,-16049722.427533703,349412764.40860075,341903261.2544336,-7509503.1541671455,341903261.2544336,17117249.836704522,23301546.551900998,960443366.643995,876550436.7991573,15493871.948965449,17816664.34616127,17117249.836704522,17117249.836704522,17117249.836704522,17117249.836704522,17816664.34616127,17117249.836704522,0.030921483575982362,0.02981714487684014,23559225.58170085,21902717.53298751,32692534.886154596,21958399.50497083,32688425.49460993,32688425.49460993,1343133537.1867483,956062823.1373976,387070714.0493507,387070714.0493507,387070714.0493507,680751185.4412403,681818712.8504112,340467620.94554865,340467620.94554865,338663867.7369497,329939592.0137261,0.00975499184242301,585299.5105453805,27.16557884216309,2024-05-14,0,0,0,0,0,0,0,1,0,0,0,-9.386869113034042,0
26.754185104370116,26.33313274383545,26.67064962387085,27.601116371154784,26.750515975632325,26.570775906046666,26.68254228656476,27.48077787940538,49.431473718370874,73.17105569195638,78.24586839207673,-0.2904672575071636,-0.4850415450267259,0.1945742875195623,20.869816687755016,108.19084234602433,-21.428553445171097,52.24025268586184,8.180768013925622,0.7562235391751584,2.8198438435203292,0.7725717414340707,27.400634598703483,26.754185104370116,26.107735610036748,2.0280055999755895,-2.553485223524215,-0.6838621848668822,28.571428571428573,92.85714285714286,64.28571428571429,-0.7125002980235025,-0.012797675029122213,1.029048627831,0.9798870962683405,0.0442225392296719,0.012744265080713678,0.874940561103186,0.017822237553179257,0.9126518722931279,0.7150766026255927,3.469995244888255,0.7265625,-14505224.954063972,117980801.42585708,-109329870.34785493,-16257784.267279927,353942404.27757126,346335551.0882935,-7606853.189277764,346335551.0882935,17339150.652030196,23603617.98437659,972894149.8110105,887913667.3680496,15694727.977289269,18047632.076521754,17339150.652030196,17339150.652030196,17339150.652030196,17339150.652030196,18047632.076521754,17339150.652030196,0.03132233666173197,0.03020368178095583,23864637.45655769,22186655.135393478,33116347.13493915,22243058.945002582,33112184.470973797,33112184.470973797,1360545354.4959695,968456818.7839319,392088535.7120377,392088535.7120377,392088535.7120377,689576157.0064397,690657523.3911899,344881299.7432845,344881299.7432845,343054163.43801683,334216789.8798853,0.00988145144685592,592887.0868113552,26.81792259216309,2024-05-15,0,0,0,0,0,0,0,1,0,0,0,-8.031014952367723,0
26.889385604858397,26.484750175476073,26.618501091003417,27.474028244018555,26.840585098053385,26.652584530928273,26.714750006215308,27.462736525032444,51.20978652729953,70.87916021095963,75.08398577504079,-0.2322338045248742,-0.4344799969263556,0.2022461924014814,19.686565417060695,103.89662207100109,-13.928545463009428,54.94803517553446,5.94472113516511,0.7291097050761498,2.6983352585483353,0.3766298617890378,27.406575673143138,26.889385604858397,26.372195536573656,1.5161743164062536,-1.9432019355324304,-0.5204334748096962,21.42857142857143,85.71428571428572,64.28571428571429,0.42856987155382986,0.007562134987729507,1.0125854148936018,1.0053898533575811,0.0442225392296719,0.012744265080713678,0.874940561103186,0.017822237553179257,0.9126518722931279,0.7150766026255927,3.469995244888255,0.7265625,-14396357.753401106,117095310.87856324,-108509308.31098212,-16135763.44597142,351285932.63568974,343736171.7572994,-7549760.878390297,343736171.7572994,17209013.76691906,23426463.90206401,965592211.1670649,881249539.3932831,15576933.106443511,17912177.770298548,17209013.76691906,17209013.76691906,17209013.76691906,17209013.76691906,17912177.770298548,17209013.76691906,0.031087250675724754,0.0299769917230203,23685524.324361715,22020135.895305034,32867796.421649422,22076116.37298524,32863665.000051882,32863665.000051882,1350333946.9109156,961188183.988004,389145762.92291164,389145762.92291164,389145762.92291164,684400627.0787832,685473877.3997308,342292835.11878365,342292835.11878365,340479412.1626997,331708366.4363345,0.009807287415556023,588437.2449333614,27.020723342895508,2024-05-16,0,0,0,0,0,0,0,1,0,0,0,-8.577403775531547,0
26.985956573486327,26.649887466430663,26.54510679244995,27.339407501220702,26.862001647807073,26.69844820663485,26.73285331489142,27.440858023945463,50.12501518960053,58.65133466493918,67.56718352261838,-0.19320743953354125,-0.3862254854477927,0.19301804591425148,18.411607275691715,87.71639114173811,-18.214355001487025,49.769020500171614,6.539194191095565,0.7115202801338943,2.64458149182617,0.4828577558845737,27.22174933924097,26.985956573486327,26.750163807731685,1.6513729095458984,-1.19470428636228,-0.31967598352676774,14.285714285714286,78.57142857142857,64.28571428571429,-0.6199989318847546,-0.004288878358673753,1.0180050411147983,0.9889954041497057,0.0442225392296719,0.012744265080713678,0.874940561103186,0.017822237553179257,0.9126518722931279,0.7150766026255927,3.469995244888255,0.7265625,-14458367.934738146,117599681.6079987,-108976696.1045045,-16205265.860014992,352799044.8239961,345216764.46747535,-7582280.356520777,345216764.46747535,17283139.04795177,23527369.929792408,969751356.7744293,885045391.4189839,15644028.441468602,17989331.826255176,17283139.04795177,17283139.04795177,17283139.04795177,17283139.04795177,17989331.826255176,17283139.04795177,0.031221154409203197,0.030106113180303085,23787546.21653577,22114984.373185597,33009369.59252828,22171205.978492092,33005220.37544338,33005220.37544338,1356150310.6292822,965328359.8997922,390821950.72949,390821950.72949,390821950.72949,687348581.5349936,688426454.7229304,343767210.8699052,343767210.8699052,341945976.86270165,333137151.15439075,0.009849530855284342,590971.8513170605,26.904834747314453,2024-05-17,0,0,0,0,0,0,0,1,0,0,0,-8.328107381020201,0
27.028447723388673,26.725213241577148,26.47122964859009,27.2223628616333,26.98572746267379,26.79567200404801,26.78050338894054,27.432713752120435,53.1529139037191,65.24676146119181,64.92575211236353,-0.13423672217357208,-0.3358277327929486,0.2015910106193765,17.401891855199942,81.44661082411487,-6.071474858293379,53.973479495371336,2.8446374208075165,0.699325987923377,2.5679190282942517,0.5408001891866512,27.33877727980691,27.028447723388673,26.718118166970438,0.7532577514648438,-0.7472774599631191,-0.2001378230559503,7.142857142857143,71.42857142857143,64.28571428571429,0.6428588458486182,0.012203916068488363,1.0202458231754032,1.0129310563354326,0.0442225392296719,0.012744265080713678,0.874940561103186,0.017822237553179257,0.9126518722931279,0.7150766026255927,3.469995244888255,0.7265625,-14284046.62856477,116181808.56755508,-107662788.47031337,-16009882.59654046,348545425.70266527,341054563.2033665,-7490862.499298748,341054563.2033665,17074760.108695675,23243705.69635347,958059281.7117825,874374597.2220676,15455411.891935505,17772438.478728402,17074760.108695675,17074760.108695675,17074760.108695675,17074760.108695675,17772438.478728402,17074760.108695675,0.03084472793828896,0.0297431305119215,23500745.09583921,21848348.956288014,32611383.011380073,21903892.71028263,32607283.8204769,32607283.8204769,1339799509.8623207,953689611.9205248,386109897.94179577,386109897.94179577,386109897.94179577,679061373.5271164,680126251.0392716,339622486.54908884,339622486.54908884,337823210.75268865,329120591.0843857,0.009730777266245922,583846.6359747554,27.233179092407227,2024-05-20,0,0,0,0,0,0,0,1,0,0,0,-5.293994009957537,0
26.997544860839845,26.818887519836426,26.399283981323244,27.110146789550782,26.994173151588843,26.834834281388183,26.802461592795627,27.416178488485084,50.90166888407816,60.230041468330995,61.37604586482066,-0.10422337060942866,-0.2895068603562446,0.18528348974681597,16.464298964743293,65.62637894116024,-15.094389115120446,53.20470206198831,3.59258734201513,0.6776556904179484,2.5088077875638097,0.39594182284737656,27.27626025562227,26.997544860839845,26.71882946605742,0.9367427825927734,-0.21838701375497074,-0.05849953186817913,0.0,64.28571428571429,64.28571428571429,-0.15789869948652338,-0.008156027698220769,1.013673952797687,0.997859387377054,0.0442225392296719,0.012744265080713678,0.874940561103186,0.017822237553179257,0.9126518722931279,0.7150766026255927,3.469995244888255,0.7265625,-14401505.708015429,117137182.67393525,-108548109.86092862,-16141533.389960736,351411548.02180576,343859087.44485164,-7552460.576954106,343859087.44485164,17215167.491586566,23434840.90790171,965937494.6730862,881564663.0315254,15582503.21980384,17918582.93747935,17215167.491586566,17215167.491586566,17215167.491586566,17215167.491586566,17918582.93747935,17215167.491586566,0.03109836708157573,0.0299877111143766,23693993.966914844,22028010.016116142,32879549.528035756,22084010.511703886,32875416.629094344,32875416.629094344,1350816809.1731591,961531892.669863,389284916.5032962,389284916.5032962,389284916.5032962,684645360.047119,685718994.1487448,342415234.6874928,342415234.6874928,340601163.2744009,331826981.1335277,0.009810794376925678,588647.6626155407,27.011064529418945,2024-05-21,0,0,0,0,0,0,0,1,0,0,0,-5.270740680928402,0
27.01879005432129,26.886487579345705,26.33071813583374,27.093150215148924,26.970831620915998,26.851073241057662,26.81405082772655,27.39688319715509,50.009079378234574,55.88088348804525,60.45256213918935,-0.08645437343901818,-0.24889636297279932,0.16244198953378114,15.348436123527316,54.86090053793191,-20.248056923315463,48.17317209691884,2.5754220679021778,0.6713292289153957,2.493409317773091,0.58908522938221,27.251974797418104,27.01879005432129,26.785605311224476,0.6760005950927734,-0.056631087281013764,-0.015166245974025827,0.0,57.142857142857146,57.142857142857146,-0.22951081093757872,-0.0032177913519094714,1.022029566314116,0.9950035226727385,0.0442225392296719,0.012744265080713678,0.874940561103186,0.017822237553179257,0.9126518722931279,0.7150766026255927,3.469995244888255,0.7265625,-14447996.34570907,117515322.4622712,-108898522.5851388,-16193641.148403997,352545967.3868136,344969126.115542,-7576841.271271595,344969126.115542,17270741.133045547,23510492.76821039,969055713.7683685,884410511.5270549,15632806.328814775,17976427.329879664,17270741.133045547,17270741.133045547,17270741.133045547,17270741.133045547,17976427.329879664,17270741.133045547,0.031198758175824213,0.030084516812401922,23770482.419675592,22099120.37454215,32985690.597978693,22155301.649751402,32981544.357299883,32981544.357299883,1355177487.572974,964635889.6934601,390541597.8795138,390541597.8795138,390541597.8795138,686855517.7922823,687932617.7769239,343520612.34309304,343520612.34309304,341700684.7828366,332898178.0118005,0.009842465376896925,590547.9226138155,26.924148559570312,2024-05-22,0,0,0,0,0,0,0,1,0,0,0,-3.5211938106014107,0
26.761908721923827,26.825647163391114,26.301263523101806,27.061667823791502,26.5593266409134,26.648390230121397,26.711409480410516,27.331762941616,39.750214477146244,31.458229658473794,49.189718204950005,-0.16630337881485602,-0.23237776614121067,0.06607438732635465,16.003478963003854,-95.38943253212119,-80.00015819119426,40.73130505326083,-2.309396873971248,0.7158099501998906,2.781322436597522,1.2940593268983243,27.813674105173998,26.761908721923827,25.710143338673657,-0.6084041595458984,0.13400368073552046,0.03578121234209064,0.0,50.0,50.0,-0.8787879663612989,-0.044117713733231145,1.0497362339596585,0.9582883901586295,0.0442225392296719,0.012744265080713678,0.874940561103186,0.017822237553179257,0.9126518722931279,0.7150766026255927,3.469995244888255,0.7265625,-15114828.000565024,122939115.15112528,-113924616.18934871,-16941041.152304243,368817345.4533758,360890803.2628482,-7926542.190527673,360890803.2628482,18067853.522526313,24595594.15001969,1013781432.8091055,925229522.7492399,16354321.607809301,18806109.903016634,18067853.522526313,18067853.522526313,18067853.522526313,18067853.522526313,18806109.903016634,18067853.522526313,0.03263870313746689,0.03147303516827164,24867583.342831917,23119081.389039047,34508109.494115055,23177855.650280636,34503771.88817928,34503771.88817928,1417724239.7342315,1009157616.5312977,408566623.2029337,408566623.2029337,408566623.2029337,718556591.8109229,719683404.181145,359375434.9028944,359375434.9028944,357471510.55320877,348262733.5965663,0.01029673372789134,617804.0236734804,25.736316680908203,2024-05-23,0,0,0,0,0,0,0,1,0,0,0,0.1387287058217736,1
26.56490287780762,26.775429725646973,26.29208927154541,27.037138671875,26.346152936186733,26.51592028405085,26.636018627679363,27.276392062600994,41.738467851147796,21.78903745660972,36.376050201042915,-0.21233065881482815,-0.22836834467593417,0.016037685861106016,16.820336854972034,-132.73306841632163,-76.11944352806158,44.12975044688299,-1.900593291125996,0.7005500027891786,2.7027594866274716,0.5021706864499222,27.790436706403106,26.56490287780762,25.33936904921213,-0.5021743774414062,0.3413948167627588,0.09087659151126459,0.0,42.85714285714286,42.85714285714286,0.1923089619959732,0.0071295690094344,1.0197268034284808,1.0037397300794946,0.0442225392296719,0.012744265080713678,0.874940561103186,0.017822237553179257,0.9126518722931279,0.7150766026255927,3.469995244888255,0.7265625,-15007828.650519377,122068817.09574115,-113118132.65635686,-16821113.86022223,366206451.28722346,358336021.8663855,-7870429.420837926,358336021.8663855,17939949.41514527,24421479.526423562,1006604774.6033447,918679732.2009445,16238547.76093472,18672979.606301744,17939949.41514527,17939949.41514527,17939949.41514527,17939949.41514527,18672979.606301744,17939949.41514527,0.03240765055639146,0.031250234465091765,24691543.28106016,22955419.144110616,34263823.20206884,23013777.336591646,34259516.30247097,34259516.30247097,1407688030.7750657,1002013690.7745225,405674340.00054306,405674340.00054306,405674340.00054306,713469859.2135086,714588694.7684317,356831380.947696,356831380.947696,354940934.66523975,345797347.5439722,0.010223842139813972,613430.5283888383,25.9198055267334,2024-05-24,0,0,0,0,0,0,0,1,0,0,0,-0.3452091450694484,0
26.240422439575195,26.634435081481932,26.276637840270997,27.001793518066407,26.101027591206194,26.351348759904354,26.53837655849515,27.211073820979195,39.38135383869781,13.079870842286576,22.109045985790022,-0.27062405163079717,-0.23681948606690678,-0.03380456556389039,17.433692289168242,-128.10448595830303,-92.0398116240726,41.838256735039394,-5.218018865587126,0.6884496211036185,2.6881247053077417,0.5311446591913374,27.44532640669119,26.240422439575195,25.0355184724592,-1.4099464416503906,0.5127421185896571,0.13594320492866885,92.85714285714286,35.714285714285715,-57.142857142857146,-0.30909040466918025,-0.0119224901270788,1.0208333769832,0.9936305705173359,0.0442225392296719,0.012744265080713678,0.874940561103186,0.017822237553179257,0.9126518722931279,0.7150766026255927,3.469995244888255,0.7265625,-15188918.37994528,123541742.29857807,-114483055.75835364,-17024083.325594198,370625226.8957342,362659830.11036444,-7965396.785369761,362659830.11036444,18156419.143122252,24716157.67225029,1018750821.2111884,929764844.3785528,16434487.779226141,18898294.333916493,18156419.143122252,18156419.143122252,18156419.143122252,18156419.143122252,18898294.333916493,18156419.143122252,0.03279869264564019,0.03162731076543876,24989480.11096396,23232407.290661804,34677262.52212297,23291469.65358163,34672903.65396249,34672903.65396249,1424673688.7636592,1014104339.7530562,410569349.01060313,410569349.01060313,410569349.01060313,722078837.0188383,723211172.8363663,361137033.6661026,361137033.6661026,359223776.5951069,349969859.7415156,0.010347206608446013,620832.3965067609,25.610776901245117,2024-05-28,0,0,0,0,0,0,0,1,0,0,0,2.185326253593113,1
25.76529006958008,26.38141746520996,26.255874824523925,26.95350769042969,25.612485953951914,26.0393585634569,26.357140950966407,27.110067109546417,33.03927247949477,19.19475958243221,18.021222627109495,-0.39101910869153045,-0.2676594105918315,-0.12335969809969893,19.6352990575013,-226.62747549431353,-75.8620931865023,44.27384624738745,-9.313904840461928,0.7717157325498224,3.1325476696744596,1.8541751813504739,27.22629994419508,25.76529006958008,24.304280194965077,-2.53017616271973,0.5456197351682961,0.14380481915596377,100.0,28.571428571428573,-71.42857142857143,0.25233694838392345,-0.03808452299447185,1.0434959218793431,1.010697324097151,0.0442225392296719,0.012744265080713678,0.874940561103186,0.017822237553179257,0.9126518722931279,0.7150766026255927,3.469995244888255,0.7265625,-15790283.806669626,128433053.89280899,-119015712.39371553,-17698107.300020456,385299161.678427,377018395.8775,-8280765.800927002,377018395.8775,18875274.987407137,25694729.176405843,1059085590.7450314,966576447.3121263,17085168.262794975,19646522.782591514,18875274.987407137,18875274.987407137,18875274.987407137,18875274.987407137,19646522.782591514,18875274.987407137,0.034097270944993534,0.032879511268386626,25978873.10094746,24152233.58603709,36050217.873689204,24213634.368467253,36045686.4275646,36045686.4275646,1481079910.6785467,1054255144.027824,426824766.6507227,426824766.6507227,426824766.6507227,750667656.6497208,751844824.3371075,375435308.297911,375435308.297911,373446300.8261197,363825999.3809251,0.010756877143361057,645412.6286016634,24.63540267944336,2024-05-29,0,0,0,0,0,0,0,1,0,0,0,11.161984093274352,1
25.423426818847656,26.221108436584473,26.27712059020996,26.913720207214354,25.479934737937345,25.889444698448045,26.248349651437053,27.03574417607041,39.293719241317504,26.387017261270774,19.553882561996513,-0.43466735574543236,-0.3010609996225517,-0.1336063561228807,20.807049826554362,-129.19423529965033,-59.946978191896015,45.64642344163973,-5.977682576812837,0.7676381266027413,3.0443911634616443,0.714629249290688,26.33726954313291,25.423426818847656,24.509584094562403,-1.6030902862548864,0.4488542422421406,0.1177425751319312,92.85714285714286,21.42857142857143,-71.42857142857143,0.5540540192229879,0.023520201151343123,1.029110927179275,1.0159533009821287,0.0442225392296719,0.012744265080713678,0.874940561103186,0.017822237553179257,0.9126518722931279,0.7150766026255927,3.469995244888255,0.7265625,-15427427.606125765,125481699.08941367,-116280765.4014415,-17291409.86187875,376445097.26824105,368354621.0943345,-8090476.173906571,368354621.0943345,18441526.572875272,25104271.65726892,1034748107.1244919,944364797.3189375,16692555.98822194,19195051.31456265,18441526.572875272,18441526.572875272,18441526.572875272,18441526.572875272,19195051.31456265,18441526.572875272,0.033313725421968234,0.0321239495140408,25381886.03578532,23597222.173894167,35221794.18944232,23657211.983925365,35217366.87465213,35217366.87465213,1447045118.4182796,1030028662.689713,417016455.72856665,417016455.72856665,417016455.72856665,733417528.843403,734567645.5543995,366807912.4140288,366807912.4140288,364864611.764414,355465382.0917872,0.01050968718669236,630581.2312015416,25.214832305908203,2024-05-30,0,0,0,0,0,0,0,1,0,0,0,8.68458711357495,1
25.460124588012697,26.11101665496826,26.297883415222167,26.875091552734375,25.626558334202695,25.894964849045383,26.21705973479861,26.991981876096407,45.913100954589886,55.01043367144519,33.530736838382715,-0.40767404615493774,-0.3223836089290289,-0.08529043722590884,20.63867197568462,-54.89141525925926,-40.583574311422005,49.8010737084824,-4.074346205286061,0.7762681447221086,2.994884139549096,0.8884583802738817,26.43404194814718,25.460124588012697,24.486207227878214,-1.1009178161621094,0.4028229431586898,0.10529966843434124,85.71428571428572,14.285714285714286,-71.42857142857143,0.5543480289004759,0.02795867179572764,1.0353031502359118,1.0193695491970989,0.0442225392296719,0.012744265080713678,0.874940561103186,0.017822237553179257,0.9126518722931279,0.7150766026255927,3.469995244888255,0.7265625,-15007828.650519377,122068817.09574115,-113118132.65635686,-16821113.86022223,366206451.28722346,358336021.8663855,-7870429.420837926,358336021.8663855,17939949.41514527,24421479.526423562,1006604774.6033447,918679732.2009445,16238547.76093472,18672979.606301744,17939949.41514527,17939949.41514527,17939949.41514527,17939949.41514527,18672979.606301744,17939949.41514527,0.03240765055639146,0.031250234465091765,24691543.28106016,22955419.144110616,34263823.20206884,23013777.336591646,34259516.30247097,34259516.30247097,1407688030.7750657,1002013690.7745225,405674340.00054306,405674340.00054306,405674340.00054306,713469859.2135086,714588694.7684317,356831380.947696,356831380.947696,354940934.66523975,345797347.5439722,0.010223842139813972,613430.5283888383,25.9198055267334,2024-05-31,0,0,0,0,0,0,0,1,0,0,0,9.140374627569344,1
25.624296569824217,26.094599723815918,26.37224359512329,26.85597038269043,25.99792736806547,26.048728592090043,26.266926944416934,26.982126329417763,52.41888341746444,74.65008850789525,52.01584648020373,-0.3163978815520352,-0.32118646345363017,0.004788581901594979,19.395871033926905,33.81707679322309,-18.03712647647221,51.65551542078058,-0.6101851695625937,0.8215307894961696,3.072215205222951,1.409945171558963,27.03266012510708,25.624296569824217,24.215933014541356,-0.1641693115234375,0.31690197754445837,0.08289016821445472,78.57142857142857,7.142857142857143,-71.42857142857143,0.3307696596407741,0.03166921558153635,1.0481481198911313,1.0157740389422374,0.0442225392296719,0.012744265080713678,0.874940561103186,0.017822237553179257,0.9126518722931279,0.7150766026255927,3.469995244888255,0.7265625,-14547132.379112128,118321662.8470714,-109645738.13767804,-16304755.057308195,354964988.54121417,347336158.19329935,-7628830.347914843,347336158.19329935,17389245.645982362,23671811.81485341,975704963.761991,890478961.9830797,15740072.026653714,18099773.962699924,17389245.645982362,17389245.645982362,17389245.645982362,17389245.645982362,18099773.962699924,17389245.645982362,0.031412830844355234,0.03029094402848541,23933585.405223038,22250755.181418292,33212024.440173727,22307321.94874995,33207849.749746963,33207849.749746963,1364476141.6880827,971254812.7257074,393221328.9623754,393221328.9623754,393221328.9623754,691568429.5293589,692652920.1180329,345877705.33266854,345877705.33266854,344045290.20008117,335182384.3547095,0.009910000206850164,594600.0124110099,26.740665435791016,2024-06-03,0,0,0,0,0,0,0,1,0,0,0,4.227396804949568,1
25.871519470214842,26.05597095489502,26.390592098236084,26.843416061401367,26.280915379776392,26.193849103200623,26.32216165477706,26.97682299897778,53.203339526759585,88.03922583018736,72.56658266984259,-0.23280567676739494,-0.30351030611638313,0.07070462934898819,18.241841588009027,54.85189120142697,-14.438559550658674,55.29841815170518,-1.418445080900188,0.8076867856465225,3.008492765573238,0.6277147356011099,27.584603102166934,25.871519470214842,24.15843583826275,-0.3862876892089879,0.15201119492347429,0.039804140726726445,71.42857142857143,0.0,-71.42857142857143,0.32307570417885106,0.003972450411239281,1.0235592466449952,1.007611420199755,0.0442225392296719,0.012744265080713678,0.874940561103186,0.017822237553179257,0.9126518722931279,0.7150766026255927,3.469995244888255,0.7265625,-14489573.26782567,117853495.6796926,-109211899.28345723,-16240241.503269903,353560487.0390778,345961841.93204325,-7598645.107034542,345961841.93204325,17320441.05279932,23578148.78800424,971844360.2335207,886955574.9446398,15677792.772308033,18028157.99904274,17320441.05279932,17320441.05279932,17320441.05279932,17320441.05279932,18028157.99904274,17320441.05279932,0.03128853867602458,0.030171090866166567,23838886.610304445,22162714.895517413,33080613.34409094,22219057.843283046,33076455.171797417,33076455.171797417,1359077274.6096535,967411817.2544173,391665457.3552363,391665457.3552363,391665457.3552363,688832078.2568127,689912277.8063421,344509159.77922785,344509159.77922785,342683995.0231264,333856157.325248,0.009870788987079184,592247.3392247511,26.84689140319824,2024-06-04,0,0,0,0,0,0,0,1,0,0,0,4.032168512912128,1
26.441292190551756,26.10329113006592,26.46108932495117,26.842450408935548,26.68203234689357,26.428470408278315,26.432838285858093,26.99672273553269,57.70874163685473,89.67426127594713,84.12119187134323,-0.1138154328788552,-0.26557133146887757,0.15175589859002236,17.437478556947635,75.86489694615081,-0.7712252932883091,58.91976239251964,1.7518811640822252,0.8169051230595843,2.97226462116077,0.9367435094293874,28.02067997170247,26.441292190551756,24.861904409401042,0.4732017517089844,0.10637586344639648,0.027918534401138118,64.28571428571429,100.0,35.714285714285715,0.649484130651508,0.023741105380035155,1.0352470674861796,1.0226374115161228,0.0442225392296719,0.012744265080713678,0.874940561103186,0.017822237553179257,0.9126518722931279,0.7150766026255927,3.469995244888255,0.7265625,-14153552.291374315,115120409.89693658,-106679216.75657967,-15863621.591360413,345361229.6908097,337938801.23980623,-7422428.451003497,337938801.23980623,16918770.73390503,23031358.870025553,949306768.2114325,866386599.3887022,15314216.34817339,17610075.344537705,16918770.73390503,16918770.73390503,16918770.73390503,16918770.73390503,17610075.344537705,16918770.73390503,0.03056294068060263,0.029471407084866823,23286050.04236391,21648749.648760196,32313456.17582747,21703785.97334415,32309394.433779925,32309394.433779925,1327559543.5870812,944977018.2816805,382582525.3054008,382582525.3054008,382582525.3054008,672857692.8647434,673912842.007288,336519807.5653497,336519807.5653497,334736969.3589812,326113853.9526683,0.009641880095666307,578512.8057399783,27.48426628112793,2024-06-05,0,0,0,0,0,0,0,1,0,0,0,2.2560612244373806,1
26.77736167907715,26.100394248962402,26.493440914154053,26.831634407043456,26.7530814807741,26.51332665196138,26.47687080611305,26.99274065761122,52.66227773276741,84.26750540406432,87.32699750339958,-0.06628507422282581,-0.22571408001966722,0.1594290057968414,16.935706019772717,70.90722646026913,-21.11647199542585,55.46182412825173,-0.10759415834845631,0.8233955667764804,3.061498656915749,0.907771335096129,27.779431043990908,26.77736167907715,25.77529231416339,-0.02896881103515625,-0.2705225081895018,-0.07119102967091351,57.142857142857146,100.0,42.85714285714286,-0.6702128523020058,-0.021433591370684346,1.033837242745673,0.9778792425950604,0.0442225392296719,0.012744265080713678,0.874940561103186,0.017822237553179257,0.9126518722931279,0.7150766026255927,3.469995244888255,0.7265625,-14463558.289517915,117641898.27258272,-109015817.23616074,-16211083.327068923,352925694.8177482,345340692.5271013,-7585002.2906469265,345340692.5271013,17289343.456621673,23535815.931272082,970099484.1434753,885363110.5141404,15649644.43202594,17995789.74839761,17289343.456621673,17289343.456621673,17289343.456621673,17289343.456621673,17995789.74839761,17289343.456621673,0.03123236237325205,0.030116920859921622,23796085.61771585,22122923.347720202,33021219.501177378,22179165.135807987,33017068.79458074,33017068.79458074,1356637149.8962471,965674899.4739313,390962250.42231584,390962250.42231584,390962250.42231584,687595330.200655,688673590.3302077,343890618.5597717,343890618.5597717,342068730.7546653,333256742.7993549,0.00985306670108547,591184.0020651282,26.895179748535156,2024-06-06,0,0,0,0,0,0,0,1,0,0,0,6.880550209136774,1
26.95312156677246,26.206623077392578,26.516135120391844,26.802276611328125,26.768255975586055,26.565195436188393,26.507512154598473,26.985127493203326,51.86159444636931,69.97352077047469,81.30509581682868,-0.03599477509407123,-0.18777021903454802,0.1517754439404768,16.032243726122694,38.69075068133862,-23.54373668518364,58.131783467163686,4.127584756873115,0.798381624231285,2.979190988738954,0.4732003711437436,27.49406133960766,26.95312156677246,26.412181793937258,1.0622882843017578,-0.6295261780174677,-0.16615322308662783,50.0,92.85714285714286,42.85714285714286,-0.04081727980817122,-0.003590784082060483,1.0178571341684193,0.9992797818713007,0.0442225392296719,0.012744265080713678,0.874940561103186,0.017822237553179257,0.9126518722931279,0.7150766026255927,3.469995244888255,0.7265625,-14515680.96566971,118065847.23747805,-109408680.18340254,-16269503.601624662,354197541.7124342,346585205.164885,-7612336.547549154,346585205.164885,17351649.4833841,23620632.522542227,973595455.2063969,888553715.0501983,15706041.435605092,18060641.612812698,17351649.4833841,17351649.4833841,17351649.4833841,17351649.4833841,18060641.612812698,17351649.4833841,0.031344915195790635,0.03022545393879811,23881840.149173815,22202648.263685033,33140218.871577438,22259092.731669977,33136053.206978668,33136053.206978668,1361526096.129539,969154925.5536599,392371170.57587916,392371170.57587916,392371170.57587916,690073234.185424,691155380.0671835,345129905.53079474,345129905.53079474,343301452.1443736,334457708.21413267,0.009888574436767283,593314.466206037,26.79860496520996,2024-06-07,0,0,0,0,0,0,0,1,0,0,0,7.667043862120838,1
27.341339111328125,26.48281784057617,26.629123783111574,26.812126922607423,27.406088369913814,26.950024112984927,26.714582726405222,27.0516618330216,63.51150342909706,62.853680311991276,72.36490216217673,0.1383697855180266,-0.12254221812403308,0.2609120036420597,17.233119799542557,182.32978026839015,-11.304337803251942,60.16914622022396,10.655742108046674,0.9207017185940688,3.210060812893468,2.510862945310258,28.771090155490874,27.341339111328125,25.911588067165376,2.7619476318359375,-0.5351055588125809,-0.1418863320961954,42.85714285714286,100.0,57.142857142857146,0.10000038146972534,0.07027038145470943,1.0340715498126996,1.0033783912223302,0.0442225392296719,0.012744265080713678,0.874940561103186,0.017822237553179257,0.9126518722931279,0.7150766026255927,3.469995244888255,0.7265625,-13562629.796351109,110314037.7266193,-102225271.3699266,-15201302.291025922,330942113.1798579,323829577.24552464,-7112535.934333229,323829577.24552464,16212398.085612508,22069780.619769286,909672426.7778838,830214243.4722689,14674835.170396354,16874840.157927856,16212398.085612508,16212398.085612508,16212398.085612508,16212398.085612508,16874840.157927856,16212398.085612508,0.029286912670783885,0.02824095150397018,22313838.22535915,20744896.475138586,30964342.698649023,20797634.987726618,30960450.537685823,30960450.537685823,1272132836.4510615,905523447.482856,366609388.9682054,366609388.9682054,366609388.9682054,644765328.5961981,645776424.3907846,322469827.72866684,322469827.72866684,320761424.4895378,312498331.2717095,0.009239323640187773,554359.4184112664,28.681753158569336,2024-06-10,0,0,0,0,0,0,0,1,0,0,0,1.6206750869941993,1
27.38962516784668,26.63057231903076,26.632503700256347,26.790301704406737,27.300166141872882,26.975169126222397,26.750176913013394,27.053099474306677,52.03607435942615,47.40999761864784,60.07906623370457,0.14629199004355797,-0.06877537649051486,0.21506736653407282,16.914972627786188,81.88349363910132,-39.999995470428814,50.225161999591315,5.7692306260106685,0.9715129628899596,3.5864642119912498,1.6320591387365404,28.76457727628839,27.38962516784668,26.014673059404974,1.4775447845458984,-0.37534875316398164,-0.09979078097221006,35.714285714285715,92.85714285714286,57.142857142857146,-0.911950077853402,-0.055555581416830035,1.0567654458977263,0.9508474317647644,0.0442225392296719,0.012744265080713678,0.874940561103186,0.017822237553179257,0.9126518722931279,0.7150766026255927,3.469995244888255,0.7265625,-14360431.942302544,116803101.96772557,-108238525.59082535,-16095496.984174574,350409305.9031767,342878385.2959024,-7530920.607274342,342878385.2959024,17166069.031287104,23368003.649042442,963182595.9038963,879050399.5118462,15538061.194126327,17867478.30353324,17166069.031287104,17166069.031287104,17166069.031287104,17166069.031287104,17867478.30353324,17166069.031287104,0.0310096730887767,0.029902184764177536,23626417.591448914,21965185.104550164,32785775.519856315,22021025.88411361,32781654.40813537,32781654.40813537,1346964216.6549947,958789558.8829863,388174657.77200836,388174657.77200836,388174657.77200836,682692719.5604137,683763291.6075263,341438650.47392344,341438650.47392344,339629752.8770782,330880595.11274475,0.009782813533959317,586968.812037559,27.088321685791016,2024-06-11,0,0,0,0,0,0,0,1,0,0,0,7.20133146675255,1
27.385762405395507,26.913527297973634,26.647472381591797,26.792426300048827,27.35509491753928,27.06422064306779,26.818250775476127,27.06925057213277,54.14504213521084,44.329949871716856,51.53120926745196,0.18087632112793983,-0.018845036966823926,0.19972135809476377,16.619550254012417,68.32706081270553,-33.21735799724626,49.652274277665825,11.485705455059536,0.9517846698805066,3.46545172783106,0.6953168607576181,28.759737451143753,27.385762405395507,26.01178735964726,2.829549789428711,-0.03348233381746222,-0.008914348406669603,28.571428571428573,85.71428571428572,57.142857142857146,0.2608698055888023,0.01390380649823042,1.0245726686585597,1.0063694374988652,0.0442225392296719,0.012744265080713678,0.874940561103186,0.017822237553179257,0.9126518722931279,0.7150766026255927,3.469995244888255,0.7265625,-14163505.305202352,115201364.48755845,-106754235.35952003,-15874777.154417032,345604093.4626754,338176445.43629676,-7427648.026378611,338176445.43629676,16930668.295421835,23047554.905380692,949974336.5502174,866995856.8829778,15324985.560307635,17622459.042976703,16930668.295421835,16930668.295421835,16930668.295421835,16930668.295421835,17622459.042976703,16930668.295421835,0.03058443304979428,0.029492131869444486,23302425.180795643,21663973.410270948,32336179.536686193,21719048.437315486,32332114.938353956,32332114.938353956,1328493105.5807667,945641541.8681632,382851563.7126034,382851563.7126034,382851563.7126034,673330857.6069591,674386748.7479639,336756453.90184206,336756453.90184206,334972361.9739374,326343182.649174,0.009648660426423197,578919.6255853918,27.46495246887207,2024-06-12,0,0,0,0,0,0,0,1,0,0,0,5.838052521798432,1
27.493922424316406,27.135642051696777,26.678375244140625,26.799765739440918,27.38205655940607,27.131813224899037,26.877082115253604,27.083632112172257,53.94852901254321,29.5533249567369,40.43109081570051,0.2035998317922818,0.025643936784997226,0.1779558950072846,16.090285544064788,54.26512267594878,-33.73911783690049,52.800901767197374,8.808892759167787,0.9465715536076852,3.450110253103918,0.8788010420610064,28.778637733573877,27.493922424316406,26.209207115058934,2.2211475372314453,0.34042977370897753,0.09081443150838098,21.42857142857143,78.57142857142857,57.142857142857146,0.03296779305054275,-0.0010548944428452334,1.0326985213764575,1.0010571066783887,0.0442225392296719,0.012744265080713678,0.874940561103186,0.017822237553179257,0.9126518722931279,0.7150766026255927,3.469995244888255,0.7265625,-14178462.086065033,115323018.0984827,-106866968.73095804,-15891541.052761838,345969054.29544806,338533562.6102109,-7435491.68523719,338533562.6102109,16948547.22370242,23071893.317427162,950977517.4486448,867911411.8081763,15341168.874099674,17641068.508111764,16948547.22370242,16948547.22370242,16948547.22370242,16948547.22370242,17641068.508111764,16948547.22370242,0.03061673046862372,0.02952327580903002,23327032.737999026,21686850.74860847,32370326.814555954,21741983.93534531,32366257.92397365,32366257.92397365,1329896005.4865165,946640147.298923,383255858.1875934,383255858.1875934,383255858.1875934,674041900.6622125,675098906.8331531,337112071.5527391,337112071.5527391,335326095.60873604,326687803.79794574,0.009658849493077723,579530.9695846633,27.43597984313965,2024-06-13,0,0,0,0,0,0,0,1,0,0,0,4.239223795575123,1
27.615602493286133,27.284362030029296,26.69768934249878,26.80768455505371,27.390372809623578,27.181848149473502,26.927550990949317,27.09631341405015,53.73847476402723,30.642817170158875,34.84203066620418,0.21677156734571668,0.06386946289714113,0.15290210444857555,15.514663944422876,39.774601059898586,-34.26091202545793,51.57886605081837,5.737696533993342,0.9265553152323015,3.3807243978321417,0.6663442163523143,28.715847848537635,27.615602493286133,26.51535713803463,1.4871997833251953,1.0374241464748675,0.27720988102448274,14.285714285714286,71.42857142857143,57.142857142857146,0.28985318955437156,-0.0010560779402343234,1.0248648841101844,1.0070971913919422,0.0442225392296719,0.012744265080713678,0.874940561103186,0.017822237553179257,0.9126518722931279,0.7150766026255927,3.469995244888255,0.7265625,-14193451.47706575,115444936.94970703,-106979947.8939763,-15908341.501287062,346334810.8491211,338891458.40356475,-7443352.445556331,338891458.40356475,16966465.133253403,23096284.794299792,951982885.5735797,868828962.909742,15357387.472228725,17659718.547300316,16966465.133253403,16966465.133253403,16966465.133253403,16966465.133253403,17659718.547300316,16966465.133253403,0.030649098305231954,0.02955448765147367,23351693.946843393,21709777.966205966,32404548.54343593,21764969.43944018,32400475.35124521,32400475.35124521,1331301964.122617,947640929.9803385,383661034.14227855,383661034.14227855,383661034.14227855,674754493.9983982,675812617.6303645,337468464.553679,337468464.553679,335680600.48587376,327033176.3211833,0.009669060774864843,580143.6464918905,27.407005310058594,2024-06-14,0,0,0,0,0,0,0,1,0,0,0,2.7797233019262637,1
27.435979461669923,27.388659286499024,26.74162950515747,26.815989685058593,27.52146120657848,27.291264486021642,27.009083087095885,27.123267319400664,56.12963855075416,37.56643423937848,32.587525455424725,0.2546657449521099,0.10202871930813488,0.15263702564397502,15.289274645270112,61.47718774918083,-27.47824020337217,57.895575109090856,3.900323898826019,0.903830067997327,3.2531019443222045,0.6084018539426594,27.87726061952916,27.435979461669923,26.994698303810686,1.0429725646972656,1.62805805263933,0.4359340545458643,7.142857142857143,64.28571428571429,57.142857142857146,0.6825390097547119,0.013742205183266076,1.0223801448189194,1.0151729111806838,0.0442225392296719,0.012744265080713678,0.874940561103186,0.017822237553179257,0.9126518722931279,0.7150766026255927,3.469995244888255,0.7265625,-14001046.227033462,113879974.96743928,-105529736.60067381,-15692689.344438534,341639924.9023178,334297473.92464477,-7342450.977673076,334297473.92464477,16736469.140284216,22783193.474838514,939077884.6003344,857051189.6095651,15149204.002463713,17420324.868596904,16736469.140284216,16736469.140284216,16736469.140284216,16736469.140284216,17420324.868596904,16736469.140284216,0.030233621672771487,0.029153849470172508,23035140.32211161,21415482.018213138,31965275.173265357,21469925.3204176,31961257.19692986,31961257.19692986,1313254945.207635,934794788.1966918,378460157.0109431,378460157.0109431,378460157.0109431,665607578.0887656,666651357.8846114,332893770.06126606,332893770.06126606,331130142.1303544,322599941.72982246,0.00953798778962434,572279.2673774603,27.78363800048828,2024-06-17,0,0,0,0,0,0,0,1,0,0,0,1.597603783113017,1
27.543944931030275,27.466785049438478,26.761378002166747,26.815197677612304,27.55702381524991,27.35251622176185,27.06804174857178,27.14306660227094,54.86873866380737,49.520767566485056,39.24333965867411,0.2690490633591587,0.13543278811833964,0.13361627524081904,15.271185204077938,67.59706870586365,-35.31455589028264,56.51199002317612,2.910048756339312,0.8760600973203795,3.1708968135610394,0.5150504785200631,27.828468149542346,27.543944931030275,27.259421712518204,0.7812576293945348,1.983039169992288,0.5319048930437162,0.0,57.142857142857146,57.142857142857146,-0.43396239995393776,-0.005596422178145821,1.0187411162103386,0.9919748938080648,0.0442225392296719,0.012744265080713678,0.874940561103186,0.017822237553179257,0.9126518722931279,0.7150766026255927,3.469995244888255,0.7265625,-14079842.972509626,114520882.1722891,-106123649.34549673,-15781006.519316703,343562646.5168673,336178872.82434297,-7383773.692524329,336178872.82434297,16830660.622665748,22911415.42827402,944362938.292413,861874603.7568103,15234462.486193579,17518365.03520478,16830660.622665748,16830660.622665748,16830660.622665748,16830660.622665748,17518365.03520478,16830660.622665748,0.030403774028041352,0.029317924955611308,23164780.211841032,21536006.603195958,32145173.13310782,21590756.30786186,32141132.54392943,32141132.54392943,1320645836.8585057,940055736.9717739,380590099.8867319,380590099.8867319,380590099.8867319,669353563.2149628,670403217.3183118,334767269.0301839,334767269.0301839,332993715.54521483,324415507.87301743,0.009591666806465428,575500.0083879256,27.628149032592773,2024-06-18,0,0,0,0,0,0,0,1,0,0,0,1.4969858351753977,1
27.504671478271483,27.445216941833497,26.774254035949706,26.799488639831544,27.460877611859313,27.33725603691026,27.08714112538191,27.14798890042024,51.961814095869386,54.51165186394825,47.19961788993724,0.24856880449332408,0.15805999139333654,0.09050881309998754,14.980752659579625,19.442741613714578,-49.26192458282455,48.09656329693588,-0.7847438015760377,0.8391675066199701,3.07741490916696,0.35956382751464844,27.86585063213457,27.504671478271483,27.143492324408395,-0.2156810760498047,2.1107628055317393,0.5663650586054878,0.0,50.0,50.0,-0.6176496987512546,-0.013014401619539262,1.0121168980420174,0.9925715957403312,0.0442225392296719,0.012744265080713678,0.874940561103186,0.017822237553179257,0.9126518722931279,0.7150766026255927,3.469995244888255,0.7265625,-14265499.917742634,116030955.62914574,-107522996.80930951,-15989095.023485318,348092866.8874372,340611730.6837881,-7481136.203649093,340611730.6837881,17052589.875964846,23213525.57308763,956815317.1049436,873239290.5945697,15435344.255470116,17749362.3655204,17052589.875964846,17052589.875964846,17052589.875964846,17052589.875964846,17749362.3655204,17052589.875964846,0.030804678485613912,0.02970451139684199,23470231.22713441,21819980.593976524,32569039.69607526,21875452.2287762,32564945.827648994,32564945.827648994,1338059885.6007082,952451320.9861484,385608564.6145599,385608564.6145599,385608564.6145599,678179665.7553073,679243160.6077868,339181513.4683846,339181513.4683846,337384573.89005715,328693253.88875896,0.009718142617485343,583088.5570491205,27.268585205078125,2024-06-20,0,0,0,0,0,0,0,1,0,0,0,2.3333462967957805,1
27.529500579833986,27.511711502075194,26.806052875518798,26.81066303253174,27.493960191556926,27.377777730372422,27.132187242102884,27.16415111416659,54.085852506014476,57.30731359905354,53.77991100982893,0.2529470884773559,0.1770374108101404,0.07590967766721551,14.424009522349696,15.289703975988713,-54.07305117579353,59.25434253665608,2.472359763474752,0.829204984994564,3.008712676141426,0.6996922038642843,27.885407473633514,27.529500579833986,27.173593686034458,0.6649456024169922,2.2744321283778643,0.6106263551956559,0.0,42.85714285714286,42.85714285714286,0.3472225533594565,0.010691429118212303,1.0258713372378125,1.008893631966267,0.0442225392296719,0.012744265080713678,0.874940561103186,0.017822237553179257,0.9126518722931279,0.7150766026255927,3.469995244888255,0.7265625,-14114594.72866878,114803541.70053476,-106385582.89063461,-15819957.073777862,344410625.1016043,337008626.83772653,-7401998.263877715,337008626.83772653,16872201.92501538,22967965.201149967,946693807.3668307,864001875.7816478,15272064.06503005,17561603.724102028,16872201.92501538,16872201.92501538,16872201.92501538,16872201.92501538,17561603.724102028,16872201.92501538,0.030478816380672943,0.02939028722422034,23221955.337655578,21589161.60297667,32224513.593125492,21644046.44042708,32220463.030997112,32220463.030997112,1323905444.3828735,942375975.0462353,381529469.3366381,381529469.3366381,381529469.3366381,671005656.342601,672057901.1938384,335593538.93433815,335593538.93433815,333815607.9787989,325216227.64282334,0.009615340881998013,576920.4529198807,27.56012535095215,2024-06-21,0,0,0,0,0,0,0,1,0,0,0,0.8960622219140213,1
27.585390853881837,27.600496673583983,26.90355987548828,26.813548011779787,27.5581256878039,27.43390117581341,27.18497480764526,27.184633685387425,55.01407021815613,53.71087289962045,55.176612787540726,0.26357249293142715,0.19434442723439777,0.06922806569702938,14.337127835357402,68.41032151194308,-57.75359261132697,56.71220640346159,3.313051989984195,0.817871602902657,2.9540493835914665,0.6705376357078663,27.93450247959154,27.585390853881837,27.236279228172133,0.8878517150878906,2.2100154500373614,0.5940703978905297,0.0,35.714285714285715,35.714285714285715,0.14492837753416038,0.004583844512207058,1.0244074501427711,1.0035223805431357,0.0442225392296719,0.012744265080713678,0.874940561103186,0.017822237553179257,0.9126518722931279,0.7150766026255927,3.469995244888255,0.7265625,-14050190.838498266,114279701.31878796,-105900153.05521059,-15747771.736722993,342839103.95636386,335470880.48321825,-7368223.47314562,335470880.48321825,16795215.269670162,22863164.012260675,942374110.9698156,860059496.7771741,15202378.724740155,17481471.37746314,16795215.269670162,16795215.269670162,16795215.269670162,16795215.269670162,17481471.37746314,16795215.269670162,0.030339743712952554,0.029256181437489967,23115995.209868614,21490651.796674725,32077475.433394667,21545286.198522054,32073443.3536927,32073443.3536927,1317864558.1601188,938075980.6104807,379788577.5496382,379788577.5496382,379788577.5496382,667943905.3376566,668991348.8706038,334062249.52511686,334062249.52511686,332292431.1418613,323732289.1657068,0.009571466766586222,574288.0059951734,27.68645668029785,2024-06-24,0,0,0,0,0,0,0,1,0,0,0,2.0601588200123215,1
27.56984176635742,27.502910614013672,26.992864227294923,26.835749740600587,27.60738131282467,27.483354155277556,27.23458602242821,27.205075209994437,55.16424799407971,60.70207480031942,57.24008709966444,0.27044400565238647,0.2095643429179955,0.060879662734390966,14.25645198315027,50.54052533899981,-57.06198184302636,55.18838524995231,-3.40237429109721,0.7879119201678819,2.843842400601482,0.3984360446158064,27.887783294471266,27.56984176635742,27.251900238243575,-0.975860595703125,2.3609950163421485,0.6352771367782211,21.42857142857143,28.571428571428573,7.142857142857143,-0.14634021529786886,0.0007019996380464022,1.0144620755518612,0.9978999136652685,0.0442225392296719,0.012744265080713678,0.874940561103186,0.017822237553179257,0.9126518722931279,0.7150766026255927,3.469995244888255,0.7265625,-14040334.528741037,114199533.28775488,-105825863.33745173,-15736724.561776588,342598599.8632646,335235545.2517912,-7363054.6114734495,335235545.2517912,16783433.30556448,22847125.338542614,941713028.7644793,859456158.8647342,15191714.14690772,17469207.99977034,16783433.30556448,16783433.30556448,16783433.30556448,16783433.30556448,17469207.99977034,16783433.30556448,0.030318460164890672,0.02923565801614458,23099779.17325004,21475575.950130895,32054972.85405353,21530172.025553036,32050943.602884427,32050943.602884427,1316940066.7099595,937417913.5744531,379522153.13550645,379522153.13550645,379522153.13550645,667475337.8920515,668522046.6358393,333827902.45842123,333827902.45842123,332059325.6154693,323505188.64037514,0.009564752313923845,573885.1388354306,27.70589256286621,2024-06-25,0,0,0,0,0,0,0,1,0,0,0,2.1297248556661024,1
27.573728942871092,27.558836936950684,27.094704627990723,26.85099102020264,27.62078251360349,27.513214293438207,27.273919250307536,27.22242853176568,54.575629827384645,63.034772511768814,59.14924007056953,0.2680943641706577,0.22127034716852795,0.046824017002129736,13.673376986303717,-40.9475969389894,-58.36339635303219,57.16515693909644,2.064591656350112,0.8350592964221285,3.0203697682259625,1.4479751877273337,27.894885886819317,27.573728942871092,27.252571998922868,0.5592632293701172,2.5150896639208824,0.6774581517928695,100.0,21.42857142857143,-78.57142857142857,0.6107382464422839,-0.002104521540779669,1.0547190523748275,1.0330428401292842,0.0442225392296719,0.012744265080713678,0.874940561103186,0.017822237553179257,0.9126518722931279,0.7150766026255927,3.469995244888255,0.7265625,-14069945.03113665,114440375.52317831,-106049045.83879861,-15769912.682713572,343321126.56953496,335942543.5712011,-7378582.998333873,335942543.5712011,16818828.893261034,22895309.00953599,943699063.7722014,861268717.4329715,15223752.862738859,17506049.85879213,16818828.893261034,16818828.893261034,16818828.893261034,16818828.893261034,17506049.85879213,16818828.893261034,0.03038240058137477,0.029297314846325674,23148495.681047447,21520867.0784738,32122575.506151546,21575578.294829283,32118537.75745333,32118537.75745333,1319717440.491216,939394890.3565067,380322550.13470924,380322550.13470924,380322550.13470924,668883016.6087663,669931932.8193138,334531932.11563724,334531932.11563724,332759625.41505706,324187448.10816914,0.009584923992933708,575095.4395760224,27.647584915161133,2024-06-26,0,0,0,0,0,0,0,1,0,0,0,2.698764985636363,1
27.653416061401366,27.579043769836424,27.24628553390503,26.862565002441407,27.636195274978824,27.541179112400258,27.31135749291915,27.23986352258779,54.74895752849738,67.45786829036756,63.73157186748523,0.26474871131526,0.22996601999787436,0.03478269131738565,13.131950203517631,-5.090107590196433,-57.68083078074108,57.83368023738469,0.7357315804075837,0.8128958129354542,2.9381400291648494,0.5247705276086876,27.754481242262763,27.653416061401366,27.55235088053997,0.20206832885742188,2.1378809436808646,0.5762109022874107,92.85714285714286,14.285714285714286,-78.57142857142857,0.48148108902357484,0.0007029866307672883,1.0192995326791268,1.0092165982743666,0.0442225392296719,0.012744265080713678,0.874940561103186,0.017822237553179257,0.9126518722931279,0.7150766026255927,3.469995244888255,0.7265625,-14060060.996228531,114359981.98474826,-105974547.14895129,-15758834.432790847,343079945.9542448,335706546.35725087,-7373399.596993882,335706546.35725087,16807013.78726547,22879225.22008396,943036121.9861146,860663682.3706781,15213058.286150614,17493751.9850247,16807013.78726547,16807013.78726547,16807013.78726547,16807013.78726547,17493751.9850247,16807013.78726547,0.030361057164092455,0.0292767336939463,23132234.029784728,21505748.82456549,32100009.62853519,21560421.606686078,32095974.71632631,32095974.71632631,1318790348.5074303,938734972.2212015,380055376.2862288,380055376.2862288,380055376.2862288,668413131.113764,669461310.4682387,334296925.8460609,334296925.8460609,332525864.1781555,323959708.76400083,0.00957819065295774,574691.4391774643,27.667020797729492,2024-06-27,0,0,0,0,0,0,0,1,0,0,0,4.711658422774763,1
27.702006149291993,27.615753364562988,27.375697708129884,26.862760620117186,27.691822113454307,27.58879669021935,27.358187806965446,27.261950278188475,56.01423595441768,73.98855938284204,68.16040006165944,0.26996378372103536,0.23796557274250657,0.031998210978528785,12.395792245828007,16.635049043158816,-52.90273780697564,62.139050495064296,1.338009246851879,0.7964802402493534,2.8647198829858076,0.5830777953300412,27.810293205216738,27.702006149291993,27.59371909336725,0.367095947265625,2.2433167434164374,0.605311772762203,85.71428571428572,7.142857142857143,-78.57142857142857,0.18333423402516882,0.004917587392963885,1.021352326452828,1.0038596705386513,0.0442225392296719,0.012744265080713678,0.874940561103186,0.017822237553179257,0.9126518722931279,0.7150766026255927,3.469995244888255,0.7265625,-13991257.763439335,113800358.77512096,-105455958.2581083,-15681718.213006556,341401076.3253629,334063758.629369,-7337317.695993893,334063758.629369,16724768.277633138,22767265.203745756,938421352.9714541,856452004.7892479,15138612.834528577,17408145.90618159,16724768.277633138,16724768.277633138,16724768.277633138,16724768.277633138,17408145.90618159,16724768.277633138,0.030212484630563086,0.029133467322328695,23019035.90900045,21400509.946648855,31942927.491011035,21454915.18624907,31938912.32373812,31938912.32373812,1312336817.5182803,934141250.9821244,378195566.5361558,378195566.5361558,378195566.5361558,665142236.0392895,666185286.103916,332661036.1286643,332661036.1286643,330898641.1918814,322374404.4568297,0.009531319556070499,571879.1733642298,27.803075790405273,2024-06-28,0,0,0,0,0,0,0,1,0,0,0,4.621262018825918,1
27.628149795532227,27.606770324707032,27.445566177368164,26.847830238342286,27.566939712802547,27.5394109122702,27.354281816921024,27.264115950083006,50.57530088519272,69.4065448988798,70.28432419069644,0.23221183263080292,0.23681482472016585,-0.004602992089362934,12.155253380085766,-48.575736475040884,-59.721821642625976,59.57725554965394,-0.3277643709821976,0.812473543961545,2.974222431835506,1.0203864922200374,27.957071790835403,27.628149795532227,27.29922780022905,-0.08983039855957031,2.1404561875301398,0.5778805781633451,78.57142857142857,0.0,-78.57142857142857,-0.5047601920425514,-0.017476515280871685,1.037865169914983,0.9814944556357624,0.0442225392296719,0.012744265080713678,0.874940561103186,0.017822237553179257,0.9126518722931279,0.7150766026255927,3.469995244888255,0.7265625,-14240125.534952462,115824568.61848223,-107331743.10663398,-15960654.841232065,347473705.8554467,340005876.5260629,-7467829.32938381,340005876.5260629,17022258.030213095,23172235.124999765,955113407.0242794,871686039.172977,15407889.042831596,17717791.154028255,17022258.030213095,17022258.030213095,17022258.030213095,17022258.030213095,17717791.154028255,17022258.030213095,0.030749885473933335,0.029651675278435718,23428484.170615874,21781168.87736945,32511108.373295,21836541.84345765,32507021.786729526,32507021.786729526,1335679846.770721,950757173.2488055,384922673.5219155,384922673.5219155,384922673.5219155,676973371.5112491,678034974.7002301,338578203.271916,338578203.271916,336784459.9526032,328108599.408172,0.009700856726895636,582051.4036137381,27.317174911499023,2024-07-01,0,0,0,0,0,0,0,1,0,0,0,1.6144387538474587,1
27.585391235351562,27.577616500854493,27.48313789367676,26.830217819213868,27.54199306252266,27.530808884941596,27.367407335496438,27.273056491725356,52.36837947582516,68.31017427882738,70.5684261868497,0.2139419236070168,0.23224024449753605,-0.01829832089051925,11.93189586189654,-46.72893586898271,-38.728143245874094,62.567740565338035,-1.0493162865146233,0.7877583955373855,2.86539915960621,0.4664614660233113,27.918331230138715,27.585391235351562,27.252451240564408,-0.2915382385253906,1.9028887470538929,0.5150271195631753,71.42857142857143,0.0,-71.42857142857143,0.2708358168625676,0.006403475140843939,1.0171981205611091,1.004616515227971,0.0442225392296719,0.012744265080713678,0.874940561103186,0.017822237553179257,0.9126518722931279,0.7150766026255927,3.469995244888255,0.7265625,-14149519.43897013,115087607.9817519,-106648820.03871574,-15859101.47915418,345262823.9452557,337842510.4091377,-7420313.536118012,337842510.4091377,16913949.9720337,23024796.413542654,949036276.8179169,866139734.911971,15309852.781137602,17605057.605299596,16913949.9720337,16913949.9720337,16913949.9720337,16913949.9720337,17605057.605299596,16913949.9720337,0.030554232207544753,0.029463009628703872,23279415.015272193,21642581.147010867,32304248.918402378,21697601.789780863,32300188.333690166,32300188.333690166,1327181274.4722445,944707760.5885147,382473513.8837299,382473513.8837299,382473513.8837299,672665971.6834823,673720820.1763618,336423921.05664456,336423921.05664456,334641590.8445378,326020932.47169477,0.009639132779761143,578347.9667856685,27.49209976196289,2024-07-02,0,0,0,0,0,0,0,1,0,0,0,6.444833547457163,1
27.610657501220704,27.5921932220459,27.52948913574219,26.811481704711912,27.61930078985072,27.575010223044366,27.406122469687904,27.292698050657965,55.188968392795935,68.20024973426568,68.63898963732426,0.21967089464764555,0.22972637452755795,-0.010055479879912399,11.134111959658245,99.9002259407839,-21.965394106042524,64.8354851157153,0.5276039728253412,0.7668907124570978,2.761190412276751,0.4956108324133588,27.976217897844695,27.610657501220704,27.245097104596713,0.1457672119140625,1.747774858869301,0.4742910800836029,64.28571428571429,50.0,-14.285714285714286,0.1599998474121172,0.010250816961382414,1.0176678449992753,1.0028070148668793,0.0442225392296719,0.012744265080713678,0.874940561103186,0.017822237553179257,0.9126518722931279,0.7150766026255927,3.469995244888255,0.7265625,-14005947.039497426,113919836.58861145,-105566675.37225309,-15698182.285914853,341759509.7658344,334414488.69627786,-7345021.069556491,334414488.69627786,16742327.437959649,22791168.318770878,939406591.7931294,857351184.8445057,15154506.706746701,17426422.537575204,16742327.437959649,16742327.437959649,16742327.437959649,16742327.437959649,17426422.537575204,16742327.437959649,0.03024420440405614,0.029164054246768423,23043203.355471343,21422978.119539764,31976464.038471777,21477440.478635386,31972444.65571649,31972444.65571649,1313714626.298567,935121996.1692215,378592630.1293456,378592630.1293456,378592630.1293456,665840561.957393,666884707.1094378,333010293.4918038,333010293.4918038,331246048.2349006,322712861.9923276,0.009541326389374855,572479.5833624912,27.773916244506836,2024-07-03,0,0,0,0,0,0,0,1,0,0,0,3.956616924415434,1
27.313288116455077,27.48335208892822,27.46428451538086,26.766085624694824,27.1395918178676,27.321403614109276,27.289365460565378,27.24906965156947,40.56086409026146,49.275503615234435,61.928642542775805,0.09451988917935594,0.20268507745791756,-0.10816518827856161,11.90384158099316,-254.71783384270526,-100.0,52.813722280831556,-3.9914477520237024,0.8259515451819814,3.1548741775369207,1.5937423706054688,28.502575915545382,27.313288116455077,26.12400031736477,-1.0884113311767578,1.1737254535675687,0.31876918597098935,100.0,42.85714285714286,-57.142857142857146,-0.84472037180297,-0.05738270240952004,1.059762385712189,0.9519435074322571,0.0442225392296719,0.012744265080713678,0.874940561103186,0.017822237553179257,0.9126518722931279,0.7150766026255927,3.469995244888255,0.7265625,-14858572.058140088,120854812.318651,-111993144.66443892,-16653823.694984777,362564436.955953,354772280.9151803,-7792156.040772694,354772280.9151803,17761532.151761286,24178601.832397625,996593839.5088253,909543233.5435264,16077051.36059425,18487272.17516659,17761532.151761286,17761532.151761286,17761532.151761286,17761532.151761286,18487272.17516659,17761532.151761286,0.03208534840318168,0.03093944310306805,24445979.73575747,22727121.785587024,33923060.94977259,22784899.591314584,33918796.88336349,33918796.88336349,1393688222.8415358,992048415.1517079,401639807.68982786,401639807.68982786,401639807.68982786,706374223.8333795,707481932.2901561,353282604.0250326,353282604.0250326,351410958.70151365,342358306.83061594,0.010122163484337079,607329.8090602247,26.180173873901367,2024-07-05,0,0,0,0,0,0,0,1,0,0,0,10.658532876884072,1
27.0683952331543,27.385200691223144,27.44845609664917,26.731748542785645,26.952598336545524,27.18635047952602,27.221674595168807,27.22277717009229,44.51998796017611,33.82746474293226,50.43440603081077,0.027174145417255602,0.16758289104978516,-0.14040874563252956,12.618590515089865,-239.02645313392162,-79.70289315073204,49.063302912129735,-3.561355271618427,0.8037444305192402,3.0240271743785305,0.5150519399036035,28.25768146123212,27.0683952331543,25.879109005076476,-0.9815139770507812,0.5749131435881993,0.15656891847267929,92.85714285714286,35.714285714285715,-57.142857142857146,0.5918388795683918,0.015219054767134255,1.0181615930108185,1.0107169593958174,0.0442225392296719,0.012744265080713678,0.874940561103186,0.017822237553179257,0.9126518722931279,0.7150766026255927,3.469995244888255,0.7265625,-14635828.581397412,119043089.02709876,-110314265.81145814,-16404167.767324608,357129267.08129627,349453922.5296123,-7675344.55168399,349453922.5296123,17495270.669279683,23816142.65301944,981653993.6175833,895908355.2191136,15836041.773547998,18210131.191250253,17495270.669279683,17495270.669279683,17495270.669279683,17495270.669279683,18210131.191250253,17495270.669279683,0.03160435991869878,0.03047563277874526,24079512.319008596,22386421.609078307,33414523.48680915,22443333.273074616,33410323.34262443,33410323.34262443,1372795571.8494792,977176709.2957677,395618862.5537116,395618862.5537116,395618862.5537116,695785033.3053532,696876136.2073082,347986577.2476727,347986577.2476727,346142989.5857486,337226045.1801157,0.009970423069589498,598225.3841753699,26.578611373901367,2024-07-08,0,0,0,0,0,0,0,1,0,0,0,9.919333882890855,1
26.9440055847168,27.28607769012451,27.44328718185425,26.73914489746094,26.86680778080086,27.097055241305203,27.171536697468113,27.20208891515971,45.660814769455,16.84595182424415,33.316306727470256,-0.016596646163261397,0.13074698360717585,-0.14734362977043725,12.918371289182549,-143.61572926137083,-73.762304950076,46.371614391468164,-3.580198154037184,0.7838175928742784,2.9361713334891615,0.5247687034897766,28.13329165320007,26.9440055847168,25.754719516233525,-0.9912300109863281,0.18999626398981356,0.05185079574584961,85.71428571428572,28.571428571428573,-57.142857142857146,0.22222065238507285,0.004387561628771408,1.019874825420036,1.0043875294409892,0.0442225392296719,0.012744265080713678,0.874940561103186,0.017822237553179257,0.9126518722931279,0.7150766026255927,3.469995244888255,0.7265625,-14571893.500615569,118523061.78906853,-109832369.52134922,-16332507.882438015,355569185.3672056,347927369.7524869,-7641815.6147187045,347927369.7524869,17418844.41590293,23712104.33390657,977365741.1942438,891994673.6160872,15766863.687426975,18130582.14472477,17418844.41590293,17418844.41590293,17418844.41590293,17418844.41590293,18130582.14472477,17418844.41590293,0.0314662995900182,0.030342503176088977,23974323.49715672,22288628.87626289,33268555.6486007,22345291.927629255,33264373.85230495,33264373.85230495,1366798658.5011833,972908015.4189912,393890643.08219206,393890643.08219206,393890643.08219206,692745569.4264363,693831905.9599012,346466434.41437894,346466434.41437894,344630900.27162784,335752908.601587,0.009926868323041455,595612.0993824872,26.695226669311523,2024-07-09,0,0,0,0,0,0,0,1,0,0,0,8.303751639666428,1
26.815727996826173,27.200559616088867,27.35173511505127,26.754093322753906,26.861442461370494,27.05226552879694,27.14098194747208,27.1883094213303,47.219208397443545,29.211545673834763,26.6283207470037,-0.038297491777047554,0.09693808853033116,-0.1352355803073787,12.998170094916132,-86.53322574558271,-65.84161784622762,44.64149117791734,-3.0866384774141054,0.7597611179079007,2.8295753309264966,0.4470269433449907,27.87176681884792,26.815727996826173,25.759689174804425,-0.8551807403564418,-0.15761808906922947,-0.043071086590106944,78.57142857142857,21.42857142857143,-57.142857142857146,-0.21739166490443504,0.005824455252780858,1.0168006211074117,0.9963937835153077,0.0442225392296719,0.012744265080713678,0.874940561103186,0.017822237553179257,0.9126518722931279,0.7150766026255927,3.469995244888255,0.7265625,-14487511.637359627,117836727.04525928,-109196360.20755379,-16237930.781205134,353510181.13577783,345912617.1922782,-7597563.94349965,345912617.1922782,17317976.63591832,23574794.001153328,971706082.5973009,886829375.6010474,15675562.07754413,18025592.885557994,17317976.63591832,17317976.63591832,17317976.63591832,17317976.63591832,18025592.885557994,17317976.63591832,0.03128408682617503,0.030166798010954496,23835494.724704783,22159561.50187398,33075906.51118117,22215896.432955097,33071748.93052789,33071748.93052789,1358883900.0317242,967274170.296926,391609729.73479813,391609729.73479813,391609729.73479813,688734068.6624463,689814114.5171595,344460141.7324915,344460141.7324915,342635236.66763127,333808655.02738905,0.009869384534448076,592163.0720668845,26.85071182250977,2024-07-10,0,0,0,0,0,0,0,1,0,0,0,11.099522884238159,1
26.502810287475587,27.056733894348145,27.307785415649413,26.759883766174315,26.644070873498297,26.899004104970935,27.052252971308445,27.149917981190047,41.88318521603349,30.701050045310694,25.58618251446318,-0.10602768570823429,0.05634493368261807,-0.16237261939085235,14.066498117301718,-160.3346671888019,-77.73437470195125,46.029620417009376,-5.202107966466651,0.7908715624873436,3.0175194556979044,1.1953073420201008,27.034999451301527,26.502810287475587,25.970621123649646,-1.4382572174072301,-0.5336929037133777,-0.14572910162118902,100.0,14.285714285714286,-85.71428571428572,-0.03703790916776516,-0.023887043628324722,1.030681798395703,0.9988888634575737,0.0442225392296719,0.012744265080713678,0.874940561103186,0.017822237553179257,0.9126518722931279,0.7150766026255927,3.469995244888255,0.7265625,-14842044.194568817,120720380.0298605,-111868569.61047755,-16635298.891598983,362161140.0895815,354377651.6173655,-7783488.472216037,354377651.6173655,17741775.19402185,24151706.877023295,995485282.9832777,908531507.3549426,16059168.12723397,18466707.94388511,17741775.19402185,17741775.19402185,17741775.19402185,17741775.19402185,18466707.94388511,17741775.19402185,0.03204965841500721,0.030905027757328386,24418787.36381502,22701841.377296776,33885326.790587984,22759554.914150666,33881067.46729334,33881067.46729334,1392137960.224248,990944914.7078183,401193045.5164296,401193045.5164296,401193045.5164296,705588491.7484862,706694968.050909,352889631.762383,352889631.762383,351020068.35484093,341977486.15917814,0.010110904142829657,606654.2485697794,26.209327697753903,2024-07-11,0,0,0,0,0,0,0,1,0,0,0,16.578901635922723,1
26.617482376098632,26.965385246276856,27.272214508056642,26.793941192626953,26.6805586880044,26.872555052615603,27.023803575661603,27.13437352377148,47.32261653491193,47.36023701308536,35.75761091074358,-0.11447186590449832,0.022181573765194796,-0.13665343966969312,14.190195111869249,-69.39830891023472,-55.859320016455044,46.73633070370199,-3.3017161023273456,0.7968532862272222,2.978497258660824,0.8746156948456445,27.0620509100246,26.617482376098632,26.172913842172665,-0.9134864807128906,-0.8112957162641932,-0.22150163161448688,92.85714285714286,7.142857142857143,-85.71428571428572,0.6666673730923852,0.02076385268399461,1.0334572353640594,1.0222799990594285,0.0442225392296719,0.012744265080713678,0.874940561103186,0.017822237553179257,0.9126518722931279,0.7150766026255927,3.469995244888255,0.7265625,-14540134.973964032,118264748.22010846,-109592996.77034073,-16296912.207322152,354794244.6603254,347169083.902771,-7625160.757554402,347169083.902771,17380881.13854312,23660425.29182322,975235633.9478035,890050627.2494383,15732500.798307097,18091067.679687895,17380881.13854312,17380881.13854312,17380881.13854312,17380881.13854312,18091067.679687895,17380881.13854312,0.031397720766400475,0.030276373596171892,23922072.964876555,22240052.209533673,33196048.921099596,22296591.767338485,33191876.23876622,33191876.23876622,1363819806.671017,970787623.5058967,393032183.1651203,393032183.1651203,393032183.1651203,691235773.9679096,692319742.8991306,345711332.5814738,345711332.5814738,343879798.8701005,335021156.22529465,0.009905233337019198,594314.000221152,26.7535343170166,2024-07-12,0,0,0,0,0,0,0,1,0,0,0,13.440033787336409,1
26.687451171875,26.877923202514648,27.246838283538818,26.836711959838865,26.763190909597334,26.882718743555166,27.01472279253033,27.126298301379784,48.975688463381175,64.49914249572107,47.52014318470568,-0.10582933909221737,-0.0034206088062876403,-0.10240873028592973,14.191878717239197,-36.642131372510484,-45.41664729540547,48.89604323896565,-3.145768634432522,0.7864425607943952,2.920488941869858,0.6511031301676447,27.191646810254273,26.687451171875,26.18325553349573,-0.8746204376220703,-0.9532399123571634,-0.260051751748108,85.71428571428572,0.0,-85.71428571428572,-0.029851426098788412,0.006538240282344399,1.0246233038896453,0.9992787429464899,0.0442225392296719,0.012744265080713678,0.874940561103186,0.017822237553179257,0.9126518722931279,0.7150766026255927,3.469995244888255,0.7265625,-14445685.61040003,117496527.68973187,-108881105.93751386,-16191051.223995922,352489583.0691956,344913953.5974177,-7575629.4717779085,344913953.5974177,17267978.94302317,23506732.625663802,968900728.1772422,884269063.637135,15630306.101330008,17973552.27617896,17267978.94302317,17267978.94302317,17267978.94302317,17267978.94302317,17973552.27617896,17267978.94302317,0.03119376841320315,0.030079705255588753,23766680.69577383,22095585.959352233,32980415.042937424,22151758.249228623,32976269.46538619,32976269.46538619,1354960747.7292182,964481610.9853717,390479136.7438466,390479136.7438466,390479136.7438466,686745665.7921022,687822593.5111295,343465671.49251896,343465671.49251896,341646035.0017488,332844936.056595,0.009840891225593852,590453.4735356311,26.928455352783203,2024-07-15,0,0,0,0,0,0,0,1,0,0,0,11.359723637449529,1
26.928456115722657,26.936230850219726,27.27150058746338,26.88462600708008,27.14221106924816,27.067724679008737,27.09905884929409,27.15664940283743,57.04128673042814,87.34916241664605,66.40284730848413,-0.02032990538506496,-0.006802468122043105,-0.013527437263021858,13.377878239418413,78.9402524635365,-4.938306477628767,63.21871476037616,2.134468439506665,0.8080118297267388,2.8960736535096054,1.0884123258472052,28.023234100379504,26.928456115722657,25.83367813106581,0.5830764770507812,-1.0222464412392203,-0.27927247071877304,78.57142857142857,100.0,21.42857142857143,0.7767841785549451,0.03608807200544306,1.0404186530580217,1.0312499614625144,0.0442225392296719,0.012744265080713678,0.874940561103186,0.017822237553179257,0.9126518722931279,0.7150766026255927,3.469995244888255,0.7265625,-13942526.702811167,113403996.11232528,-105088658.84998031,-15627099.33785519,340211988.3369758,332900226.2614656,-7311762.075510226,332900226.2614656,16666516.49564831,22687967.61665673,935152864.275183,853469012.461027,15085885.5763836,17347513.943857595,16666516.49564831,16666516.49564831,16666516.49564831,16666516.49564831,17347513.943857595,16666516.49564831,0.03010725560504211,0.02903199647629061,22938861.413365416,21325972.72023816,31831671.393630482,21380188.46829485,31827670.211044516,31827670.211044516,1307765994.3585374,930887669.7311354,376878324.6274021,376878324.6274021,376878324.6274021,662825568.9333854,663864986.0911785,331502389.3940886,331502389.3940886,329746132.8171279,321251585.699991,0.009498122303971618,569887.338238297,27.900251388549805,2024-07-16,0,0,0,0,0,0,0,1,0,0,0,7.3758011048439585,1
27.06256446838379,26.93914623260498,27.258381366729736,26.929981842041016,27.268558574770584,27.150184480246317,27.139267871819932,27.17094760609147,53.4900571656308,87.52920221731888,79.79250237656197,0.0166550673056598,-0.002110961036502524,0.018766028342162323,12.622020652870543,69.12285323378892,-20.987584867093943,58.96480098141588,0.10604436949146478,0.7905566634917822,2.8725314456578332,0.5636395024373471,28.247001198231306,27.06256446838379,25.878127738536275,0.029153823852539062,-1.2087192334018129,-0.3305518321501886,71.42857142857143,92.85714285714286,21.42857142857143,0.26315648580367784,-0.013584028238896595,1.020263121904669,1.0053248000754003,0.0442225392296719,0.012744265080713678,0.874940561103186,0.017822237553179257,0.9126518722931279,0.7150766026255927,3.469995244888255,0.7265625,-14134530.565151736,114965693.33712105,-106535844.7738429,-15842301.610298604,344897080.01136315,337484626.9643427,-7412453.047020447,337484626.9643427,16896032.680708375,23000405.778254624,948030943.381424,865222215.468877,15293634.742602482,17586408.20959753,16896032.680708375,16896032.680708375,16896032.680708375,16896032.680708375,17586408.20959753,16896032.680708375,0.030521865487731253,0.029431798863169427,23254754.65731905,21619654.720476307,32270028.370282393,21674617.078759998,32265972.087030184,32265972.087030184,1325775364.3462503,943707012.4373287,382068351.9089216,382068351.9089216,382068351.9089216,671953402.9340644,673007134.0044742,336067540.35241234,336067540.35241234,334287098.1989614,325675571.8649229,0.00962892185029617,577735.3110177702,27.52125358581543,2024-07-17,0,0,0,0,0,0,0,1,0,0,0,7.859741134957966,1
27.14808235168457,26.825446319580077,27.208819770812987,26.933121757507323,27.058011421266325,27.05686314097568,27.091424942528302,27.1500052338627,46.253967316401926,66.832980400577,80.57044834484729,-0.025103263129913955,-0.00670942145518481,-0.018393841674729145,12.453104381983248,-9.776860741609418,-58.43625111155988,50.91716769280238,-4.093765964581609,0.8194674830394028,3.0764351577336644,1.1953081371584702,28.115639729936948,27.14808235168457,26.180524973432195,-1.1369991302490234,-1.131675536592907,-0.3085924417544632,64.28571428571429,85.71428571428572,21.42857142857143,-0.4634145585029009,-0.032132855750924394,1.0450054718503465,0.9796283165064462,0.0442225392296719,0.012744265080713678,0.874940561103186,0.017822237553179257,0.9126518722931279,0.7150766026255927,3.469995244888255,0.7265625,-14603792.110453423,118782514.7492921,-110072798.11786488,-16368260.565958079,356347544.24787635,348689000.3133455,-7658543.934530844,348689000.3133455,17456975.144886483,23764011.326264825,979505244.0972757,893947294.946316,15801378.147274667,18170270.903494745,17456975.144886483,17456975.144886483,17456975.144886483,17456975.144886483,18170270.903494745,17456975.144886483,0.03153518090689171,0.030408924445931292,24026804.500488922,22337419.809048295,33341382.194887143,22394206.898692027,33337191.244428378,33337191.244428378,1369790649.7020926,975037760.1354661,394752889.5666266,394752889.5666266,394752889.5666266,694262024.4180338,695350738.9969622,347224866.91409695,347224866.91409695,345385314.6945283,336487888.6529409,0.009948598738483696,596915.9243090217,26.636917114257812,2024-07-18,0,0,0,0,0,0,0,1,0,0,0,12.395012078408563,1
27.080056762695314,26.84876956939697,27.166060829162596,26.939903450012206,26.84314307153432,26.939871001174705,27.026851745341826,27.12111900398849,44.61133028163226,42.657486335566006,65.67322298448728,-0.07536374346755537,-0.020440285857658922,-0.05492345760989645,12.919447427327507,-92.92492514633022,-67.90117702543725,51.20244258673444,0.8908745193684675,0.8150769077922492,3.085845484337515,0.7579994295792538,28.18681864850035,27.080056762695314,25.97329487689028,0.2332324981689453,-1.3674328555147726,-0.3725252762818947,57.142857142857146,78.57142857142857,21.42857142857143,-0.30769249579404445,-0.008391013916090984,1.0292134365920897,0.9912472731418532,0.0442225392296719,0.012744265080713678,0.874940561103186,0.017822237553179257,0.9126518722931279,0.7150766026255927,3.469995244888255,0.7265625,-14727369.674338212,119787654.62623677,-111004236.2086366,-16506769.095145142,359362963.87871027,351639613.2011653,-7723350.677544975,351639613.2011653,17604696.397345163,23965102.83767632,987793835.9207153,901511893.7926517,15935089.706758235,18324028.0780969,17604696.397345163,17604696.397345163,17604696.397345163,17604696.397345163,18324028.0780969,17604696.397345163,0.031802032201655776,0.03066624533731093,24230119.772690117,22526439.476172842,33623517.598968014,22583707.09923866,33619291.184607536,33619291.184607536,1381381843.9783504,983288548.0254807,398093295.95286965,398093295.95286965,398093295.95286965,700136882.7443099,701234810.0465099,350163090.277517,350163090.277517,348307971.73242044,339335255.5040961,0.010032783968379502,601967.0381027701,26.413406372070312,2024-07-19,0,0,0,0,0,0,0,1,0,0,0,12.420668573432334,1
27.070338821411134,26.878894996643066,27.132047843933105,26.952537803649903,26.855383929810316,26.92896093666336,27.01285306924854,27.11165808800315,48.70547900360307,31.34345344209137,46.944640059411434,-0.07667234015931257,-0.031686696717989654,-0.044985643441322914,13.01347386769619,-44.75427745826738,-48.14820036845392,56.4777016739481,1.1334462445120597,0.8207179864832733,3.053281579903813,0.8940520094665878,28.1830916757308,27.070338821411134,25.957585967091468,0.3012542724609375,-1.5596013606713912,-0.42452615346664047,50.0,71.42857142857143,21.42857142857143,0.7065212658988901,0.017659943883089113,1.0343155574270955,1.0240651467242576,0.0442225392296719,0.012744265080713678,0.874940561103186,0.017822237553179257,0.9126518722931279,0.7150766026255927,3.469995244888255,0.7265625,-14471798.524508027,117708921.67491876,-109077926.15387541,-16220319.168857325,353126765.02475625,345537441.3769423,-7589323.647813978,345537441.3769423,17299193.608987745,23549224.848363962,970652173.0152671,885867523.0477767,15658560.408651488,18006042.380107675,17299193.608987745,17299193.608987745,17299193.608987745,17299193.608987745,18006042.380107675,17299193.608987745,0.03125015619688108,0.03013407918984962,23809642.816671304,22135527.306124102,33040032.479484867,22191801.13650334,33035879.408131436,33035879.408131436,1357410058.5185716,966225067.5540423,391184990.96452934,391184990.96452934,391184990.96452934,687987069.7010975,689065944.141228,344086541.2678014,344086541.2678014,342263615.48965,333446607.1341014,0.009858680228777962,591520.8137266777,26.879865646362305,2024-07-22,0,0,0,0,0,0,0,1,0,0,0,10.906278252476746,1
26.772969818115236,26.850712966918945,27.068395328521728,26.953911514282225,26.708058077230316,26.835223743100986,26.955762907612517,27.08427566777049,45.11426527894344,30.535165156450088,34.845368311369135,-0.11403426155467145,-0.04815620968532602,-0.06587805186934542,13.003801201665377,-59.03521813947109,-67.90117702543725,53.210730940923604,-1.0556954647071293,0.8280384707452492,3.134917394148836,0.9232047661509348,27.59683262067027,26.772969818115236,25.9491070155602,-0.28182029724121094,-1.3456550626512895,-0.3657603630652808,42.85714285714286,64.28571428571429,21.42857142857143,-0.6000004015475597,-0.01735348235846257,1.0353817073405502,0.979459470456785,0.0442225392296719,0.012744265080713678,0.874940561103186,0.017822237553179257,0.9126518722931279,0.7150766026255927,3.469995244888255,0.7265625,-14727369.674338212,119787654.62623677,-111004236.2086366,-16506769.095145142,359362963.87871027,351639613.2011653,-7723350.677544975,351639613.2011653,17604696.397345163,23965102.83767632,987793835.9207153,901511893.7926517,15935089.706758235,18324028.0780969,17604696.397345163,17604696.397345163,17604696.397345163,17604696.397345163,18324028.0780969,17604696.397345163,0.031802032201655776,0.03066624533731093,24230119.772690117,22526439.476172842,33623517.598968014,22583707.09923866,33619291.184607536,33619291.184607536,1381381843.9783504,983288548.0254807,398093295.95286965,398093295.95286965,398093295.95286965,700136882.7443099,701234810.0465099,350163090.277517,350163090.277517,348307971.73242044,339335255.5040961,0.010032783968379502,601967.0381027701,26.413406372070312,2024-07-23,0,0,0,0,0,0,0,1,0,0,0,14.419588002280726,1
26.440615463256837,26.751589965820312,26.97607479095459,26.9426615524292,26.42519932199469,26.657816119177795,26.85135518417546,27.03624453615296,41.22681546401169,25.106779052145423,28.99513255022894,-0.18619460067950655,-0.07576388788416212,-0.11043071279534443,13.38915724245106,-140.68677492100593,-91.3580134894988,48.53475843432527,-3.6916340152865157,0.8223416560922122,3.1800391905987935,0.7482830656027311,27.11629115588397,26.440615463256837,25.764939770629702,-0.9912300109863281,-1.3501100989018289,-0.3661676920377275,35.714285714285715,57.142857142857146,21.42857142857143,-0.7272716013296875,-0.020971341323571036,1.029078567638776,0.9793890517346379,0.0442225392296719,0.012744265080713678,0.874940561103186,0.017822237553179257,0.9126518722931279,0.7150766026255927,3.469995244888255,0.7265625,-15042838.168035321,122353573.17137213,-113382009.0197418,-16860353.31944319,367060719.5141164,359171930.3463035,-7888789.167812868,359171930.3463035,17981798.838396978,24478448.741301693,1008952932.242184,920822782.6664706,16276428.23888449,18716539.00598739,17981798.838396978,17981798.838396978,17981798.838396978,17981798.838396978,18716539.00598739,17981798.838396978,0.032483249514523575,0.03132313346043345,24749142.487256058,23008968.406120867,34343752.14758719,23067462.73369575,34339435.201067775,34339435.201067775,1410971815.5195496,1004351138.5609598,406620676.95858973,406620676.95858973,406620676.95858973,715134206.276291,716255651.7952448,357663779.47598636,357663779.47598636,355768923.2543058,346604006.4269938,0.010247691811129462,614861.5086677676,25.85948181152344,2024-07-24,0,0,0,0,0,0,0,1,0,0,0,13.770093944334382,1
26.57083625793457,26.85945930480957,26.95809659957886,26.94800750732422,26.712806577211953,26.772398840717557,26.892942413077463,27.04611812640761,52.57622515685787,37.58334136997825,31.0750951928579,-0.12665105402755827,-0.08594132111284135,-0.040709732914716926,12.774403572106324,-2.7450771150868087,-24.50980494776927,56.274758027684,4.115685081021847,0.9579620384966457,3.510558847121102,2.7210270097542804,27.536422806821207,26.57083625793457,25.605249709047932,1.0786933898925817,-1.0984544561815153,-0.29770596822102746,100.0,50.0,-50.0,0.7642857045543405,0.05524237827095435,1.1086534414948759,1.0824980472470982,0.0442225392296719,0.012744265080713678,0.874940561103186,0.017822237553179257,0.9126518722931279,0.7150766026255927,3.469995244888255,0.7265625,-14255339.32088991,115948312.62543876,-107446413.59601341,-15977706.796678666,347844937.8763163,340369130.10906297,-7475807.767253321,340369130.10906297,17040444.175356835,23196991.74838898,956133825.761796,872617326.2442945,15424350.437435895,17736720.388973564,17040444.175356835,17040444.175356835,17040444.175356835,17040444.175356835,17736720.388973564,17040444.175356835,0.030782737865160732,0.029683354369976423,23453514.563931987,21804439.32115552,32545842.41002568,21859871.446304556,32541751.45745563,32541751.45745563,1337106852.9596663,951772937.8975649,385333915.0621013,385333915.0621013,385333915.0621013,677696632.548116,678759369.9267942,338939931.56532335,338939931.56532335,337144271.8565223,328459142.24456626,0.009711220874128089,582673.2524476853,27.288021087646484,2024-07-25,0,0,0,0,0,0,0,1,0,0,0,11.003110273155766,1
26.580553817749024,26.830305290222167,26.89784526824951,26.93393581390381,26.629202441855494,26.71596162806756,26.851899723369378,27.02321130463251,46.932632464143374,46.96429512152736,36.551471847883654,-0.14445069538571786,-0.09764319596741665,-0.046807499418301216,12.203560878214784,-7.757521267437996,-52.28761012044199,52.9421353327973,-1.0897257252795667,0.9658914424931092,3.6501082883104727,1.0689736944471342,27.54056923649548,26.580553817749024,25.62053839900257,-0.291540145874027,-1.0542288856032078,-0.28524699577918255,92.85714285714286,42.85714285714286,-50.0,-0.7727286914183095,-0.030270678619412905,1.0406954660073153,0.9697293310619943,0.0442225392296719,0.012744265080713678,0.874940561103186,0.017822237553179257,0.9126518722931279,0.7150766026255927,3.469995244888255,0.7265625,-14700328.232413173,119567708.29654314,-110800417.42271316,-16476460.43530114,358703124.8896294,350993955.3281582,-7709169.561471175,350993955.3281582,17572371.794529885,23921099.668682616,985980112.8840413,899856596.06741,15905830.727564793,18290382.685059063,17572371.794529885,17572371.794529885,17572371.794529885,17572371.794529885,18290382.685059063,17572371.794529885,0.03174363937076366,0.030609937964664963,24185629.996772315,22485077.88762426,33561780.274613865,22542240.359591305,33557561.62052159,33557561.62052159,1378845440.1441116,981483097.3065165,397362342.83759516,397362342.83759516,397362342.83759516,698851336.7661101,699947248.1253388,349520143.5002299,349520143.5002299,347668431.203602,338712190.09542227,0.010014362420538537,600861.7452323122,26.461994171142575,2024-07-26,0,0,0,0,0,0,0,1,0,0,0,12.47288936351974,1
26.318169021606444,26.69425392150879,26.78608856201172,26.908936195373535,26.2754488497868,26.507230725809716,26.729618003586523,26.96614190702533,41.71352049584818,51.309496667486435,45.28571105299733,-0.22807054936223992,-0.1237286666463813,-0.10434188271585862,11.974304333458146,-152.3691491336918,-82.35299396633422,52.59187776079474,-5.052327247552912,0.9739487470986224,3.809257545385926,1.078693706970295,27.49922072204516,26.318169021606444,25.13711732116773,-1.3605136871337855,-1.0124721887315038,-0.27328646488678743,85.71428571428572,35.714285714285715,-50.0,-0.819819231562307,-0.033786286086788686,1.0424474426976662,0.9665687042480693,0.0442225392296719,0.012744265080713678,0.874940561103186,0.017822237553179257,0.9126518722931279,0.7150766026255927,3.469995244888255,0.7265625,-15214365.125160713,123748717.88176991,-114674854.87653267,-17052604.61329067,371246153.64530975,363267412.0372563,-7978741.608053433,363267412.0372563,18186837.488945324,24757565.87204815,1020457584.7829516,931322525.347884,16462021.288380833,18929955.579891477,18186837.488945324,18186837.488945324,18186837.488945324,18186837.488945324,18929955.579891477,18186837.488945324,0.03285364191551413,0.03168029756138863,25031346.221344102,23271329.690155845,34735359.05290256,23330491.003169645,34730992.88211494,34730992.88211494,1427060514.9659097,1015803318.8449204,411257196.12098944,411257196.12098944,411257196.12098944,723288571.3614321,724422804.2370867,361742064.37689316,361742064.37689316,359825601.93182147,350556181.53423,0.010364541794775294,621872.5076865176,25.567941665649418,2024-07-29,0,0,0,0,0,0,0,1,0,0,0,16.597022073537662,1
26.29095878601074,26.53196430206299,26.73409757614136,26.894068832397462,26.276084297888467,26.465435174588276,26.686545355063217,26.93913066338088,46.77160622094682,38.92855998522549,45.73411725807974,-0.23439419280870055,-0.14586177187884514,-0.08853242092985542,11.626026305452024,-85.82450159240159,-58.49668809275019,54.276196837398786,-5.816779827023499,0.986983646544666,3.7560235391063235,1.1564373393432312,27.468242958969416,26.29095878601074,25.113674613052066,-1.6228961944580078,-0.9784881886177689,-0.2636307447384567,78.57142857142857,28.571428571428573,-50.0,0.6050427710717818,0.027746211944603916,1.04545456532414,1.027355669796786,0.0442225392296719,0.012744265080713678,0.874940561103186,0.017822237553179257,0.9126518722931279,0.7150766026255927,3.469995244888255,0.7265625,-14803620.726923948,120407855.98968476,-111578961.36591521,-16592232.99984278,361223567.9690543,353460229.59298104,-7763338.376073227,353460229.59298104,17695844.827813976,24089182.313991927,992908144.9516009,906179477.505175,16017593.737692261,18418900.853036482,17695844.827813976,17695844.827813976,17695844.827813976,17695844.827813976,18418900.853036482,17695844.827813976,0.03196668743088976,0.0308250200226437,24355571.375916008,22643070.263546914,33797603.58073187,22700634.39010483,33793355.28408346,33793355.28408346,1388533957.4891365,988379530.8988914,400154426.590245,400154426.590245,400154426.590245,703761846.0231481,704865457.8511192,351976061.9622612,351976061.9622612,350111338.5287926,341092166.0036487,0.010084728772840222,605083.7263704133,26.277355194091797,2024-07-30,0,0,0,0,0,0,0,1,0,0,0,14.342230205310308,1
26.355097198486327,26.397856330871583,26.66850128173828,26.8795756149292,26.244114156559434,26.41356948355429,26.63831949971447,26.90936765202874,46.18039318860631,35.47618341036431,41.90474668769206,-0.2444298114465191,-0.16557537979237993,-0.07885443165413916,10.810425569691743,-42.51523543583558,-61.76472176663847,48.9925792829344,-4.872887449448382,0.989369431386249,3.779078917319709,1.0203846343268275,27.46434190271998,26.355097198486327,25.245852494252674,-1.3410797119140625,-0.9970478448487566,-0.26805358055310435,71.42857142857143,21.42857142857143,-50.0,-0.05714239003673169,-0.003698291531724629,1.0392523079274971,0.9977777975576895,0.0442225392296719,0.012744265080713678,0.874940561103186,0.017822237553179257,0.9126518722931279,0.7150766026255927,3.469995244888255,0.7265625,-14858572.058140088,120854812.318651,-111993144.66443892,-16653823.694984777,362564436.955953,354772280.9151803,-7792156.040772694,354772280.9151803,17761532.151761286,24178601.832397625,996593839.5088253,909543233.5435264,16077051.36059425,18487272.17516659,17761532.151761286,17761532.151761286,17761532.151761286,17761532.151761286,18487272.17516659,17761532.151761286,0.03208534840318168,0.03093944310306805,24445979.73575747,22727121.785587024,33923060.94977259,22784899.591314584,33918796.88336349,33918796.88336349,1393688222.8415358,992048415.1517079,401639807.68982786,401639807.68982786,401639807.68982786,706374223.8333795,707481932.2901561,353282604.0250326,353282604.0250326,351410958.70151365,342358306.83061594,0.010122163484337079,607329.8090602247,26.180173873901367,2024-07-31,0,0,0,0,0,0,0,1,0,0,0,8.380381075234787,1
26.02079963684082,26.295817947387697,26.560632133483885,26.847242698669433,26.034920530845937,26.268653810075136,26.54100652635299,26.858668264867575,42.80113659942901,34.285729393823395,36.23015759647105,-0.2944697331705157,-0.19135425046800708,-0.10311548270250864,10.807460974916479,-124.53508698562234,-80.71894505903168,47.50653794473042,-3.830712955489479,0.9964437621793486,3.889846261827786,1.0884100624896433,26.744338245795063,26.02079963684082,25.297261027886577,-1.0203838348388672,-1.4102308968377286,-0.3780034505403975,64.28571428571429,14.285714285714286,-50.0,-0.5714285714285718,-0.021529291485886892,1.0430272340507225,0.9762963189019097,0.0442225392296719,0.012744265080713678,0.874940561103186,0.017822237553179257,0.9126518722931279,0.7150766026255927,3.469995244888255,0.7265625,-15185505.226522345,123513980.81418176,-114457329.88216843,-17020257.786025047,370541942.44254524,362578335.5885335,-7963606.854011718,362578335.5885335,18152339.15252671,24710603.62053636,1018521894.2549988,929555913.7633679,16430794.72967418,18894047.6340278,18152339.15252671,18152339.15252671,18152339.15252671,18152339.15252671,18894047.6340278,18152339.15252671,0.03279132234004825,0.03162020368504653,24983864.640036765,23227186.65753418,34669470.076715425,23286235.748349886,34665112.18805101,34665112.18805101,1424353545.501596,1013876456.923492,410477088.578104,410477088.578104,410477088.578104,721916576.2315623,723048657.598064,361055881.3370313,361055881.3370313,359143054.2005285,349891216.8260149,0.010344881452515223,620692.8871509134,25.616533279418945,2024-08-01,0,0,0,0,0,0,0,1,0,0,0,12.329982314058055,1
25.597096633911132,26.088825225830078,26.468797397613525,26.793890991210937,25.47110673939534,25.918622054878593,26.331718205414052,26.760033397872537,36.334075752059555,21.107305196878098,30.289739333688587,-0.4318731946614278,-0.23945803930669124,-0.19241515535473658,11.815207815510794,-226.08219253659206,-95.69620195733914,44.33019629873657,-7.836653805337745,1.0280020255856201,4.222905111373033,1.4382594498671502,26.97565105113059,25.597096633911132,24.218542216691674,-2.069927215576172,-1.933243941786801,-0.5157369955992088,100.0,7.142857142857143,-92.85714285714286,-0.8144329086046865,-0.04969658107280317,1.0389871886423825,0.9694272093319541,0.0442225392296719,0.012744265080713678,0.874940561103186,0.017822237553179257,0.9126518722931279,0.7150766026255927,3.469995244888255,0.7265625,-15979638.633380225,129973204.71983299,-120442931.80737999,-17910340.47340303,389919614.15949893,381539546.5985489,-8380067.560950041,381539546.5985489,19101624.58745965,26002856.69647733,1071785993.7879779,978167493.9281489,17290051.15884251,19882121.07597951,19101624.58745965,19101624.58745965,19101624.58745965,19101624.58745965,19882121.07597951,19101624.58745965,0.0345061605450884,0.03327379766847811,26290408.034353066,24441863.719437618,36482526.9342438,24504000.811275475,36477941.14766488,36477941.14766488,1498840809.2960007,1066897621.0440904,431943188.25191015,431943188.25191015,431943188.25191015,759669555.9051427,760860840.0191993,379937474.8589555,379937474.8589555,377924615.4938254,368188948.768604,0.010885872076724317,653152.324603459,24.34347915649414,2024-08-02,0,0,0,0,0,0,0,1,0,0,0,21.69864688489237,1
25.089819717407227,25.703994369506837,26.29144468307495,26.71603916168213,24.657923520640185,25.393701150924283,26.017417146148894,26.61381864043165,31.1162995906429,8.126613066748794,21.17321588581675,-0.6392585997484801,-0.31941815139504903,-0.31984044835343106,13.618640100683288,-262.2926026022787,-97.65623482709618,31.390359595461643,-14.316695677953362,1.0566117640491828,4.587669692654553,1.4285383640754965,27.566916271989363,25.089819717407227,22.61272316282509,-3.848308563232422,-2.4072480065828916,-0.6378965989137306,100.0,0.0,-100.0,-0.07865139643732857,-0.05389213534065751,1.0377438249587814,0.9970551243804727,0.0442225392296719,0.012744265080713678,0.874940561103186,0.017822237553179257,0.9126518722931279,0.7150766026255927,3.469995244888255,0.7265625,-16889869.781532664,137376730.04825026,-127303594.34306882,-18930548.135599595,412130190.1447508,403272777.71433264,-8857412.430418158,403272777.71433264,20189690.098747272,27484029.747326933,1132836998.637452,1033885807.8093979,18274925.940995112,21014645.178050924,20189690.098747272,20189690.098747272,20189690.098747272,20189690.098747272,21014645.178050924,20189690.098747272,0.036471698242898296,0.035169137591366216,27787960.56601775,25834119.58871963,38560642.287208736,25899796.129586592,38555795.28534963,38555795.28534963,1584217683.0817027,1127670174.719708,456547508.36199474,456547508.36199474,456547508.36199474,802941804.2927598,804200946.2559074,401579448.8673409,401579448.8673409,399451933.1365052,389161703.9894017,0.011505952421866725,690357.1453120036,23.031557083129883,2024-08-05,0,0,0,0,0,0,0,1,0,0,0,31.729874753719805,1
24.56505012512207,25.428004455566406,26.139358711242675,26.674382972717286,24.32311809131546,25.077302256695507,25.792282868674334,26.49772799698986,35.821651251622164,8.891690639860816,12.708536301162559,-0.7448407872497143,-0.4045026785659821,-0.34033810868373215,14.963593749656695,-168.00772328170393,-84.76950192355423,34.75606846035643,-10.44885729817352,1.0526359148553401,4.450231859914739,1.0009498753353867,26.922310670145848,24.56505012512207,22.207789580098293,-2.759899139404297,-2.68908717323818,-0.7082894031818086,92.85714285714286,0.0,-92.85714285714286,0.3023263034862425,0.027004259733341973,1.0360284320388213,1.0107973517319606,0.0442225392296719,0.012744265080713678,0.874940561103186,0.017822237553179257,0.9126518722931279,0.7150766026255927,3.469995244888255,0.7265625,-16445764.096361253,133764518.25420825,-123956247.63632698,-18432784.437052716,401293554.76262474,392669040.94345325,-8624513.819171455,392669040.94345325,19658818.264287874,26761359.056546718,1103049951.2549138,1006700603.2456405,17794401.306319926,20462081.80626953,19658818.264287874,19658818.264287874,19658818.264287874,19658818.264287874,20462081.80626953,19658818.264287874,0.035512703961294224,0.03424439310553372,27057298.25622417,25154831.97258341,37546720.884313434,25218781.601072796,37542001.33051103,37542001.33051103,1542561939.8044553,1098018984.860397,444542954.94405806,444542954.94405806,444542954.94405806,781829088.5193025,783055122.3465376,391020236.8309646,391020236.8309646,388948662.4332225,378929006.6727145,0.01120341255921782,672204.7535530692,23.653507232666016,2024-08-06,0,0,0,0,0,0,0,1,0,0,0,30.08492692268924,1
24.0558292388916,25.205463218688966,25.97852659225464,26.6286682510376,24.093435208459983,24.814896290523418,25.586738732871925,26.385427661529434,35.73948378756746,13.860480370226506,10.292928025612028,-0.8206242531514683,-0.48772699348307935,-0.3328972596683889,15.820394057428382,-114.1072341305922,-85.17034226209161,34.54599879273025,-8.605788719953134,1.029508115440415,4.356034063174297,0.7288467230463915,25.823860312967305,24.0558292388916,22.287798164815896,-2.2254123687744176,-3.1953690611486327,-0.837114517505352,85.71428571428572,35.714285714285715,-50.0,-0.40000152587889976,-0.0008217719987904104,1.0308769029119538,0.987814738660321,0.0442225392296719,0.012744265080713678,0.874940561103186,0.017822237553179257,0.9126518722931279,0.7150766026255927,3.469995244888255,0.7265625,-16459289.879904535,133874532.59644717,-124058195.18735243,-18447944.44122976,401623597.7893415,392991990.75720644,-8631607.032135027,392991990.75720644,19674986.617366605,26783368.879124857,1103957152.3305635,1007528562.0058786,17809036.27365506,20478910.80173212,19674986.617366605,19674986.617366605,19674986.617366605,19674986.617366605,20478910.80173212,19674986.617366605,0.03554191130879128,0.03427255733347731,27079551.473364785,25175520.510393824,37577601.10468298,25239522.73411853,37572877.66929364,37572877.66929364,1543830616.5760329,1098922048.2284846,444908568.347548,444908568.347548,444908568.347548,782472102.1827109,783699144.3588477,391341830.5892983,391341830.5892983,389268552.42961884,379240656.0246384,0.011212626781940108,672757.6069164064,23.634069442749023,2024-08-07,0,0,0,0,0,0,0,1,0,0,0,26.509969809682932,1
23.83425979614258,24.927529716491698,25.893494510650633,26.606626434326174,24.231852160864598,24.75922170418713,25.48406705028163,26.311829951888036,42.16756409597821,36.994846066416294,19.915672358834527,-0.8008769331186549,-0.5503569814101945,-0.2505199517084604,16.276664910147847,-69.09910556041545,-67.13425767013246,35.934376856664336,-10.185183502481554,1.0246917058574623,4.180932846059897,0.9620783812790741,24.90430071583313,23.83425979614258,22.764218876452027,-2.7793350219726562,-3.3780420722623066,-0.8810945290785561,78.57142857142857,28.571428571428573,-50.0,0.8461549747642657,0.03700660290617619,1.0317977479601752,1.026872958540872,0.0442225392296719,0.012744265080713678,0.874940561103186,0.017822237553179257,0.9126518722931279,0.7150766026255927,3.469995244888255,0.7265625,-15871923.894966463,129097087.92718223,-119631056.19547987,-17789611.35785444,387291263.78154665,378967684.1553946,-8323579.626152078,378967684.1553946,18972865.324317235,25827577.957618948,1064561353.0683032,971573912.0486926,17173503.258075535,19748100.68165493,18972865.324317235,18972865.324317235,18972865.324317235,18972865.324317235,19748100.68165493,18972865.324317235,0.03427356316650856,0.033049507339133255,26113190.984006517,24277107.24294356,36236607.36525015,24338825.484221235,36232052.490309045,36232052.490309045,1488737499.1147592,1059705931.6197145,429031567.4950446,429031567.4950446,429031567.4950446,754548813.8550508,755732067.8215137,377376411.5798067,377376411.5798067,375377120.3950937,365707079.3588288,0.0108124931418152,648749.5885089119,24.508686065673828,2024-08-08,0,0,0,0,0,0,0,1,0,0,0,22.11502138975424,1
23.888680267333985,24.74288845062256,25.786596870422365,26.606230010986327,24.359761944726788,24.733105305689683,25.401354141916826,26.245310405243455,42.91910738779662,62.867808481344355,37.907711639329044,-0.7677513113201826,-0.5938358473921921,-0.1739154639279905,16.571982912048057,-46.0735456774557,-64.92989147123254,38.02254773296069,-6.977602091322954,0.9785708465862514,3.9754122651592283,0.3789996760605092,25.07782644548382,23.888680267333985,22.69953408918415,-1.8464126586914027,-3.3252231399322913,-0.8632784745632094,71.42857142857143,21.42857142857143,-50.0,0.3333317031182712,0.004361533151589825,1.0155875052962848,1.005158696699636,0.0442225392296719,0.012744265080713678,0.874940561103186,0.017822237553179257,0.9126518722931279,0.7150766026255927,3.469995244888255,0.7265625,-15802998.59270983,128536471.84404603,-119111547.23348387,-17712358.31984958,385609415.5321381,377321981.82285064,-8287433.709287418,377321981.82285064,18890473.89616985,25715419.30381831,1059938396.6128334,967354762.1840783,17098925.72666213,19662342.722034853,18890473.89616985,18890473.89616985,18890473.89616985,18890473.89616985,19662342.722034853,18890473.89616985,0.034124727038242306,0.032905986786876514,25999792.029136997,24171681.652088303,36079246.53540161,24233131.876176443,36074711.44042759,36074711.44042759,1482272518.3861275,1055104060.2824157,427168458.1037117,427168458.1037117,427168458.1037117,751272115.6169226,752450231.1932429,375737619.49607515,375737619.49607515,373747010.41884434,364118962.4330545,0.010765538887064538,645932.3332238722,24.615581512451172,2024-08-09,0,0,0,0,0,0,0,1,0,0,0,18.80427756702605,1
24.215203094482423,24.652511405944825,25.673382663726805,26.595216789245605,24.461231702775216,24.72057183535921,25.331146244483993,26.18330494695438,43.27992610415481,81.12500704219154,60.32922052998405,-0.7291727841986848,-0.6209032347534906,-0.10826954944519418,16.262198336063353,-24.118589372851755,-63.92788895683357,37.16765223242112,-3.534779837172286,0.9482390034294798,3.8446011220678034,0.5539250423914481,25.153808899294127,24.215203094482423,23.27659728967072,-0.9037704467773473,-3.9517293181216897,-1.023624835870205,64.28571428571429,14.285714285714286,-50.0,0.14035034884304254,0.001973941033906579,1.022529708275164,1.0031620524157512,0.0442225392296719,0.012744265080713678,0.874940561103186,0.017822237553179257,0.9126518722931279,0.7150766026255927,3.469995244888255,0.7265625,-15771865.859508477,128283248.2763106,-118876891.25984281,-17677464.04818945,384849744.8289318,376578637.79721016,-8271107.031721669,376578637.79721016,18853258.675247923,25664758.583724592,1057850262.5718141,965449022.7419431,17065239.949272797,19623606.879182786,18853258.675247923,18853258.675247923,18853258.675247923,18853258.675247923,19623606.879182786,18853258.675247923,0.034057499542383345,0.03284116027301252,25948571.07991112,24124062.17585487,36008168.53397658,24185391.339789744,36003642.37337668,36003642.37337668,1479352364.0511203,1053025450.1366432,426326913.9144772,426326913.9144772,426326913.9144772,749792070.2824943,750967864.9095528,374997396.74702805,374997396.74702805,373010709.27372235,363401629.04569274,0.010744330212775698,644659.8127665418,24.66417121887207,2024-08-12,0,0,0,0,0,0,0,1,0,0,0,21.424478868009114,1
24.42511100769043,24.49508056640625,25.51352243423462,26.57088161468506,24.541836734752163,24.717385465058637,25.271327249648,26.125255607807386,43.587177186159636,80.88246884234927,74.95842812196172,-0.6875365952227348,-0.6342299068473395,-0.05330668837539532,15.974541229791841,-20.354388830918644,-63.126208279758806,40.11791186632499,-5.991121951800194,0.9110498337219409,3.6880059417191475,0.4275906275239372,25.22681352082881,24.42511100769043,23.62340849455205,-1.5743083953857422,-4.250952292258664,-1.098066684527275,57.142857142857146,7.142857142857143,-50.0,-0.4545466367849076,0.0015761964790546035,1.0173775884423713,0.9921935692276332,0.0442225392296719,0.012744265080713678,0.874940561103186,0.017822237553179257,0.9126518722931279,0.7150766026255927,3.469995244888255,0.7265625,-15747045.421958875,128081366.87680689,-118689812.79481599,-17649644.74029324,384244100.6304206,375986009.9721183,-8258090.65830234,375986009.9721183,18823589.0005421,25624369.54267344,1056185506.6949332,963929680.1739967,17038384.10823262,19592724.895187907,18823589.0005421,18823589.0005421,18823589.0005421,18823589.0005421,19592724.895187907,18823589.0005421,0.034003902710656696,0.03278947761384753,25907735.398595575,24086097.753381826,35951501.90325993,24147330.40263055,35946982.86555136,35946982.86555136,1477024283.57587,1051368287.1442567,425655996.43161327,425655996.43161327,425655996.43161327,748612110.5097313,749786054.7699801,374407257.3462664,374407257.3462664,372423696.35481143,362829738.090019,0.010727421688480981,643645.3013088589,24.703046798706055,2024-08-13,0,0,0,0,0,0,0,1,0,0,0,24.24147267450107,1
24.63113136291504,24.34348030090332,25.37066831588745,26.52935173034668,24.582614896125467,24.70771014757017,25.21350286576458,26.067958180790313,43.334379034645984,70.15055042036956,77.38600876830344,-0.6501816604252255,-0.6374202575629166,-0.012761402862308868,15.864384473171194,-19.532663626840694,-60.43958962412297,43.76415219531833,-5.790651591281359,0.8799876753065111,3.5678785534588675,0.4761796159059237,24.765562736444164,24.63113136291504,24.496699989385913,-1.5160026550292969,-4.2529614788254735,-1.095263371100792,50.0,0.0,-50.0,-0.24489978629900794,-0.0015737159934465783,1.01946761103031,0.995294084735945,0.0442225392296719,0.012744265080713678,0.874940561103186,0.017822237553179257,0.9126518722931279,0.7150766026255927,3.469995244888255,0.7265625,-15771865.859508477,128283248.2763106,-118876891.25984281,-17677464.04818945,384849744.8289318,376578637.79721016,-8271107.031721669,376578637.79721016,18853258.675247923,25664758.583724592,1057850262.5718141,965449022.7419431,17065239.949272797,19623606.879182786,18853258.675247923,18853258.675247923,18853258.675247923,18853258.675247923,19623606.879182786,18853258.675247923,0.034057499542383345,0.03284116027301252,25948571.07991112,24124062.17585487,36008168.53397658,24185391.339789744,36003642.37337668,36003642.37337668,1479352364.0511203,1053025450.1366432,426326913.9144772,426326913.9144772,426326913.9144772,749792070.2824943,750967864.9095528,374997396.74702805,374997396.74702805,373010709.27372235,363401629.04569274,0.010744330212775698,644659.8127665418,24.66417121887207,2024-08-14,0,0,0,0,0,0,0,1,0,0,0,23.921948346505552,1
24.88768539428711,24.360972595214843,25.328395271301268,26.5082430267334,24.985562004928372,24.90475488847272,25.268546042599777,26.057114966741054,52.02365926787172,78.09942683088921,76.37748203120266,-0.5235796267683739,-0.6146521314040081,0.09107250463563421,14.827595486456724,60.17004818741182,-29.85778491366704,51.401181660978956,0.6828517395668587,0.8983457933972218,3.483113887196221,1.13700132857646,25.793158007546264,24.88768539428711,23.982212781027958,0.17492294311523438,-4.258731743528354,-1.0950143520648652,42.85714285714286,0.0,-42.85714285714286,0.974027807709177,0.04570536725756891,1.0298680577931056,1.0290810381301092,0.0442225392296719,0.012744265080713678,0.874940561103186,0.017822237553179257,0.9126518722931279,0.7150766026255927,3.469995244888255,0.7265625,-15082514.01718558,122676283.677057,-113681056.80819568,-16904822.90872214,368028851.031171,360119254.9913102,-7909596.039860818,360119254.9913102,18029226.267329805,24543011.241332833,1011614069.9804343,923251475.0057147,16319357.711654011,18765904.32986586,18029226.267329805,18029226.267329805,18029226.267329805,18029226.267329805,18765904.32986586,18029226.267329805,0.03256892487001513,0.03140574898180031,24814418.94858296,23069655.11626072,34434334.62372902,23128303.724037986,34430006.291158855,34430006.291158855,1414693287.7764788,1007000138.9571822,407693148.8192966,407693148.8192966,407693148.8192966,717020390.025226,718144793.3838336,358607126.3366309,358607126.3366309,356707272.38588005,347518182.8689829,0.010274720345897631,616483.2207538579,25.79145622253418,2024-08-15,0,0,0,0,0,0,0,1,0,0,0,20.476904894790778,1
25.082045364379884,24.485362815856934,25.287094020843504,26.47030532836914,25.186168457590593,25.02886879291678,25.29891131120123,26.03869404110082,50.513536057457195,80.92639043880571,76.3921225633548,-0.43470275584708773,-0.578662256292624,0.1439595004455363,13.94623123763434,69.61391579532513,-34.83403588289755,55.93066014559046,5.109796337755856,0.8668028922249155,3.387618607511015,0.4567451769849349,26.082647484239715,25.082045364379884,24.081443244520052,1.2439022064208984,-4.36188025405967,-1.1204927151019746,35.714285714285715,14.285714285714286,-21.42857142857143,-0.17021216154795504,-0.007912498536660317,1.0179732783005502,0.9969708472484563,0.0442225392296719,0.012744265080713678,0.874940561103186,0.017822237553179257,0.9126518722931279,0.7150766026255927,3.469995244888255,0.7265625,-15202806.198988205,123654701.32030508,-114587732.07052292,-17039649.107349247,370964103.96091527,362991424.1033482,-7972679.857567078,362991424.1033482,18173020.26357202,24738756.616862554,1019682304.7244247,930614964.550918,16449514.470833253,18915573.77971797,18173020.26357202,18173020.26357202,18173020.26357202,18173020.26357202,18915573.77971797,18173020.26357202,0.03282868176645268,0.031656228846222226,25012328.964916326,23253649.584570646,34708969.292464636,23312765.950506877,34704606.438821405,34704606.438821405,1425976323.3482842,1015031574.8075106,410944748.5407737,410944748.5407737,410944748.5407737,722739061.7940588,723872432.9502815,361467235.30704856,361467235.30704856,359552228.87067217,350289850.8008516,0.010356667462035667,621400.04772214,25.58738136291504,2024-08-16,0,0,0,0,0,0,0,1,0,0,0,24.76223722167396,1
25.34443054199219,24.779816818237304,25.24190559387207,26.45192367553711,25.449478007371592,25.201092122738018,25.363405196509074,26.03623925936877,53.29456927157563,90.1915353747399,83.07245088147825,-0.32910733886913235,-0.5287512728079257,0.19964393393879332,13.435307897827203,99.03743413360871,-25.355420528034575,52.53386775666288,12.784806572893515,0.8430658799116163,3.2455448424027615,0.5344847198387264,26.451493525768942,25.34443054199219,24.237367558215436,2.944540023803711,-4.133647663560407,-1.06062763165205,28.571428571428573,7.142857142857143,-21.42857142857143,0.7000007629394481,0.015191696973803515,1.0189537534460433,1.0132676418727966,0.0442225392296719,0.012744265080713678,0.874940561103186,0.017822237553179257,0.9126518722931279,0.7150766026255927,3.469995244888255,0.7265625,-14975305.889820041,121804287.49457741,-112872999.66311662,-16784661.614297014,365412862.4837322,357559488.700896,-7853373.782836217,357559488.700896,17901072.593229614,24368556.884977087,1004423408.6665674,916688904.4945883,16203357.966645902,18632514.269082006,17901072.593229614,17901072.593229614,17901072.593229614,17901072.593229614,18632514.269082006,17901072.593229614,0.032337421458737366,0.03118251354949675,24638035.39713323,22905673.5332723,34189571.67984036,22963905.26045491,34185274.11352236,34185274.11352236,1404637496.1487503,999842273.9599129,404795222.1888374,404795222.1888374,404795222.1888374,711923732.1862264,713040143.1651589,356058108.4188832,356058108.4188832,354171758.8337902,345047986.3507893,0.01020168653162548,612101.1918975287,25.976097106933594,2024-08-19,0,0,0,0,0,0,0,1,0,0,0,20.561554057447577,1
25.558225250244142,24.991668128967284,25.209836292266846,26.431391983032228,25.556992118236334,25.30489725314307,25.402320924457335,26.025877733117674,51.65335821791051,83.39183580892696,84.83658720749082,-0.25890500397079563,-0.47478201904049966,0.21587701506970403,12.960879082292005,105.10343996348576,-17.647039550447637,49.229744265397585,8.95644390686423,0.8106125836063229,3.1453202849963215,0.38871973163750795,26.485545952205474,25.558225250244142,24.63090454828281,2.1185131072998047,-3.5024095862490543,-0.8971042633056641,21.42857142857143,0.0,-21.42857142857143,-0.6749985694939874,-0.007856329075444535,1.0151172161647442,0.989921595799305,0.0442225392296719,0.012744265080713678,0.874940561103186,0.017822237553179257,0.9126518722931279,0.7150766026255927,3.469995244888255,0.7265625,-15093888.444467831,122768799.58430904,-113766788.99532051,-16917571.62413361,368306398.7529271,360390837.717782,-7915561.035145083,360390837.717782,18042822.947757177,24561520.270817835,1012376975.3331882,923947742.004288,16331664.900453754,18780056.573579513,18042822.947757177,18042822.947757177,18042822.947757177,18042822.947757177,18780056.573579513,18042822.947757177,0.032593486615303285,0.0314294335218996,24833132.659278695,23087053.01917316,34460303.16151682,23145745.856600977,34455971.56474919,34455971.56474919,1415760173.9673464,1007759564.7293535,408000609.23799294,408000609.23799294,408000609.23799294,717561128.543814,718686379.8674375,358877568.69635725,358877568.69635725,356976281.97713125,347780262.5392421,0.010282468991732584,616948.139503955,25.77202033996582,2024-08-20,0,0,0,0,0,0,0,1,0,0,0,22.844071263971234,1
25.791456604003905,25.211293983459473,25.20837860107422,26.374363479614257,25.64810407471452,25.400430113966312,25.443083501906244,26.018209115649174,52.10716259789516,80.96760935305049,84.85032684557241,-0.19630136793470498,-0.4190858888193407,0.22278452088463574,12.460723313792906,101.15918285158362,-9.090891389378188,52.540210228916884,9.292765049379547,0.7763124465810504,3.005430077974979,0.33041066525250784,26.040659448574996,25.791456604003905,25.542253759432814,2.196258544921875,-2.2881411494351918,-0.5842609160985717,14.285714285714286,0.0,-14.285714285714286,-0.4411751506243861,0.002262439922672943,1.0128690443454225,0.9943883418967793,0.0442225392296719,0.012744265080713678,0.874940561103186,0.017822237553179257,0.9126518722931279,0.7150766026255927,3.469995244888255,0.7265625,-15059816.514357619,122491669.54094474,-113509979.48610936,-16879383.034087203,367475008.62283427,359577315.6435824,-7897692.97925181,359577315.6435824,18002094.290941626,24506076.74444312,1010091703.537544,921862084.4212947,16294798.896897485,18737663.73508763,18002094.290941626,18002094.290941626,18002094.290941626,18002094.290941626,18737663.73508763,18002094.290941626,0.03251991226750745,0.03135848682938219,24777076.013339013,23034937.856151115,34382514.78741987,23093498.20430937,34378192.96850788,34378192.96850788,1412564332.0292196,1005484715.9663138,407079616.06290585,407079616.06290585,407079616.06290585,715941354.2416849,717064065.4985393,358067462.5740196,358067462.5740196,356170467.6917483,346995206.7305587,0.010259258036773185,615555.482206391,25.8303279876709,2024-08-21,0,0,0,0,0,0,0,1,0,0,0,22.718168413275187,1
25.867256546020506,25.37747097015381,25.152500343322753,26.35600616455078,25.822221360682075,25.540434808266472,25.51235706673586,26.024179579059684,54.77397384064936,75.55821840788475,79.97255452328737,-0.11788316895989226,-0.358845344847451,0.24096217588755875,12.553631510940049,104.79177013029094,-7.202222228713873,56.37631571648266,6.780330297962345,0.7645924338956368,2.9215862186898223,0.6122322689852595,26.25972555852301,25.867256546020506,25.474787533518004,1.6617698669433594,-1.2658229427210836,-0.3225614352103996,7.142857142857143,100.0,92.85714285714286,0.2857142857142857,0.013167774915929575,1.0237199202102047,1.0067289833710573,0.0442225392296719,0.012744265080713678,0.874940561103186,0.017822237553179257,0.9126518722931279,0.7150766026255927,3.469995244888255,0.7265625,-14864089.529108096,120899689.6403548,-112034731.3607839,-16660007.801262544,362699068.9210644,354904019.39937276,-7795049.521691649,354904019.39937276,17768127.586208906,24187580.133484382,996963907.2081217,909880976.5221645,16083021.292549094,18494137.10048411,17768127.586208906,17768127.586208906,17768127.586208906,17768127.586208906,18494137.10048411,17768127.586208906,0.03209726273637738,0.030950931924363906,24455057.322954196,22735561.104933977,33935657.685394555,22793360.36543959,33931392.03559895,33931392.03559895,1394205744.597859,992416794.9871349,401788949.610724,401788949.610724,401788949.610724,706636523.5521749,707744643.3371212,353413789.34375525,353413789.34375525,351541449.01746655,342485435.6025601,0.010125922172785722,607555.3303671433,26.170455932617188,2024-08-22,0,0,0,0,0,0,0,1,0,0,0,21.795739274575872,1
26.226820755004884,25.654433059692384,25.19866075515747,26.354411163330077,26.34321504306702,25.87584709909746,25.690723289697864,26.077553023325457,62.75135290536424,79.54544169174945,78.69042315089486,0.041801841581605714,-0.27871590756163966,0.3205177491432454,13.844634703366705,154.8222807493484,-4.008916014835607,64.99618525690704,11.2514948874346,0.8092408309904398,2.9550295774292206,1.3896699932228778,27.417429784566448,26.226820755004884,25.03621172544332,2.7696208953857386,-0.15188360701841278,-0.03874722505226913,0.0,100.0,100.0,0.7803037308903799,0.04641671044430451,1.0488165551084072,1.037937410722559,0.0442225392296719,0.012744265080713678,0.874940561103186,0.017822237553179257,0.9126518722931279,0.7150766026255927,3.469995244888255,0.7265625,-14204751.683291508,115536849.1669263,-107065120.65658277,-15921007.028059376,346610547.5007789,339161268.98306304,-7449278.517715855,339161268.98306304,16979973.091852315,23114673.047618315,952740812.7731587,869520686.5874997,15369614.353463741,17673778.443992518,16979973.091852315,16979973.091852315,16979973.091852315,16979973.091852315,17673778.443992518,16979973.091852315,0.03067349977882999,0.029578017643871777,23370285.54577523,21727062.34333791,32430347.6298516,21782297.75761285,32426271.19476313,32426271.19476313,1332361888.607345,948395400.304491,383966488.302854,383966488.302854,383966488.302854,675291704.0594083,676350670.1232013,337737142.20761734,337737142.20761734,335947854.72051895,327293545.8543491,0.009676758858797556,580605.5315278533,27.38520240783691,2024-08-23,0,0,0,0,0,0,0,1,0,0,0,15.429176737023889,1
26.51252861022949,25.92847957611084,25.290495491027833,26.353784294128417,26.697022156396894,26.15380878709004,25.853953108112986,26.1295955080208,62.86420903661725,85.73035108185839,80.27800372716416,0.1679850946834236,-0.189375707112627,0.35736080179605056,15.052325530931,157.07103731087227,-4.166669650873349,59.7966727652136,11.111117985134932,0.7785094531030019,2.840794682407565,0.3790015405663105,27.979001859869893,26.51252861022949,25.04605536058909,2.7404651641845703,0.6436889811642887,0.16445773687118148,0.0,100.0,100.0,0.0,0.0007096524221479328,1.0139385741021316,1.0,0.0442225392296719,0.012744265080713678,0.874940561103186,0.017822237553179257,0.9126518722931279,0.7150766026255927,3.469995244888255,0.7265625,-14194678.395386612,115454916.30592093,-106989195.51484202,-15909716.659096563,346364748.91776276,338920753.04974514,-7443995.868017658,338920753.04974514,16967931.757981427,23098281.296348907,952065177.4139643,868904066.7119435,15358715.00415996,17661245.09863013,16967931.757981427,16967931.757981427,16967931.757981427,16967931.757981427,17661245.09863013,16967931.757981427,0.030651747691837414,0.029557042417128938,23353712.52711422,21711654.6150515,32407349.675658874,21766850.859178104,32403276.13137098,32403276.13137098,1331417045.2762759,947722846.4909539,383694198.7853219,383694198.7853219,383694198.7853219,674812821.5061301,675871036.6050149,337497636.1926241,337497636.1926241,335709617.57726693,327061445.9070699,0.009669896593258231,580193.7955954939,27.40463638305664,2024-08-26,0,0,0,0,0,0,0,1,0,0,0,15.454336402995494,1
27.01591911315918,26.28707218170166,25.391076374053956,26.371423645019533,27.227672389136014,26.542020435730805,26.085859750636917,26.21427697259309,67.66514725959868,91.22924483099523,85.50167920153433,0.33547761726997294,-0.08440504223610701,0.41988265950607995,16.969010876525545,176.63688487014346,-5.17598316349067,66.65456779674884,14.516128658656102,0.8179988420205208,2.891581982224907,1.3313608979482652,28.811150887113428,27.01591911315918,25.22068733920493,3.5859260559081996,1.6262544055075328,0.4163772509648247,0.0,100.0,100.0,0.5912415161323997,0.032269593334373514,1.0489460825450612,1.0286219574250117,0.0442225392296719,0.012744265080713678,0.874940561103186,0.017822237553179257,0.9126518722931279,0.7150766026255927,3.469995244888255,0.7265625,-13750941.117558097,111845701.01787613,-103644625.59557928,-15412365.879833754,335537103.05362844,328325812.5960915,-7211290.457536894,328325812.5960915,16437500.30762086,22376210.096180655,922302839.8411524,841741413.6022967,14878588.988123914,17109140.10513655,16437500.30762086,16437500.30762086,16437500.30762086,16437500.30762086,17109140.10513655,16437500.30762086,0.029693548942798974,0.028633065051984728,22623656.33737065,21032930.501149274,31394269.370057344,21086401.26545641,31390323.168101773,31390323.168101773,1289795857.4713168,918096253.7409226,371699603.7303943,371699603.7303943,371699603.7303943,653717619.7609303,654742754.1887174,326947183.538033,326947183.538033,325215059.8497031,316837237.1122705,0.009367607702192535,562056.462131552,28.288972854614254,2024-08-27,0,0,0,0,0,0,0,1,0,0,0,9.805941637058101,1
27.42407341003418,26.607765007019044,25.47562265396118,26.373172874450685,27.44214808343931,26.783671169606276,26.255882581247295,26.279250403944182,63.488386638434534,86.16430550344664,87.70796713876673,0.4295462170714188,0.018385209625398163,0.4111610074460207,18.74879012600619,138.2703807452511,-15.66822059589784,61.82180996083988,13.0023758946338,0.8310667950469162,2.981822787007229,1.0009501843900566,28.84430687869196,27.42407341003418,26.0038399413764,3.206928253173828,2.445705321329609,0.6275561528328133,0.0,92.85714285714286,92.85714285714286,-0.2718432938222318,-0.014771599687126713,1.0364472993030214,0.990331533558404,0.0442225392296719,0.012744265080713678,0.874940561103186,0.017822237553179257,0.9126518722931279,0.7150766026255927,3.469995244888255,0.7265625,-13957109.958656581,113522611.59174658,-105198576.86061978,-15643444.580910718,340567834.77523977,333248424.92545587,-7319409.849783914,333248424.92545587,16683948.92230157,22711698.21035891,936130992.1113338,854361702.6620321,15101664.734186517,17365658.663212817,16683948.92230157,16683948.92230157,16683948.92230157,16683948.92230157,17365658.663212817,16683948.92230157,0.030138746440286704,0.029062362638847896,22962854.430694632,21348278.728536416,31864965.890231796,21402551.183827143,31860960.522588804,31860960.522588804,1309133858.76993,931861336.3656266,377272522.40430325,377272522.40430325,377272522.40430325,663518854.666931,664559359.0083219,331849125.9835854,331849125.9835854,330091032.44123536,321587600.4098687,0.009508056912709497,570483.4147625698,27.8710994720459,2024-08-28,0,0,0,0,0,0,0,1,0,0,0,11.522429144998835,1
27.775862884521484,26.821559715270997,25.59126615524292,26.3791979598999,27.60456649064411,26.991986103323992,26.415265507324097,26.343962282419067,63.82391803551315,80.16216789878612,85.85190607774264,0.5030025914341856,0.11530868598715566,0.3876939054470299,20.401442286238222,114.46518734206826,-14.797252147831317,61.09869137060182,8.289361655553162,0.8001645967541672,2.864954141749891,0.3984360189484306,28.460757757146034,27.775862884521484,27.090968011896933,2.1379470825195312,3.173405145447502,0.8168068298926734,0.0,85.71428571428572,85.71428571428572,-0.34146205305223515,0.0020919100470466745,1.014310640588872,0.9951523755638252,0.0442225392296719,0.012744265080713678,0.874940561103186,0.017822237553179257,0.9126518722931279,0.7150766026255927,3.469995244888255,0.7265625,-13927973.89014079,113285628.24782896,-104978970.29792494,-15610788.216198932,339856884.7434869,332552754.4771919,-7304130.266294913,332552754.4771919,16649120.459936935,22664286.56159157,934176778.3230422,852578185.7892866,15070139.358252594,17329407.10238597,16649120.459936935,16649120.459936935,16649120.459936935,16649120.459936935,17329407.10238597,16649120.459936935,0.03007583050827317,0.029001693704406275,22914918.482493848,21303713.276693497,31798446.40072564,21357872.43589495,31794449.394460212,31794449.394460212,1306400985.4230516,929916035.6677034,376484949.75534815,376484949.75534815,376484949.75534815,662133730.4636855,663172062.7074234,331156376.63216496,331156376.63216496,329401953.1858491,320916272.4353005,0.009488208434157609,569292.5060494565,27.92940330505371,2024-08-29,0,0,0,0,0,0,0,1,0,0,0,11.919749511218667,1
27.919688034057618,27.07325439453125,25.779308605194093,26.39591281890869,27.7711537122686,27.194230112813734,26.576128616675856,26.412996238226853,64.86708870620053,70.97848407723045,79.10165249315439,0.5687757777504601,0.20600210433981656,0.3627736734106435,22.240349956827124,106.73647218734475,-12.383192497495845,59.021719866596754,9.836672056838381,0.7922940665183544,2.8191176182335016,0.6899771734527889,28.511766874210224,27.919688034057618,27.327609193905012,2.5169467926025355,4.160140896681318,1.0720901489257812,14.285714285714286,100.0,85.71428571428572,-0.016393801435835305,0.0062631073264716175,1.0211511999696306,0.999654330149452,0.0442225392296719,0.012744265080713678,0.874940561103186,0.017822237553179257,0.9126518722931279,0.7150766026255927,3.469995244888255,0.7265625,-13841284.440155873,112580524.34101075,-104325568.06821856,-15513624.71955774,337741573.02303225,330482904.5762667,-7258668.446765548,330482904.5762667,16545494.253656764,22523221.209816627,928362345.3164701,847271632.6195158,14976340.9276648,17221546.707031984,16545494.253656764,16545494.253656764,16545494.253656764,16545494.253656764,17221546.707031984,16545494.253656764,0.02988863478079931,0.02882118353862791,22772293.166323286,21171116.30306618,31600528.896672513,21224938.36889283,31596556.76827356,31596556.76827356,1298269782.436934,924128122.0558568,374141660.3810771,374141660.3810771,374141660.3810771,658012527.3825258,659044396.9166249,329095217.96144384,329095217.96144384,327351714.2658972,318918849.4527432,0.009429152639180736,565749.1583508442,28.104328155517575,2024-08-30,0,0,0,0,0,0,0,1,0,0,0,12.823485034912693,1
28.18790397644043,27.35021629333496,26.065016555786134,26.419624633789063,28.096007839835966,27.47631847320591,26.78275599556108,26.50447544829524,68.45853711666075,73.78273434862413,74.97446210821354,0.664990551057187,0.2977997936832906,0.36719075737389634,24.255928051393855,114.68861710938013,-6.36940863782176,60.74594158732241,10.66218291622354,0.8023391975936549,2.791160933138245,0.9329259015725597,28.81753363690516,28.18790397644043,27.5582743159757,2.7696189880371094,4.758395320562241,1.2304430130200537,7.142857142857143,100.0,92.85714285714286,0.10447714455708702,0.02282167842276661,1.0229373535533626,1.002372066902111,0.0442225392296719,0.012744265080713678,0.874940561103186,0.017822237553179257,0.9126518722931279,0.7150766026255927,3.469995244888255,0.7265625,-13532451.190807479,110068574.72420274,-101997806.91888824,-15167477.427228948,330205724.1726082,323109014.55069375,-7096709.621914462,323109014.55069375,16176323.402893258,22020672.503293402,907648287.967501,828366909.397192,14642181.76403822,16837291.455914702,16176323.402893258,16176323.402893258,16176323.402893258,16176323.402893258,16837291.455914702,16176323.402893258,0.029221745502000723,0.028178111734072128,22264187.04914341,20698736.397250514,30895443.031088114,20751357.55982662,30891559.530686483,30891559.530686483,1269302176.3470244,903508540.688051,365793635.65897334,365793635.65897334,365793635.65897334,643330642.3434517,644339488.319116,321752290.65238655,321752290.65238655,320047688.8314365,311802982.0648006,0.009218764950035943,553125.8970021566,28.745716094970703,2024-09-03,0,0,0,0,0,0,0,1,0,0,0,8.707478199571444,1
28.300762557983397,27.658340835571288,26.325004482269286,26.442960815429686,28.348427147333677,27.726672525773765,26.979947401919937,26.596584872374997,69.03023472138928,75.51633773809505,73.42585205464985,0.7413737167015064,0.3865145782869338,0.3548591384145726,26.26599978472836,111.7466865934661,-9.1187936336691,54.562802408063035,11.955777551459779,0.787630926389996,2.7297808604332374,0.5964234007424309,29.13231434952397,28.300762557983397,27.469210766442824,3.0812454223632812,5.296349074304111,1.3762414272014922,0.0,100.0,100.0,0.21311695824148832,0.0037414154861570292,1.0208261756208945,1.0044248152426376,0.0442225392296719,0.012744265080713678,0.874940561103186,0.017822237553179257,0.9126518722931279,0.7150766026255927,3.469995244888255,0.7265625,-13482009.392083423,109658297.47185591,-101617613.20716862,-15110941.118119208,328974892.41556776,321904635.5621358,-7070256.853431923,321904635.5621358,16116026.651205119,21938591.11873729,904265056.6808447,825279197.0290244,14587603.478477925,16774530.965985544,16116026.651205119,16116026.651205119,16116026.651205119,16116026.651205119,16774530.965985544,16116026.651205119,0.02911282233766086,0.028073078682744404,22181197.97155113,20621582.489176445,30780281.210299626,20674007.50797535,30776412.185527194,30776412.185527194,1264570891.2312284,900140740.1830094,364430151.04821897,364430151.04821897,364430151.04821897,640932647.012336,641937732.545422,320552968.8107444,320552968.8107444,318854720.8410475,310640745.9672075,0.009184402285095391,551064.1371057235,28.8532657623291,2024-09-04,0,0,0,0,0,0,0,1,0,0,0,9.657746683985314,1
28.555860900878905,27.989967155456544,26.60063056945801,26.47177478790283,28.6144818270636,27.984839555000978,27.186294429025033,26.69658511998866,70.59562219489149,75.95782575377983,75.08563261349964,0.8161685530628269,0.47244537324211244,0.34372317982071443,28.522204669287706,119.01999507591732,-15.676331107964431,50.19193988298707,12.838641462220046,0.8019091216287261,2.7512964260448616,0.9875256597322171,29.480971859075094,28.555860900878905,27.630749942682716,3.3162631988525426,5.863535853053826,1.5300940366891709,0.0,100.0,100.0,0.02222062099059403,0.010166108287724684,1.030384861344709,1.0006713175495277,0.0442225392296719,0.012744265080713678,0.874940561103186,0.017822237553179257,0.9126518722931279,0.7150766026255927,3.469995244888255,0.7265625,-13346329.164552959,108554718.4489603,-100594954.01148914,-14958867.649730308,325664155.3468809,318665052.1346218,-6999103.212259134,318665052.1346218,15953838.204414204,21717805.555686433,895164715.2502602,816973753.3838947,14440796.774705244,16605715.464379515,15953838.204414204,15953838.204414204,15953838.204414204,15953838.204414204,16605715.464379515,15953838.204414204,0.028819836756361142,0.02779055687220539,21957970.861989442,20414051.03575581,30470514.658696614,20465948.459722817,30466684.57101035,30466684.57101035,1251844504.4397013,891081905.043109,360762599.39659214,360762599.39659214,360762599.39659214,634482429.9230793,635477400.4777632,317326988.2852193,317326988.2852193,315645831.1410982,307514520.05626774,0.009091972310042504,545518.3386025502,29.14659118652344,2024-09-05,0,0,0,0,0,0,0,1,0,0,0,8.554173204107922,1
28.77778854370117,28.27682571411133,26.827148342132567,26.49960391998291,28.756001724430746,28.176512639394442,27.36274653284789,26.78844615525048,69.21421009807396,66.51786586528065,72.66400978571848,0.8568879693052089,0.5493338924547317,0.3075540768504772,30.20631282260373,98.03933694977887,-19.067386955007002,43.36926414610103,10.961160149191862,0.8109768334844888,2.792712124982722,0.9288570876094049,29.506921098725567,28.77778854370117,28.048655988676774,2.8685855865478516,6.458261281431045,1.692389353727684,0.0,92.85714285714286,92.85714285714286,-0.1157882479074367,-0.003689956971988151,1.0322799471878954,0.9963100065423146,0.0442225392296719,0.012744265080713678,0.874940561103186,0.017822237553179257,0.9126518722931279,0.7150766026255927,3.469995244888255,0.7265625,-13395758.938643679,108956764.22074191,-100967519.81517549,-15014269.658736875,326870292.6622257,319845267.40905523,-7025025.253170464,319845267.40905523,16012925.209432676,21798240.12380835,898480068.0415225,819999516.3161525,14494280.04440906,16667216.777129926,16012925.209432676,16012925.209432676,16012925.209432676,16012925.209432676,16667216.777129926,16012925.209432676,0.02892657457187838,0.02789348262288273,22039294.911907338,20489656.988413855,30583365.963159237,20541746.62088336,30579521.690271433,30579521.690271433,1256480864.7668173,894382136.6438397,362098728.1229776,362098728.1229776,362098728.1229776,636832313.7592225,637830969.3099183,318502247.8753609,318502247.8753609,316814864.35866797,308653437.96160233,0.009125645549461632,547538.7329676979,29.03904151916504,2024-09-06,0,0,0,0,0,0,0,1,0,0,0,11.111086297829052,1
28.970597076416016,28.445142555236817,27.0497878074646,26.527630920410157,28.86012475598443,28.33866867206669,27.525186941061595,26.877854965597198,69.39011763745788,55.99223673988357,66.15597611964799,0.8813652000384984,0.6157401539714851,0.2656250460670133,31.65905180123388,85.11595024338145,-18.54128095411755,43.03971608768373,6.146269748852418,0.8068259467473906,2.7756146079486363,0.7528644191651139,29.26664621608795,28.970597076416016,28.674547936744084,1.6831684112548864,6.9461523379952625,1.8294632740509833,0.0,85.71428571428572,85.71428571428572,-0.22077918860942217,0.0010099954541338274,1.026208321298794,0.9943143786467278,0.0442225392296719,0.012744265080713678,0.874940561103186,0.017822237553179257,0.9126518722931279,0.7150766026255927,3.469995244888255,0.7265625,-13382242.93411411,108846829.41783303,-100865645.97126625,-14999120.61509962,326540488.2534991,319522551.08496624,-7017937.16853285,319522551.08496624,15996768.545920467,21776246.21412399,897573522.8636793,819172156.1622756,14479655.658017041,16650399.948872056,15996768.545920467,15996768.545920467,15996768.545920467,15996768.545920467,16650399.948872056,15996768.545920467,0.028897388341017616,0.027865338757409847,22017057.78363247,20468983.408220813,30552508.068897266,20521020.483480856,30548667.67479005,30548667.67479005,1255213105.2365592,893479726.1820352,361733379.0545241,361733379.0545241,361733379.0545241,636189764.9886177,637187412.9194385,318180886.62627614,318180886.62627614,316495205.63971674,308342013.9292154,0.00911643798853532,546986.2793121191,29.068370819091797,2024-09-09,0,0,0,0,0,0,0,1,0,0,0,10.931721490757534,1
28.941264343261718,28.564584159851073,27.246531867980956,26.543550453186036,28.773100647056026,28.386011173363514,27.62745984469375,26.945352905346297,63.17003924931298,48.91983692036113,57.14331317517509,0.8530599656638778,0.6632041163099636,0.1898558493539142,30.865512884969956,34.20711490371142,-29.80685840049715,48.518649030988335,4.358445153029078,0.8553507668734687,2.9908360390296287,1.4861734285124832,29.33392530568478,28.941264343261718,28.548603380838657,1.1944160461425781,7.049308765406313,1.8681704203287772,7.142857142857143,78.57142857142857,71.42857142857143,-0.3355263653224045,-0.016145328295603556,1.0538053259385372,0.9828628956666846,0.0442225392296719,0.012744265080713678,0.874940561103186,0.017822237553179257,0.9126518722931279,0.7150766026255927,3.469995244888255,0.7265625,-13601849.255775923,110633036.10610545,-102520879.22348331,-15245260.348376099,331899108.31831634,324766004.8525624,-7133103.465753955,324766004.8525624,16259279.958703866,22133600.459913004,912302953.5538551,832614998.6594763,14717270.827136468,16923637.63443585,16259279.958703866,16259279.958703866,16259279.958703866,16259279.958703866,16923637.63443585,16259279.958703866,0.029371602506045695,0.02832261670225835,22378363.814130053,20804885.108449034,31053883.208146114,20857776.126560375,31049979.792105448,31049979.792105448,1275811500.7596302,908141976.5321653,367669524.22746485,367669524.22746485,367669524.22746485,646629815.6479799,647643835.2583076,323402323.3076388,323402323.3076388,321688979.8281195,313401991.9781995,0.009266041266788226,555962.4760072936,28.59905242919922,2024-09-10,0,0,0,0,0,0,0,1,0,0,0,16.752144504453074,1
28.804380035400392,28.552571296691895,27.419821739196777,26.560583839416505,28.57168183904484,28.346526273301503,27.679020261677437,26.993332957019874,58.034562682319,38.97546003717896,47.962511232474526,0.7868434155538324,0.6879319761587374,0.09891143939509506,30.063745579744996,-2.4295168232303963,-41.488546053956604,50.29813451116796,-0.4246482620955172,0.8766642735977076,3.112176937956183,1.153739861012813,29.5462322106882,28.804380035400392,28.062527860112585,-0.12012863159179332,6.501674948150011,1.7358859380086251,0.0,71.42857142857143,71.42857142857143,-0.4915252319529302,-0.015042743365074607,1.0418291507788555,0.9802653985794114,0.0442225392296719,0.012744265080713678,0.874940561103186,0.017822237553179257,0.9126518722931279,0.7150766026255927,3.469995244888255,0.7265625,-13809583.272929225,112322677.31503358,-104086627.65097298,-15478093.334182885,336968031.9451008,329725988.2749785,-7242043.670122267,329725988.2749785,16507599.54219046,22471635.505820565,926236085.2801964,845331097.4164286,14942040.101737559,17182103.60950577,16507599.54219046,16507599.54219046,16507599.54219046,16507599.54219046,17182103.60950577,16507599.54219046,0.02982017981815051,0.02875517339607371,22720137.00430515,21122627.371189944,31528153.124370802,21176326.16649812,31524190.093473397,31524190.093473397,1295296310.7438781,922011559.8059584,373284750.9379198,373284750.9379198,373284750.9379198,656505458.7822112,657534964.9902188,328341479.92627865,328341479.92627865,326601969.43688655,318188418.7024798,0.009407556728345102,564453.4037007061,28.16884422302246,2024-09-11,0,0,0,0,0,0,0,1,0,0,0,20.930228463968827,1
28.620563888549803,28.588212394714354,27.5979887008667,26.575292053222658,28.456958043453394,28.32488703311405,27.7312574226863,27.041732074480684,58.5296721622263,33.480540219670026,40.458612392403346,0.7306774026662737,0.6964810614602446,0.0341963412060291,29.330873487954594,-14.64329383748836,-45.27319139744741,49.175797668424124,1.2787833525623293,0.8894714651210316,3.1510801018921812,1.0559649549242422,29.387197557128268,28.620563888549803,27.85393021997134,0.3564109802246094,6.059671594556624,1.6285355763557625,0.0,64.28571428571429,64.28571428571429,-0.39814669278086007,0.0020826636969399903,1.038135590937292,0.9853242863814393,0.0442225392296719,0.012744265080713678,0.874940561103186,0.017822237553179257,0.9126518722931279,0.7150766026255927,3.469995244888255,0.7265625,-13780882.329589587,112089233.13835849,-103870300.74641816,-15445924.667611979,336267699.4150755,329040707.1394038,-7226992.27567166,329040707.1394038,16473291.216604518,22424931.914216474,924311056.198771,843574216.0210469,14910985.53348138,17146393.43835825,16473291.216604518,16473291.216604518,16473291.216604518,16473291.216604518,17146393.43835825,16473291.216604518,0.029758203488059774,0.028695410506343357,22672916.94328364,21078727.470709007,31462627.053196747,21132314.66191943,31458672.25880605,31458672.25880605,1292604250.7962346,920095310.7046292,372508940.0916054,372508940.0916054,372508940.0916054,655141020.3627255,656168386.911718,327659076.26317245,327659076.26317245,325923181.0597023,317527116.5041426,0.009388004671828381,563280.2803097029,28.227510452270508,2024-09-12,0,0,0,0,0,0,0,1,0,0,0,18.392793735128144,1
28.421103286743165,28.59944591522217,27.71050281524658,26.580648498535155,28.31855153234621,28.273405483480918,27.760827050062066,27.08094801313367,56.265906647339506,26.87189130438721,33.1092971870787,0.6635264695191907,0.6898901430720338,-0.02636367355284308,28.65034940272065,-26.001514877968486,-67.89003791908893,45.77270046837231,0.40221126048116673,0.8734283014479306,3.1147437635949347,0.664867173697619,29.167106831108512,28.421103286743165,27.675099742377817,0.112335205078125,5.318666030215756,1.438406980954685,0.0,57.142857142857146,57.142857142857146,-0.4558813629682824,-0.006581237210160351,1.0237347404617754,0.9893066758057989,0.0442225392296719,0.012744265080713678,0.874940561103186,0.017822237553179257,0.9126518722931279,0.7150766026255927,3.469995244888255,0.7265625,-13872178.426435627,112831806.01861781,-104558424.54064077,-15548251.398267182,338495418.0558534,331220548.13556325,-7274869.92029015,331220548.13556325,16582424.083014311,22573493.42913561,930434466.128874,849162757.5585737,15009768.37965747,17259985.49715898,16582424.083014311,16582424.083014311,16582424.083014311,16582424.083014311,17259985.49715898,16582424.083014311,0.029955346730606496,0.028885512918799126,22823121.31855733,21218370.60084627,31671061.823756542,21272312.79845479,31667080.8294983,31667080.8294983,1301167543.0471897,926190792.0087047,374976751.03848493,374976751.03848493,374976751.03848493,659481222.7251261,660515395.4098732,329829764.1802137,329829764.1802137,328082368.95426166,319630681.8409834,0.009450198670965146,567011.9202579086,28.041738510131836,2024-09-13,0,0,0,0,0,0,0,1,0,0,0,18.20084781967994,1
28.188400268554688,28.57949867248535,27.826376533508302,26.61514213562012,28.18065293094728,28.20639643705701,27.774544067022767,27.113258119604875,54.590479147384364,25.265234146862298,28.539221890306482,0.5924343601487294,0.670398986487373,-0.07796462633864354,27.490339876370847,-80.90429649450832,-73.32449423378085,46.241542879798494,-0.70975696791028,0.8452616400151799,3.02908442978442,0.47909504138942083,28.655265919643664,28.188400268554688,27.72153461746571,-0.19947242736815696,4.822785275524597,1.310598092201431,0.0,50.0,50.0,-0.22448725384485838,-0.004881394280634943,1.017271757371277,0.9961606036835065,0.0442225392296719,0.012744265080713678,0.874940561103186,0.017822237553179257,0.9126518722931279,0.7150766026255927,3.469995244888255,0.7265625,-13940226.166716596,113385284.29689282,-105071319.07664025,-15624520.844957419,340155852.89067847,332845297.2659736,-7310555.624704847,332845297.2659736,16663766.49748899,22684224.070775334,934998562.7655597,853328188.8993716,15083396.384501325,17344651.580182087,16663766.49748899,16663766.49748899,16663766.49748899,16663766.49748899,17344651.580182087,16663766.49748899,0.030102287866431723,0.029027206156916306,22935076.469662264,21322453.905389138,31826419.12404173,21376660.707772784,31822418.601656392,31822418.601656392,1307550211.169636,930734071.9844818,376816139.18515426,376816139.18515426,376816139.18515426,662716201.8022879,663755447.4548196,331447691.0436036,331447691.0436036,329691724.25139505,321198578.7462233,0.009496555100719532,569793.3060431719,27.904855728149418,2024-09-16,0,0,0,0,0,0,0,1,0,0,0,17.168871663310235,1
28.03000602722168,28.485635185241698,27.91792573928833,26.639711532592774,28.056129028142912,28.133793670780133,27.77764284373814,27.14046686873936,53.36805152705614,22.230814165047857,24.789313205432425,0.5221843496795024,0.6407560591257988,-0.11857170944629636,26.066710917109003,-87.36395325523154,-85.5274072306025,45.48514577790289,-3.2653034954336912,0.8407569240797236,3.023535326672095,0.7821956169187914,28.344686512268428,28.03000602722168,27.715325542174934,-0.9386348724365234,4.31408836502639,1.1776545964754561,0.0,42.85714285714286,42.85714285714286,-0.38749970197649414,-0.003503852754795145,1.028388900936726,0.9892174098802649,0.0442225392296719,0.012744265080713678,0.874940561103186,0.017822237553179257,0.9126518722931279,0.7150766026255927,3.469995244888255,0.7265625,-13989242.412280362,113783966.56158115,-105440768.00207204,-15679459.361836087,341351899.6847434,334015638.8824164,-7336260.802326976,334015638.8824164,16722359.181774726,22763985.72486753,938286179.3799664,856328638.3578919,15136432.214212865,17405638.374148317,16722359.181774726,16722359.181774726,16722359.181774726,16722359.181774726,17405638.374148317,16722359.181774726,0.03020813271546402,0.02912927083276888,23015720.164163064,21397427.34012035,31938326.31669001,21451824.742993906,31934311.72777625,31934311.72777625,1312147783.79659,934006693.9119424,378141089.88464785,378141089.88464785,378141089.88464785,665046426.556043,666089326.3759817,332613118.43491274,332613118.43491274,330850977.359844,322327968.4865524,0.00952994663047377,571796.7978284261,27.80708122253418,2024-09-17,0,0,0,0,0,0,0,1,0,0,0,18.07314383185749,1
28.047605514526367,28.42599277496338,28.042166805267335,26.670943832397462,28.123033238610574,28.156166032373907,27.823280826196022,27.1842462723004,58.02438060930224,33.82729737140124,27.107781894437107,0.4970726743478018,0.6120193821701994,-0.11494670782239758,25.037984573521424,-47.74600601125405,-69.23086586334114,47.190285032686916,-2.067093921693597,0.8358756981027173,2.9581356195919253,0.7724197604016361,28.399070345539243,28.047605514526367,27.69614068351349,-0.5964241027832031,3.8350422684877836,1.0521844228108712,0.0,35.714285714285715,35.714285714285715,0.3924039325137334,0.016174313061208423,1.0278365376634495,1.0108429333434026,0.0442225392296719,0.012744265080713678,0.874940561103186,0.017822237553179257,0.9126518722931279,0.7150766026255927,3.469995244888255,0.7265625,-13766577.478363922,111972882.11193688,-103762481.14797692,-15429891.466752365,335918646.33581066,328699155.8330183,-7219490.502792391,328699155.8330183,16456191.587247362,22401654.35425286,923351601.5115504,842698567.9043746,14895507.610908419,17128595.11446822,16456191.587247362,16456191.587247362,16456191.587247362,16456191.587247362,17128595.11446822,16456191.587247362,0.02972731383502749,0.028665624055205084,22649381.969544757,21056847.29981114,31429968.171972707,21110378.866368543,31426017.48274335,31426017.48274335,1291262499.879343,919140232.0515882,372122267.82775486,372122267.82775486,372122267.82775486,654460969.9418613,655487270.0623562,327318959.11924917,327318959.11924917,325584865.81220585,317197516.5516088,0.009378259721764625,562695.5833058775,28.2568416595459,2024-09-18,0,0,0,0,0,0,0,1,0,0,0,14.982710105345879,1
28.06129379272461,28.340928840637208,28.165447998046876,26.6998486328125,28.18067277349429,28.18158163435351,27.86829711353561,27.227842569200842,58.41325409389291,47.54097533630031,34.533028957583106,0.47485353967667265,0.584586213671494,-0.10973267399482134,24.42802346108083,-15.041604543527527,-67.52144808583493,42.429520097140944,-2.918486548969179,0.8159784745729739,2.883728665827821,0.5573145686863086,28.4436890613882,28.06129379272461,27.67889852406102,-0.8506393432617223,3.178746540126388,0.8765154129419557,85.71428571428572,28.571428571428573,-57.142857142857146,-0.5614032739489518,0.0013840960779354372,1.019771061267174,0.9890635785262792,0.0442225392296719,0.012744265080713678,0.874940561103186,0.017822237553179257,0.9126518722931279,0.7150766026255927,3.469995244888255,0.7265625,-13747549.548951995,111818115.09738846,-103619062.41009575,-15408564.533015603,335454345.2921654,328244833.4464425,-7209511.845722897,328244833.4464425,16433446.118927192,22370691.168346047,922075360.6213534,841533804.2664393,14874919.293454742,17104920.26142099,16433446.118927192,16433446.118927192,16433446.118927192,16433446.118927192,17104920.26142099,16433446.118927192,0.02968622524709428,0.028626002916840917,22618076.3787385,21027742.88335845,31386526.20415352,21081200.459494386,31382580.975499667,31382580.975499667,1289477738.798487,917869812.0446818,371607926.7538052,371607926.7538052,371607926.7538052,653556385.1125174,654581266.6984289,326866544.4171131,326866544.4171131,325134847.9443659,316759091.53536433,0.00936529725057141,561917.8350342846,28.29595184326172,2024-09-19,0,0,0,0,0,0,0,1,0,0,0,14.09814530656354,1
28.13169174194336,28.276397514343262,28.276611614227296,26.743536643981933,28.251691267738053,28.220153747421158,27.91833817474418,27.273563576535146,59.42528920367916,63.555425406572425,48.30789937142463,0.4598337771972467,0.5596357263766445,-0.09980194917939778,23.59338903834302,-17.885422283989197,-63.24786195911964,42.07103202186636,-2.222226455076237,0.8079783006796937,2.84562243249101,0.703976040067051,28.594840602717298,28.13169174194336,27.668542881169422,-0.6453132629394567,2.5066161329272014,0.6947761193299904,78.57142857142857,21.42857142857143,-57.142857142857146,0.04166766007835366,0.003455491213212092,1.0250870834221104,1.0010341498245021,0.0442225392296719,0.012744265080713678,0.874940561103186,0.017822237553179257,0.9126518722931279,0.7150766026255927,3.469995244888255,0.7265625,-13700208.598520633,111433059.14066654,-103262240.64489074,-15355503.724820042,334299177.42199963,327114492.1929554,-7184685.22904424,327114492.1929554,16376856.036792018,22293655.63718139,918900109.367614,838635905.2647129,14823696.141689807,17046017.896359865,16376856.036792018,16376856.036792018,16376856.036792018,16376856.036792018,17046017.896359865,16376856.036792018,0.02958399800194687,0.028527426644734483,22540188.95386428,20955331.9180457,31278443.81638306,21008605.40810484,31274512.17348669,31274512.17348669,1285037303.6869469,914709042.9840049,370328260.7029421,370328260.7029421,370328260.7029421,651305803.6309565,652327155.9429284,325740949.4285793,325740949.4285793,324015216.211799,315668302.4898212,0.00933304698870943,559982.8193225657,28.393728256225582,2024-09-20,0,0,0,0,0,0,0,1,0,0,0,12.568858571170347,1
28.34483985900879,28.266620063781737,28.35588130950928,26.787877883911133,28.49132628298422,28.35659785034032,28.018553235575833,27.340113879944614,64.85884083105489,73.90398644668717,61.66679572985328,0.4888438507368349,0.5454773512486826,-0.05663350051184768,23.378820831907923,43.38556116081552,-38.0342623630278,46.058999490811345,-0.3363604593588754,0.817311035198732,2.8211743602203136,0.9386365839462307,29.089570300437206,28.34483985900879,27.600109417580374,-0.09777450561523793,2.003721070016593,0.5578352610270194,71.42857142857143,14.285714285714286,-57.142857142857146,0.6041659630014442,0.02031674220607127,1.0332986817329788,1.0199655744901404,0.0442225392296719,0.012744265080713678,0.874940561103186,0.017822237553179257,0.9126518722931279,0.7150766026255927,3.469995244888255,0.7265625,-13427407.423403459,109214182.7445978,-101206063.15017723,-15049741.996411074,327642548.2337934,320600925.83180285,-7041622.401990502,320600925.83180285,16050756.945713645,21849740.100294057,900602794.5604618,821936826.6480286,14528523.867636286,16706594.326291192,16050756.945713645,16050756.945713645,16050756.945713645,16050756.945713645,16706594.326291192,16050756.945713645,0.02899491577290207,0.027959383066726996,22091364.398401577,20538065.339138966,30655621.458052892,20590278.03727029,30651768.102782186,30651768.102782186,1259449395.0069973,896495181.4926339,362954213.5143634,362954213.5143634,362954213.5143634,638336877.843188,639337892.7924906,319254733.3137753,319254733.3137753,317563363.22702265,309382654.8482396,0.009147205571213153,548832.3342727892,28.97059631347656,2024-09-23,0,0,0,0,0,0,0,1,0,0,0,10.732377830810545,1
28.601009368896484,28.315507698059083,28.44004592895508,26.831067352294923,28.6901937793137,28.489567108818928,28.12039852475648,27.408655640416303,65.86025784131992,75.09412206429435,70.85117797251796,0.5153615249770915,0.5394541859943643,-0.02409266101727281,24.02583666921482,115.34423750003813,-32.90592566460914,46.21504451573814,1.7094144779226994,0.8217867170749594,2.8251812754257797,0.8799705814659156,29.309902579739497,28.601009368896484,27.892116158053472,0.4888763427734375,1.5273595527591268,0.4272727599510766,64.28571428571429,7.142857142857143,-57.142857142857146,-0.0555547313922171,0.004050053275621357,1.0304465370362135,0.998322173210046,0.0442225392296719,0.012744265080713678,0.874940561103186,0.017822237553179257,0.9126518722931279,0.7150766026255927,3.469995244888255,0.7265625,-13373245.068408465,108773643.69265908,-100797826.58245146,-14989035.603666043,326320931.07797724,319307712.5845188,-7013218.493458424,319307712.5845188,15986012.742441995,21761604.442937165,896970018.2001163,818621366.5011371,14469919.921062011,16639204.660950378,15986012.742441995,15986012.742441995,15986012.742441995,15986012.742441995,16639204.660950378,15986012.742441995,0.028877958502475858,0.027846602841673153,22002254.097124465,20455220.6059204,30531965.37168813,20507222.6928293,30528127.559760194,30528127.559760194,1254369133.1902819,892878974.0789322,361490159.11134964,361490159.11134964,361490159.11134964,635762007.8408167,636758984.9795927,317966950.2254753,317966950.2254753,316282402.6461642,308134692.9258228,0.0091103083370906,546618.500225436,29.087928771972656,2024-09-24,0,0,0,0,0,0,0,1,0,0,0,9.142843766204438,1
28.501279830932617,28.274442672729492,28.413506984710693,26.828226203918458,28.379527176117985,28.356590174438498,28.08590285284887,27.42236302587945,48.86498331984884,52.45199818566166,67.1500355655477,0.4241887040462444,0.5164010896047404,-0.09221238555849598,22.51272622312705,-21.940783857669032,-90.78946428409954,37.16702947623512,-1.4578171899586767,0.8950832648801732,3.224573132734653,1.847938386347952,29.46888241946989,28.501279830932617,27.533677242395346,-0.410650253295902,0.8898758457204426,0.24954916880680855,57.142857142857146,0.0,-57.142857142857146,-0.7195772748924226,-0.04571431718876284,1.0666431364235789,0.9542856937696952,0.0442225392296719,0.012744265080713678,0.874940561103186,0.017822237553179257,0.9126518722931279,0.7150766026255927,3.469995244888255,0.7265625,-14013880.024912585,113984360.92242524,-105626468.46540797,-15707073.755429016,341953082.76727575,334603901.46886396,-7349181.298411741,334603901.46886396,16751810.312556176,22804077.264189374,939938672.8277488,857836789.5969627,15163090.23775246,17436292.884467073,16751810.312556176,16751810.312556176,16751810.312556176,16751810.312556176,17436292.884467073,16751810.312556176,0.030261334758165993,0.02918057280251721,23056255.053840756,21435112.12036758,31994575.546542615,21489605.32700954,31990553.88720405,31990553.88720405,1314458715.8585746,935651650.4036752,378807065.4548993,378807065.4548993,378807065.4548993,666217694.860433,667262431.4175601,333198910.9265206,333198910.9265206,331433666.3989609,322895646.94933546,0.00954673060823094,572803.8364938563,27.75819396972656,2024-09-25,0,0,0,0,0,0,0,1,0,0,0,15.463186051152167,1
28.694873428344728,28.378083610534667,28.48314800262451,26.863079528808594,28.674324727519412,28.521559202781003,28.198094945941577,27.494580939779166,61.10461586594846,38.38660213840275,55.310907462786226,0.46803783089670503,0.5067284378631334,-0.03869060696642834,22.62050529377797,206.0040528473973,-49.42197799023599,40.70760353527952,3.671628710594965,1.0581251447366513,3.61580113283477,3.177669582870866,29.798462570383613,28.694873428344728,27.591284286305843,1.0364093780517578,0.6056295707237574,0.17065095901489258,50.0,100.0,50.0,-0.1631576464116237,0.0542443741922789,1.0638870085122007,0.9897486948317222,0.0442225392296719,0.012744265080713678,0.874940561103186,0.017822237553179257,0.9126518722931279,0.7150766026255927,3.469995244888255,0.7265625,-13292819.357608123,108119487.0114964,-100191635.87791006,-14898892.647601906,324358461.0344892,317387419.5204736,-6971041.51401557,317387419.5204736,15889874.039300198,21630731.756724786,891575706.579315,813698237.9006802,14382898.888476243,16539137.709723216,15889874.039300198,15889874.039300198,15889874.039300198,15889874.039300198,16539137.709723216,15889874.039300198,0.028704288587122935,0.02767913542329712,21869934.161617476,20332204.415878747,30348348.380853932,20383893.766067326,30344533.64924425,30344533.64924425,1246825449.6170888,887509265.6961392,359316183.92094964,359316183.92094964,359316183.92094964,631938581.9543625,632929563.3460608,316054720.4075,316054720.4075,314380303.5732512,306281593.57902724,0.009055519613794737,543331.1768276842,29.263919830322266,2024-09-26,0,0,0,0,0,0,0,1,0,0,0,11.192785739062469,1
28.7906925201416,28.46119213104248,28.530319023132325,26.907797660827637,28.740491056749594,28.585425477768087,28.26235482872904,27.54862967607057,57.27018559697391,28.321689697787974,39.72009667395077,0.465860244962645,0.4985547992830357,-0.0326945543203907,22.306964157498786,108.9438612023385,-60.982620454232816,36.11526488118821,2.963743509618144,1.0628595551721431,3.681176339577198,1.1244068908335372,29.855570969984168,28.7906925201416,27.725814070299034,0.831085205078125,0.39688624955310375,0.11229685025337588,42.85714285714286,92.85714285714286,50.0,-0.591303150775126,-0.013364447325578843,1.0390492220284577,0.9774909494063292,0.0442225392296719,0.012744265080713678,0.874940561103186,0.017822237553179257,0.9126518722931279,0.7150766026255927,3.469995244888255,0.7265625,-13472876.911414731,109584016.83217534,-101548779.1883496,-15100705.227189777,328752050.49652606,321686582.91316205,-7065467.583364024,321686582.91316205,16105109.932667995,21923730.295438368,903652523.1252488,824720167.1326673,14577722.087440772,16763168.187981311,16105109.932667995,16105109.932667995,16105109.932667995,16105109.932667995,16763168.187981311,16105109.932667995,0.02909310181385186,0.028054062463357156,22166172.8105538,20607613.784811735,30759431.17860517,20660003.291806966,30755564.7746434,30755564.7746434,1263714292.716682,899531000.3682864,364183292.34839565,364183292.34839565,364183292.34839565,640498490.2899554,641502894.9954336,320335831.7575189,320335831.7575189,318638734.15171087,310430323.2828027,0.009178180929369933,550690.855762196,28.87282371520996,2024-09-27,0,0,0,0,0,0,0,1,0,0,0,14.663050963902977,1
28.7906925201416,28.567766189575195,28.573632431030273,26.95894145965576,28.817192808991916,28.655456538805993,28.329806398704996,27.604393073615903,57.98009066238647,40.752006461535395,35.82009943257535,0.4666447339647739,0.4921727862193833,-0.025528052254609412,21.94323118030442,64.80719965276575,-58.09250212357243,36.190330511894494,3.8191940345782216,1.0253525231056686,3.5392869101168434,0.5377611062415006,29.855570969984168,28.7906925201416,27.725814070299034,1.0657405853271413,0.23421793710595226,0.06652296506441502,35.714285714285715,85.71428571428572,50.0,0.19999722568047926,0.0033863192333034586,1.0187075221614128,1.003726243268875,0.0442225392296719,0.012744265080713678,0.874940561103186,0.017822237553179257,0.9126518722931279,0.7150766026255927,3.469995244888255,0.7265625,-13427407.423403459,109214182.7445978,-101206063.15017723,-15049741.996411074,327642548.2337934,320600925.83180285,-7041622.401990502,320600925.83180285,16050756.945713645,21849740.100294057,900602794.5604618,821936826.6480286,14528523.867636286,16706594.326291192,16050756.945713645,16050756.945713645,16050756.945713645,16050756.945713645,16706594.326291192,16050756.945713645,0.02899491577290207,0.027959383066726996,22091364.398401577,20538065.339138966,30655621.458052892,20590278.03727029,30651768.102782186,30651768.102782186,1259449395.0069973,896495181.4926339,362954213.5143634,362954213.5143634,362954213.5143634,638336877.843188,639337892.7924906,319254733.3137753,319254733.3137753,317563363.22702265,309382654.8482396,0.009147205571213153,548832.3342727892,28.97059631347656,2024-09-30,0,0,0,0,0,0,0,1,0,0,0,15.929792580599472,1
28.81611328125,28.70856132507324,28.59709825515747,27.00564479827881,28.94980606516616,28.75719763675302,28.414113653829723,27.667555407102128,59.77918247250133,40.243875900143756,36.43919068648901,0.4814406625482306,0.4900263614851528,-0.008585698936922181,21.09601013294917,60.965272594118154,-50.86706534579205,38.769903916697494,5.063283498591353,1.033126239144837,3.5362830296481773,1.1341845476540264,29.913725839700632,28.81611328125,27.71850072279937,1.4079513549804688,0.32985949587699337,0.09391938723050686,28.571428571428573,78.57142857142857,50.0,0.2844827302712713,0.008437391532889693,1.0399311489802807,1.0111675103968254,0.0442225392296719,0.012744265080713678,0.874940561103186,0.017822237553179257,0.9126518722931279,0.7150766026255927,3.469995244888255,0.7265625,-13315063.023390016,108300409.78407715,-100359292.50534582,-14923823.851408862,324901229.35223144,317918522.7795539,-6982706.572677541,317918522.7795539,15916463.511250276,21666927.747572955,893067633.2731849,815059847.5911647,14406966.649215572,16566813.633215342,15916463.511250276,15916463.511250276,15916463.511250276,15916463.511250276,16566813.633215342,15916463.511250276,0.028752321181613402,0.027725452567984355,21906530.424086403,20366227.503642827,30399132.07844701,20418003.348697476,30395310.96341988,30395310.96341988,1248911836.8494384,888994387.7724563,359917449.076982,359917449.076982,359917449.076982,632996042.3947341,633988682.0545756,316583593.5818361,316583593.5818361,314906374.846242,306794112.79857254,0.009070672753723277,544240.3652233966,29.21503257751465,2024-10-01,0,0,0,0,0,0,0,1,0,0,0,15.027128845810214,1
29.046860885620116,28.77407035827637,28.600031566619872,27.055615310668944,28.937181373969825,28.785331155811953,28.461524924091382,27.716354488846246,56.54617104276305,35.046044101840536,38.680642154506536,0.4633674468901319,0.4846945785661486,-0.021327131676016742,20.309304874690728,20.748239310306946,-59.82659567414927,36.98103048194587,2.318342367926829,1.0096155122061743,3.492037517590673,0.7039760620035587,29.36898798044856,29.046860885620116,28.724733790791674,0.65509033203125,0.42014487577067905,0.11986950116279971,21.42857142857143,71.42857142857143,50.0,-0.08163455961635402,-0.010374815949059757,1.0168038331166744,0.9986490741403983,0.0442225392296719,0.012744265080713678,0.874940561103186,0.017822237553179257,0.9126518722931279,0.7150766026255927,3.469995244888255,0.7265625,-13454652.567435706,109435785.92125084,-101411417.29491386,-15080278.970185008,328307357.7637525,321251447.4199045,-7055910.343848031,321251447.4199045,16083325.04847713,21894074.743410803,902430180.3006812,823604593.6652417,14558003.25355704,16740493.168737484,16083325.04847713,16083325.04847713,16083325.04847713,16083325.04847713,16740493.168737484,16083325.04847713,0.02905374847466836,0.028016114600573065,22136189.31403304,20579738.50289009,30717823.84721753,20632057.144219235,30713962.67322084,30713962.67322084,1262004905.4705055,898314232.6001033,363690672.87040216,363690672.87040216,363690672.87040216,639632107.7881453,640635153.8664374,319902523.38358057,319902523.38358057,318207721.38922495,310010413.78387207,0.009165765887841805,549945.9532705083,28.91193199157715,2024-10-02,0,0,0,0,0,0,0,1,0,0,0,15.723082568163365,1
29.16027946472168,28.9275764465332,28.634252643585206,27.13504592895508,29.235125157923243,28.97545507763343,28.59195233378078,27.79928226284561,63.068539400504875,47.75358584808808,41.01450195002409,0.5172439610369821,0.4912044550603153,0.02603950597666682,20.912694066925543,140.23854693238567,-32.658942113604986,41.347046077794545,5.425019419991406,1.0338779211517757,3.46578217325006,1.3492892374445944,29.871991757227807,29.16027946472168,28.44856717221555,1.535060882568363,0.8017580794672365,0.22922123395479588,14.285714285714286,64.28571428571429,50.0,0.4623657678203814,0.031788976762973986,1.030979356795288,1.014295222947687,0.0442225392296719,0.012744265080713678,0.874940561103186,0.017822237553179257,0.9126518722931279,0.7150766026255927,3.469995244888255,0.7265625,-13040120.480494872,106064116.19610739,-98286974.932676,-14615662.029552093,318192348.58832216,311353827.8222015,-6838520.766120704,311353827.8222015,15587804.687481016,21219527.671345126,874626692.6904671,798229688.641501,14109477.404216688,16224725.739227552,15587804.687481016,15587804.687481016,15587804.687481016,15587804.687481016,16224725.739227552,15587804.687481016,0.028158614919320545,0.027152950100773385,21454182.795672797,19945685.567852054,29771420.84187446,19996392.294234503,29767678.628996007,29767678.628996007,1223123074.477677,870637555.5768967,352485518.9007804,352485518.9007804,352485518.9007804,619925316.3130891,620897458.9710181,310046463.55809015,310046463.55809015,308403877.6877965,300459125.6212739,0.008883372563833267,533002.3538299961,29.83101272583008,2024-10-03,0,0,0,0,0,0,0,1,0,0,0,10.57616085685702,1
29.496623992919922,29.143658256530763,28.71002788543701,27.200376434326174,29.674932224015887,29.262562582827567,28.77886605020177,27.907331835134066,67.23763845338915,55.58687021040288,46.12883338677713,0.6112781695743799,0.5152191979631282,0.09605897161125165,22.373675322228216,208.05966956104945,-23.631852034775616,45.99342543133558,7.610195041934342,1.0780575400380925,3.5283048469128926,1.6523925855602108,30.73884108590637,29.496623992919922,28.254406899933475,2.1608180999755895,1.1064954699482972,0.31748712979830174,7.142857142857143,100.0,92.85714285714286,-0.16000061035156043,0.02425441056999711,1.040387721136886,0.993640675418516,0.0442225392296719,0.012744265080713678,0.874940561103186,0.017822237553179257,0.9126518722931279,0.7150766026255927,3.469995244888255,0.7265625,-12731329.585623216,103552511.07689422,-95959533.02068706,-14269562.209078977,310657533.2306827,303980949.0778109,-6676584.152871815,303980949.0778109,15218684.466104873,20717047.886116955,853915476.1400908,779327558.0793316,13775364.0683517,15840523.186225286,15218684.466104873,15218684.466104873,15218684.466104873,15218684.466104873,15840523.186225286,15218684.466104873,0.027491817100060413,0.02650996648934397,20946146.361950792,19473370.445876125,29066431.674242616,19522876.433704123,29062778.077206723,29062778.077206723,1194159441.107029,850020802.0509156,344138639.0561134,344138639.0561134,344138639.0561134,605245444.7993063,606194567.0563321,302704543.2838795,302704543.2838795,301100853.9530426,293344234.12838274,0.00867301372799525,520380.823679715,30.554546356201172,2024-10-04,0,0,0,0,0,0,0,1,0,0,0,8.150726413790494,1
29.772348403930664,29.281520462036134,28.774070262908936,27.278120918273927,29.89969427218735,29.460136362046242,28.928423413852105,28.003092091345682,64.99529685700078,69.95264494137872,57.76436699995653,0.6616061211832189,0.5444965826071464,0.11710953857607254,23.431458469109746,133.05182279340585,-30.208392605800046,46.06679091351853,4.758694091541371,1.0443536424423376,3.4411220406428957,0.6062029736975241,31.036934163230637,29.772348403930664,28.50776264463069,1.3786220550537145,1.3740062066681047,0.39552286343696963,0.0,92.85714285714286,92.85714285714286,-0.19354640234542095,-0.006720047003061613,1.0201626289181593,0.9961489431170606,0.0442225392296719,0.012744265080713678,0.874940561103186,0.017822237553179257,0.9126518722931279,0.7150766026255927,3.469995244888255,0.7265625,-12817463.543092828,104253096.78752111,-96608748.35050945,-14366103.097142605,312759290.3625633,306037535.7024324,-6721754.660130944,306037535.7024324,15321646.651769063,20857209.31305337,859692651.1641003,784600107.681559,13868561.453181932,15947692.42893812,15321646.651769063,15321646.651769063,15321646.651769063,15321646.651769063,15947692.42893812,15321646.651769063,0.027677813306421533,0.026689319974049337,21087857.757273547,19605117.758715253,29263080.953705918,19654958.679876123,29259402.63821705,29259402.63821705,1202238540.6088126,855771627.6123571,346466912.99645525,346466912.99645525,346466912.99645525,609340239.8519683,610295783.4065948,304752494.3703485,304752494.3703485,303137955.2608073,295328857.9350669,0.00873169110262108,523901.4661572647,30.349218368530273,2024-10-07,0,0,0,0,0,0,0,1,0,0,0,8.072754623617003,1
29.926832580566405,29.371472930908205,28.843490314483642,27.366511154174805,29.928947335022688,29.5560121981639,29.029283418313177,28.080910184261278,61.127288340127194,60.8956327251006,62.14504929229403,0.6646384425173046,0.5685249545891781,0.09611348792812657,24.023849227764746,97.78600884538731,-39.843785109421326,46.10273505657763,3.0924329324796496,1.0465798382369862,3.490059066231853,1.0755203835674152,31.063604810768222,29.926832580566405,28.790060350364588,0.8995246887207031,1.57979412617732,0.45590540078969966,35.714285714285715,85.71428571428572,50.0,-0.6090907672220525,-0.011920073309434454,1.0360774152091567,0.9786215675484411,0.0442225392296719,0.012744265080713678,0.874940561103186,0.017822237553179257,0.9126518722931279,0.7150766026255927,3.469995244888255,0.7265625,-12972091.828667257,105510793.17712906,-97774224.2716,-14539413.977632197,316532379.53138715,309729534.459284,-6802845.072103138,309729534.459284,15506485.090823328,21108828.091378853,870063876.3541322,794065425.7692152,14035870.053177504,16140083.406362345,15506485.090823328,15506485.090823328,15506485.090823328,15506485.090823328,16140083.406362345,15506485.090823328,0.028011715002777625,0.027011296609821284,21342259.049735334,19841631.460300818,29616107.121737085,19892073.65613391,29612384.431507774,29612384.431507774,1216742196.7932706,866095550.062072,350646646.7311985,350646646.7311985,350646646.7311985,616691244.6980555,617658315.8112466,308428990.54844075,308428990.54844075,306794973.83994544,298891668.5355903,0.008837029137781036,530221.7482668622,29.98745346069336,2024-10-08,0,0,0,0,0,0,0,1,0,0,0,10.163183429756224,1
30.13606986999512,29.591465377807616,28.932954025268554,27.440126419067383,29.93867103625536,29.629122423719682,29.117743896447227,28.154526194240077,60.811254117164445,47.0952959935182,59.31452455333247,0.6570998498722034,0.5862399336457831,0.0708599162264203,24.573926360801533,75.27098349081285,-40.625105919388666,43.884425094260926,7.925315571299096,1.0325839535824055,3.446758365998702,0.8506374530728564,30.67819034527644,30.13606986999512,29.593949394713796,2.199924468994144,1.7006236786422884,0.4915680518517114,28.571428571428573,78.57142857142857,50.0,-0.41379431302479186,-0.0009782431846407924,1.028515205682011,0.9883870770854335,0.0442225392296719,0.012744265080713678,0.874940561103186,0.017822237553179257,0.9126518722931279,0.7150766026255927,3.469995244888255,0.7265625,-12984794.115014235,105614109.45991012,-97869964.89774224,-14553650.98752238,316842328.37973034,310032821.95437586,-6809506.425354509,310032821.95437586,15521669.057793364,21129497.87867355,870915843.842767,794842975.4928508,14049613.992312316,16155887.793488147,15521669.057793364,15521669.057793364,15521669.057793364,15521669.057793364,16155887.793488147,15521669.057793364,0.028039144104400917,0.027037746100672316,21363157.41287689,19861060.407283984,29645107.245858293,19911551.996169783,29641380.910366684,29641380.910366684,1217933632.068186,866943631.7613102,350990000.30687577,350990000.30687577,350990000.30687577,617295109.4317693,618263127.5020403,308731004.54952866,308731004.54952866,307095387.81010526,299184343.5806493,0.008845682366269337,530740.9419761602,29.958118438720703,2024-10-09,0,0,0,0,0,0,0,1,0,0,0,10.992862782858912,1
30.106737899780274,29.633508682250977,29.00579614639282,27.510209999084474,29.853898315755526,29.639164323908076,29.171706656286144,28.21451939739756,57.80752710793625,31.364354210902672,46.451760976507124,0.621866379308365,0.5933652227782995,0.028501156530065463,24.31788547924445,21.9974901496501,-47.91668839638686,41.472631221389726,1.4366942189267373,1.014000667367639,3.415943314128854,0.772417946575672,30.72256568242572,30.106737899780274,29.490910117134828,0.42043304443359375,1.760040484030254,0.5093051714774894,21.42857142857143,71.42857142857143,50.0,0.40506341338574386,-0.009138276308134352,1.0263245252300401,1.0106524528985221,0.0442225392296719,0.012744265080713678,0.874940561103186,0.017822237553179257,0.9126518722931279,0.7150766026255927,3.469995244888255,0.7265625,-13104547.087189933,106588141.34670681,-98772575.98879404,-14687872.82780157,319764424.0401204,312892116.5702316,-6872307.469888808,312892116.5702316,15664818.497540666,21324365.825684387,878947912.7297494,802173458.2009426,14179187.323902937,16304886.350128349,15664818.497540666,15664818.497540666,15664818.497540666,15664818.497540666,16304886.350128349,15664818.497540666,0.02829773664071862,0.027287103189264385,21560180.297690377,20044230.120509025,29918510.864869386,20095187.37082814,29914750.1630454,29914750.1630454,1229166091.4403574,874939066.7056476,354227024.73470986,354227024.73470986,354227024.73470986,622988147.2581065,623965092.9278456,311578293.0833411,311578293.0833411,309927591.7792992,301943587.5128107,0.008927262154512422,535635.7292707453,29.68435287475586,2024-10-10,0,0,0,0,0,0,0,1,0,0,0,8.870903383955048,1
29.983541870117186,29.740082931518554,29.10063753128052,27.596650657653807,29.882120946465598,29.693601030085834,29.24474089929563,28.282129076240235,59.79351587114916,28.181840294808662,35.54716349974314,0.6074541382979604,0.5961830058822317,0.011271132415728635,24.01987288148814,21.480498472871933,-41.14586792348319,43.11222098321964,3.6911612912815306,0.9953480794657864,3.3246350962646103,0.752864436741703,30.40867038530972,29.983541870117186,29.558413354924653,1.0657424926757848,2.2802805059160525,0.6605422802460517,14.285714285714286,64.28571428571429,50.0,0.753246206360145,0.008563883275558126,1.0256923748883957,1.0193075867519785,0.0442225392296719,0.012744265080713678,0.874940561103186,0.017822237553179257,0.9126518722931279,0.7150766026255927,3.469995244888255,0.7265625,-12993274.203543466,105683083.753243,-97933881.65755641,-14563155.662583422,317049251.259729,310235297.6928322,-6813953.566896831,310235297.6928322,15531805.924544247,21143297.097282812,871484620.1662021,795362070.2693497,14058789.491700374,16166438.85479444,15531805.924544247,15531805.924544247,15531805.924544247,15531805.924544247,16166438.85479444,15531805.924544247,0.02805745586369283,0.027055403868560948,21377109.22948025,19874031.236782424,29664467.82498467,19924555.800634168,29660739.055903852,29660739.055903852,1218729038.2125719,867509813.9188455,351219224.2937263,351219224.2937263,351219224.2937263,617698251.5324662,618666901.7944269,308932630.09916073,308932630.09916073,307295945.17377865,299379734.41223675,0.008851459290331667,531087.5574199001,29.938566207885746,2024-10-11,0,0,0,0,0,0,0,1,0,0,0,7.946462479273142,1
29.852523803710938,29.8124361038208,29.190101146697998,27.703663635253907,29.819456643143408,29.693696849433685,29.28753967426738,28.33750158448568,57.014551957450465,26.932217855263232,28.826137453658152,0.5697406008908921,0.5908945248839638,-0.0211539239930717,23.85854558042204,12.512407021670366,-47.65633279488604,40.854732861069095,2.4974692104832164,0.9857101437524488,3.3195456776533296,0.8604169794790586,30.121046003926292,29.852523803710938,29.584001603495583,0.7235317230224645,2.3150495617539564,0.6711973288120348,7.142857142857143,57.142857142857146,50.0,-0.43181670401886296,-0.008164658577481831,1.0293627323415757,0.9876423037149074,0.0442225392296719,0.012744265080713678,0.874940561103186,0.017822237553179257,0.9126518722931279,0.7150766026255927,3.469995244888255,0.7265625,-13100233.13437102,106553053.05179925,-98740060.53978363,-14683037.651891427,319659159.1553978,312789114.01552194,-6870045.139875805,312789114.01552194,15659661.715893378,21317345.94873228,878658567.3749982,801909386.6211896,14174519.60477317,16299518.861273969,15659661.715893378,15659661.715893378,15659661.715893378,15659661.715893378,16299518.861273969,15659661.715893378,0.02828842116419449,0.027278120408330404,21553082.791767232,20037631.6579711,29908661.837396372,20088572.133412596,29904902.373577032,29904902.373577032,1228761455.9737673,874651041.043404,354110414.9303632,354110414.9303632,354110414.9303632,622783062.6064866,623759686.6704886,311475723.03289866,311475723.03289866,309825565.13165396,301844189.1603277,0.00892432334346612,535459.4006079672,29.694128036499023,2024-10-14,0,0,0,0,0,0,0,1,0,0,0,9.629474042564125,1
29.817324829101562,29.872078704833985,29.290320014953615,27.83926166534424,29.816790624644433,29.715108074563286,29.337436713636816,28.39530381990375,58.02303050923135,33.89817303676247,29.670743728944753,0.543059889328557,0.5813275977728825,-0.03826770844432548,24.022196848985857,42.866241146467,-54.285723006015374,39.344952786837396,2.0415038338546188,0.9697767334730906,3.2530334959019904,0.7626423998414325,30.049558703598723,29.817324829101562,29.5850909546044,0.5964260101318359,2.4838135957466654,0.7208366027245141,0.0,50.0,50.0,-0.7183111077680177,0.0039513048170076726,1.0233245424446782,0.9835483797134893,0.0442225392296719,0.012744265080713678,0.874940561103186,0.017822237553179257,0.9126518722931279,0.7150766026255927,3.469995244888255,0.7265625,-13048673.846545603,106133686.50506501,-98351444.00532573,-14625248.835716922,318401059.515195,311558053.1792174,-6843006.335977643,311558053.1792174,15598029.148184333,21233446.130754154,875200383.8823171,798753268.9818609,14118732.190259755,16235367.973594015,15598029.148184333,15598029.148184333,15598029.148184333,15598029.148184333,16235367.973594015,15598029.148184333,0.028177084912849117,0.027170760451675935,21468255.171694566,19958768.479934793,29790948.71822283,20009508.466224052,29787204.05072621,29787204.05072621,1223925353.8275306,871208630.1863301,352716723.64120054,352716723.64120054,352716723.64120054,620331942.0158557,621304722.328323,310249831.37969226,310249831.37969226,308606168.09310937,300656204.84984124,0.008889199407029782,533351.9644217868,29.811458587646484,2024-10-15,0,0,0,0,0,0,0,1,0,0,0,7.681357203135806,1
29.870123291015624,30.00309658050537,29.38858346939087,27.970633735656737,29.951897332526627,29.80729037887742,29.421691383603882,28.466943307291483,61.433420289356,45.19559838010151,35.34199642404237,0.5487260581635738,0.5748072898510207,-0.026081231687446915,24.268045952541172,64.04136190650019,-40.95243365654766,40.20402377105975,4.531619530287911,0.9528861149591437,3.152943627582421,0.7333080742778328,30.2676215954573,29.870123291015624,29.472624986573948,1.3101787567138672,2.6224372790947523,0.7627041523273164,21.42857142857143,42.85714285714286,21.42857142857143,0.3611117733855712,0.013774977143007128,1.0235910649592188,1.0084828786987863,0.0442225392296719,0.012744265080713678,0.874940561103186,0.017822237553179257,0.9126518722931279,0.7150766026255927,3.469995244888255,0.7265625,-12871371.005150491,104691562.6228693,-97015063.7200546,-14426523.80011726,314074687.8686079,307324662.9713053,-6750024.897302572,307324662.9713053,15386086.162969096,20944930.196041804,863308331.350595,787899964.9733766,13926889.60428751,16014764.952423748,15386086.162969096,15386086.162969096,15386086.162969096,15386086.162969096,16014764.952423748,15386086.162969096,0.027794220165363526,0.026801569445171976,21176548.697419833,19687572.6171325,29386155.103353277,19737623.15836035,29382461.317670017,29382461.317670017,1207294894.2543085,859370816.8271686,347924077.4271399,347924077.4271399,347924077.4271399,611902992.283414,612862554.6462659,306034217.0350563,306034217.0350563,304412887.52541006,296570946.8358968,0.008768414695025399,526104.8817015239,30.222110748291016,2024-10-16,0,0,0,0,0,0,0,1,0,0,0,7.7467657173294695,1
29.817324066162108,29.962030982971193,29.444803714752197,28.086359481811524,29.774717138513846,29.736938810079394,29.42156427568811,28.504332069769788,52.470318258023866,40.114705209343576,39.73615887540248,0.4829544919484725,0.5564367302705111,-0.0734822383220386,23.572870688181496,-27.564947602841848,-66.98424126476296,40.19711661624603,-1.376607556424736,0.9490748854995905,3.225912226519276,0.8995289025254003,30.347491307878997,29.817324066162108,29.28715682444522,-0.4106559753418004,2.5116067657050456,0.731679402864895,14.285714285714286,35.714285714285715,21.42857142857143,-0.8809519484471006,-0.026528722777844793,1.0280093417472065,0.9759974124894771,0.0442225392296719,0.012744265080713678,0.874940561103186,0.017822237553179257,0.9126518722931279,0.7150766026255927,3.469995244888255,0.7265625,-13222137.423386067,107544583.05293962,-99658886.69760399,-14819670.736751478,322633749.1588189,315699774.77740306,-6933974.381415829,315699774.77740306,15805382.781168435,21515714.62468735,886834929.3407863,809371558.6778125,14306420.672244718,16451194.120614026,15805382.781168435,15805382.781168435,15805382.781168435,15805382.781168435,16451194.120614026,15805382.781168435,0.02855165921759459,0.027531957102680502,21753645.118167307,20224091.94579617,30186977.048987016,20275506.448102463,30183182.60145714,30183182.60145714,1240195702.2290165,882790110.951627,357405591.27738947,357405591.27738947,357405591.27738947,628578373.7035438,629564085.7479607,314374162.0280147,314374162.0280147,312708648.57365507,304653001.8658337,0.009007368681741151,540442.120904469,29.42035675048828,2024-10-17,0,0,0,0,0,0,0,1,0,0,0,9.580556949420217,1
29.887721252441406,29.935631561279298,29.53964490890503,28.20199680328369,29.946662138769973,29.837595779025364,29.504325024601833,28.57437991563302,59.394913756884485,54.43646762046277,46.582257069969245,0.49533760365583035,0.5442169049475749,-0.04887930129174456,23.338070893106966,25.838408620382545,-38.73023940793201,48.447845601635734,-0.8640096103582517,0.9671857078346093,3.1930276588795388,1.202626398189853,30.542435213383914,29.887721252441406,29.233007291498897,-0.2639942169189453,2.6264403492768285,0.7672166579808959,7.142857142857143,28.571428571428573,21.42857142857143,0.6504061258478383,0.02957800261138921,1.0410684310819236,1.0265075953933425,0.0442225392296719,0.012744265080713678,0.874940561103186,0.017822237553179257,0.9126518722931279,0.7150766026255927,3.469995244888255,0.7265625,-12842288.189772755,104455012.4227275,-96795858.5409093,-14393927.122727305,313365037.2681825,306630264.0272734,-6734773.240909105,306630264.0272734,15351321.357954578,20897605.203409135,861357689.3556837,786119707.9045472,13895421.848522758,15978579.650000034,15351321.357954578,15351321.357954578,15351321.357954578,15351321.357954578,15978579.650000034,15351321.357954578,0.027731419227272788,0.026741011397727332,21128700.363636408,19643088.619318224,29319757.194133636,19693026.071532518,29316071.754545517,29316071.754545517,1204567015.8875027,857429071.6318201,347137944.2556826,347137944.2556826,347137944.2556826,610520399.7261376,611477793.961365,305342733.8488643,305342733.8488643,303725067.7272734,295900845.8738643,0.0087486024943182,524916.1496590921,30.290552139282227,2024-10-18,0,0,0,0,0,0,0,1,0,0,0,4.355759562087285,1
29.901409530639647,29.876966667175292,29.57924356460571,28.304936561584473,29.885297901676726,29.823954624200795,29.528919729638822,28.620975582764675,54.23224030376323,42.42600534270557,45.659059390837264,0.4572763198231371,0.5268287879226874,-0.06955246809955029,23.12004251196633,-28.709262675682968,-57.894816593725125,46.682144086031535,-1.9329952222043034,0.9546706149800978,3.2076216312772887,0.7919744078714466,30.542072165445347,29.901409530639647,29.260746895833947,-0.5866489410400426,2.3749576501555936,0.6953272452721215,0.0,21.42857142857143,21.42857142857143,-0.20967578193497904,-0.017430607054114478,1.0205502432106577,0.9957474922451957,0.0442225392296719,0.012744265080713678,0.874940561103186,0.017822237553179257,0.9126518722931279,0.7150766026255927,3.469995244888255,0.7265625,-13070108.108364452,106308025.84798233,-98512999.93245392,-14649272.841251673,318924077.543947,312069830.6182237,-6854246.92572326,312069830.6182237,15623651.080692725,21268325.019523647,876638022.2502234,800065332.3300111,14141924.171749609,16262036.823774794,15623651.080692725,15623651.080692725,15623651.080692725,15623651.080692725,16262036.823774794,15623651.080692725,0.0282233696941546,0.02721539220507765,21503519.766974933,19991553.53335951,29839884.495311573,20042376.867134005,29836133.67667772,29836133.67667772,1225935821.4650226,872639711.5435516,353296109.921471,353296109.921471,353296109.921471,621350923.5166678,622325301.7561089,310759459.8824237,310759459.8824237,309113096.6502647,301150074.48655677,0.00890380115351306,534228.0692107835,29.76256942749023,2024-10-21,0,0,0,0,0,0,0,1,0,0,0,6.008859946175897,1
29.901409530639647,29.859367179870606,29.615420055389404,28.407882308959962,29.86068479699998,29.821682617554558,29.55582819230622,28.667661190799254,54.625531754942955,53.229939295028935,50.03080408606572,0.42614508948436836,0.5066920482350236,-0.0805469587506552,22.6395719851497,-65.69308268666008,-76.00000538711821,45.33052969372303,-0.5868950268737017,0.937462266188928,3.144637366309213,0.7137537319037222,30.542072165445347,29.901409530639647,29.260746895833947,-0.175994873046875,1.908202107311846,0.5600723853478051,0.0,14.285714285714286,14.285714285714286,0.16438220155200756,0.001642639096579357,1.0243171062992953,1.0039512324191229,0.0442225392296719,0.012744265080713678,0.874940561103186,0.017822237553179257,0.9126518722931279,0.7150766026255927,3.469995244888255,0.7265625,-13048673.846545603,106133686.50506501,-98351444.00532573,-14625248.835716922,318401059.515195,311558053.1792174,-6843006.335977643,311558053.1792174,15598029.148184333,21233446.130754154,875200383.8823171,798753268.9818609,14118732.190259755,16235367.973594015,15598029.148184333,15598029.148184333,15598029.148184333,15598029.148184333,16235367.973594015,15598029.148184333,0.028177084912849117,0.027170760451675935,21468255.171694566,19958768.479934793,29790948.71822283,20009508.466224052,29787204.05072621,29787204.05072621,1223925353.8275306,871208630.1863301,352716723.64120054,352716723.64120054,352716723.64120054,620331942.0158557,621304722.328323,310249831.37969226,310249831.37969226,308606168.09310937,300656204.84984124,0.008889199407029782,533351.9644217868,29.811458587646484,2024-10-22,0,0,0,0,0,0,0,1,0,0,0,9.692555050323772,1
29.866210174560546,29.868166732788087,29.729816055297853,28.51474365234375,29.922494520631822,29.86248831761655,29.602522075695674,28.721718162450088,56.55525371929937,47.75310942518511,47.80301802097316,0.4156171178201902,0.4884770621520569,-0.07285994433186671,22.24840196035353,-22.306226717333356,-65.33351110845558,47.56958396118292,0.29372849084230435,0.9061185578278911,3.015759571424396,0.49865034913441164,30.449275107042094,29.866210174560546,29.283145242078998,0.08799552917480469,1.5242669789135244,0.44869704124254994,78.57142857142857,7.142857142857143,-71.42857142857143,0.5294124246878124,0.007871314969682963,1.0168428077053104,1.0088640993394287,0.0442225392296719,0.012744265080713678,0.874940561103186,0.017822237553179257,0.9126518722931279,0.7150766026255927,3.469995244888255,0.7265625,-12946765.775289588,105304799.26225258,-97583334.84100018,-14511027.96407779,315914397.78675777,309124834.24393237,-6789563.542825388,309124834.24393237,15476211.016734341,21067616.287296426,868365207.8228294,792515132.7537163,14008467.133211793,16108572.327095529,15476211.016734341,15476211.016734341,15476211.016734341,15476211.016734341,16108572.327095529,15476211.016734341,0.02795702635281042,0.026958561125924336,21300591.50690318,19802893.66657405,29558286.138066098,19853237.381625395,29554570.715828158,29554570.715828158,1214366691.113088,864404629.0895146,349962062.0235733,349962062.0235733,349962062.0235733,615487248.0268133,616452431.0794698,307826829.44898045,307826829.44898045,306196002.9117332,298308127.6193331,0.008819776170827097,529186.5702496258,30.046113967895508,2024-10-23,0,0,0,0,0,0,0,1,0,0,0,4.223352559735836,1
29.65697326660156,29.737148666381835,29.685328674316406,28.588943672180175,29.406387083985667,29.59188538908506,29.485536374266882,28.708088909440022,42.640372747918256,40.73267467201624,47.23857446407672,0.26925805833133154,0.4446332613879118,-0.17537520305658028,21.914401257682922,-265.27279167810144,-85.38205185882941,43.16038355635375,-4.413708021833629,0.9936447529508106,3.501933891048762,2.1314852895487633,30.993669937044046,29.65697326660156,28.320276596159076,-1.3101806640625,1.052069617258544,0.30974422357021325,100.0,0.0,-100.0,-0.7018342041807687,-0.055645856864838805,1.0762771277465102,0.9499182056462765,0.0442225392296719,0.012744265080713678,0.874940561103186,0.017822237553179257,0.9126518722931279,0.7150766026255927,3.469995244888255,0.7265625,-13709651.05559618,111509861.02803679,-103333411.04115167,-15366087.044318598,334529583.0841104,327339946.0266769,-7189637.057433472,327339946.0266769,16388143.292679237,22309020.869389158,919533433.6543957,839213909.8608129,14833912.928792885,17057766.35195,16388143.292679237,16388143.292679237,16388143.292679237,16388143.292679237,17057766.35195,16388143.292679237,0.02960438788354959,0.028547088316279966,22555724.10175207,20969774.750847626,31300001.54384408,21023084.958058886,31296067.191180997,31296067.191180997,1285922977.0322309,915339478.7042261,370583498.3280047,370583498.3280047,370583498.3280047,651754696.5839078,652776752.8322685,325965456.58922637,325965456.58922637,324238533.962686,315885867.3812559,0.009339479510881717,560368.770652903,28.37417221069336,2024-10-24,0,0,0,0,0,0,0,1,0,0,0,10.607170979652237,1
29.353872299194336,29.620796775817873,29.68043985366821,28.648615493774415,29.195940490072477,29.443369373296157,29.41787074836014,28.71071472876575,46.06675419151624,39.59968280047578,42.695155632559,0.18349945141029167,0.3924064993923878,-0.20890704798209614,21.604257748060213,-219.58384812478025,-71.76081640762045,43.926883610282694,-3.886354802566261,0.9659701798512602,3.356971648751588,0.6062007295571057,30.66550265030578,29.353872299194336,28.042241948082893,-1.1635189056396484,0.6542064605678318,0.19272821377485272,92.85714285714286,7.142857142857143,-85.71428571428572,0.11764595885365632,0.0141281686942627,1.0175077323575321,1.0020428826771512,0.0442225392296719,0.012744265080713678,0.874940561103186,0.017822237553179257,0.9126518722931279,0.7150766026255927,3.469995244888255,0.7265625,-13518657.186347554,109956378.75990659,-101893837.71303606,-15152016.794980805,329869136.27971977,322779660.5316095,-7089475.748110285,322779660.5316095,16159834.425839622,21998226.218401033,906723096.7840464,827522531.9313829,14627256.580292251,16820128.735712636,16159834.425839622,16159834.425839622,16159834.425839622,16159834.425839622,16820128.735712636,16159834.425839622,0.029191958962807057,0.028149388999849666,22241492.543091092,20677637.598655,30863950.445380382,20730205.12301427,30860070.90353889,30860070.90353889,1268008341.2808824,902587569.2643154,365420772.01656693,365420772.01656693,365420772.01656693,642674877.4990368,643682695.1298956,321424319.57976484,321424319.57976484,319721455.3069344,311485152.599571,0.009209368006123656,552562.0803674193,28.775047302246097,2024-10-25,0,0,0,0,0,0,0,1,0,0,0,9.88604845207726,1
29.326495361328124,29.613952445983887,29.713194274902342,28.729381561279297,29.339188572768045,29.47651762145307,29.43766255691243,28.74659590560471,52.54465937483711,44.40422767564149,41.578861716044464,0.18207561521838045,0.35034032255758635,-0.1682647073392059,20.14666440757787,-62.54802989180142,-38.57144438837517,51.546411414827396,-0.23049438682192225,0.9675096712488963,3.2657799466916675,0.9875230594181659,30.608234460555288,29.326495361328124,28.04475626210096,-0.06844329833984375,0.4760062781031974,0.140456260778965,85.71428571428572,0.0,-85.71428571428572,0.3636351376084943,0.029561634668335834,1.0336162901687935,1.0120240045618376,0.0442225392296719,0.012744265080713678,0.874940561103186,0.017822237553179257,0.9126518722931279,0.7150766026255927,3.469995244888255,0.7265625,-13130498.195673801,106799219.25735709,-98968176.63165961,-14716959.41725907,320397657.7720713,313511740.9805097,-6885916.791561582,313511740.9805097,15695839.745471254,21366594.750286676,880688504.9442806,803762012.9444333,14207266.556707207,16337175.132920617,15695839.745471254,15695839.745471254,15695839.745471254,15695839.745471254,16337175.132920617,15695839.745471254,0.028353775024077103,0.027341140201788638,21602876.208820652,20083923.97538795,29977758.888930365,20134982.137026038,29973990.739738654,29973990.739738654,1231600225.3613112,876671720.1492031,354928505.212108,354928505.212108,354928505.212108,624221858.952688,625200739.2809001,312195315.7115347,312195315.7115347,310541345.50179684,302541530.40571797,0.008944940930214801,536696.4558128881,29.62568473815918,2024-10-28,0,0,0,0,0,0,0,1,0,0,0,8.09118827873957,1
29.432091903686523,29.666750717163087,29.769414710998536,28.816648445129395,29.672606148324856,29.633412835632235,29.523546246676815,28.809060430853094,57.19092638637014,70.54012272612836,51.51467773408185,0.23582298360063447,0.327436854766196,-0.09161387116556152,19.471199971762932,68.0300639363359,-7.8946912232459905,54.74747922616371,1.7710730598427649,0.9912876479115028,3.267323343656462,1.3004013445253868,30.925727975016507,29.432091903686523,27.93845583235654,0.5279827117919922,0.4100647520299995,0.12121463433290103,78.57142857142857,0.0,-78.57142857142857,0.7518797423788524,0.02409249161960969,1.0446009368650966,1.0333000325386175,0.0442225392296719,0.012744265080713678,0.874940561103186,0.017822237553179257,0.9126518722931279,0.7150766026255927,3.469995244888255,0.7265625,-12821594.048510037,104286692.98068318,-96639881.10599339,-14370732.661054952,312860078.94204956,306136158.1556844,-6723920.786365161,306136158.1556844,15326584.145391176,20863930.675338954,859969692.3384972,784852949.8280746,13873030.681279883,15952831.66961146,15326584.145391176,15326584.145391176,15326584.145391176,15326584.145391176,15952831.66961146,15326584.145391176,0.027686732649738897,0.026697920769391082,21094653.447420113,19611435.626898386,29272511.159143765,19661292.609598592,29268831.658295408,29268831.658295408,1202625969.2750275,856047405.2131175,346578564.06191015,346578564.06191015,346578564.06191015,609536603.4424064,610492454.9267427,304850702.71123224,304850702.71123224,303235643.3066641,295424029.45191634,0.008734504943072392,524070.2965843434,30.339441299438477,2024-10-29,0,0,0,0,0,0,0,1,0,0,0,3.1833002705479894,1
29.57679862976074,29.721504402160644,29.86230049133301,28.91660099029541,30.038286631638773,29.84000097429303,29.642222565875844,28.885946202124213,59.748966993863284,87.26970189641453,67.40468409939477,0.3095637549336985,0.3238622347996965,-0.014298479865998026,19.54242256482894,191.25017930756187,-11.349717373505747,56.29587478373212,1.8117094948655987,0.9770508818917699,3.1753723495579185,0.7919729236352424,31.38699593389866,29.57679862976074,27.766601325622823,0.5475368499755859,0.49337367706415397,0.1461597711612015,71.42857142857143,100.0,28.571428571428573,0.487177982369265,0.014179769976057077,1.0251127076644284,1.012222552553927,0.0442225392296719,0.012744265080713678,0.874940561103186,0.017822237553179257,0.9126518722931279,0.7150766026255927,3.469995244888255,0.7265625,-12642328.735084837,102828606.98665404,-95288709.12922555,-14169808.042408712,308485820.9599621,301855910.7749819,-6629910.184980223,301855910.7749819,15112295.274587274,20572221.309276868,847946012.9231323,773879516.2977896,13679064.690481255,15729786.909462882,15112295.274587274,15112295.274587274,15112295.274587274,15112295.274587274,15729786.909462882,15112295.274587274,0.027299630173447977,0.02632464338153912,20799718.227388933,19337238.03952565,28863237.09635308,19386397.946059167,28859609.040502146,28859609.040502146,1185811435.8792813,844078565.3152273,341732870.56405413,341732870.56405413,341732870.56405413,601014358.0923493,601956845.3245279,300588427.94550043,300588427.94550043,298995949.5187159,291293553.86263597,0.008612383328528232,516742.99971169385,30.7696475982666,2024-10-30,0,0,0,0,0,0,0,1,0,0,0,1.1017683500104791,1
29.881855010986328,29.769414138793945,29.865722560882567,28.997983512878417,29.99200912669961,29.850810636570895,29.66672080882303,28.925691610543705,52.867456654454855,79.16219781949988,78.99067414734756,0.2943929276299606,0.31796837336574935,-0.023575445735788736,18.86931120503972,79.47861170032544,-38.650328865616515,49.2860219718346,1.6284553256651346,0.988973117986452,3.3076627891679817,1.1439621872173191,31.23493065728094,29.881855010986328,28.528779364691715,0.4790973663330078,0.2394613321986194,0.07113657242212312,64.28571428571429,92.85714285714286,28.571428571428573,-0.7606831894127482,-0.02828090502714542,1.0383480848088091,0.9717191163308745,0.0442225392296719,0.012744265080713678,0.874940561103186,0.017822237553179257,0.9126518722931279,0.7150766026255927,3.469995244888255,0.7265625,-13010270.972845303,105821329.96936385,-98061990.98298824,-14582206.02611967,317463989.90809155,310641122.86834747,-6822867.039744066,310641122.86834747,15552123.399416622,21170955.079205852,872624627.1272668,796402499.7567927,14077180.083471948,16187586.506059451,15552123.399416622,15552123.399416622,15552123.399416622,15552123.399416622,16187586.506059451,15552123.399416622,0.028094158398946155,0.027090795598983794,21405073.065863736,19900028.865920193,29703272.525646303,19950619.521993376,29699538.878885936,29699538.878885936,1220323282.740891,868644621.3540828,351678661.3868081,351678661.3868081,351678661.3868081,618506275.3234657,619476192.6967627,309336751.2283964,309336751.2283964,307697925.32179123,299771359.20208853,0.008863038066334204,531782.2839800522,29.89945411682129,2024-10-31,0,0,0,0,0,0,0,1,0,0,0,2.7621719292481943,1
30.112602996826173,29.733237648010252,29.834434604644777,29.07315013885498,29.970935161614843,29.864988199275334,29.691679515739438,28.965028693716317,53.06369744166239,63.563790733069844,76.66523014966138,0.28149201022376147,0.31067310073735177,-0.029181090513590302,18.244279228092584,40.65241309783279,-37.73006000210591,46.24497960038757,-1.194315990588235,0.9539500650445458,3.1873996686449697,0.4986503767997661,30.912339601009883,30.112602996826173,29.312866392642462,-0.36176490783691406,0.07103719111952998,0.021121122898197342,57.142857142857146,85.71428571428572,28.571428571428573,-0.2549002008325031,0.0009810585340259692,1.0167048875667049,0.9957710097028452,0.0442225392296719,0.012744265080713678,0.874940561103186,0.017822237553179257,0.9126518722931279,0.7150766026255927,3.469995244888255,0.7265625,-12997519.645276135,105717614.8011663,-97965880.71966486,-14567914.049718238,317152844.4034989,310336664.4352821,-6816179.968216791,310336664.4352821,15536880.80990592,21150205.489613865,871769370.3467857,795621948.0547951,14063383.081482584,16171721.101063367,15536880.80990592,15536880.80990592,15536880.80990592,15536880.80990592,16171721.101063367,15536880.80990592,0.028066623398539724,0.027064243991449022,21384094.01793503,19880524.90729897,29674160.437309224,19931065.979621835,29670430.449884854,29670430.449884854,1219127247.550618,867793265.3653259,351333982.18529195,351333982.18529195,351333982.18529195,617900079.1776133,618869045.937801,309033571.2060642,309033571.2060642,307396351.5078161,299477554.19179946,0.008854351429301223,531261.0857580734,29.928787231445312,2024-11-01,0,0,0,0,0,0,0,1,0,0,0,0.8551870513757294,1
30.036338806152344,29.681417083740236,29.779191875457762,29.110333366394045,29.728744702673243,29.752147396641643,29.64907801755378,28.975983011013327,48.0379123870808,35.49881685491142,59.40826846916034,0.2135786859105231,0.291254217771986,-0.07767553186146292,17.02407450560381,-38.236760952259566,-59.202501489707764,47.314391736039816,-1.741132075181484,0.9514594294965593,3.2534796670509625,0.9190811673727346,31.0510868930734,30.036338806152344,29.021590719231288,-0.5182056427001918,-0.026338855190253523,-0.007834960252811385,50.0,78.57142857142857,28.571428571428573,-0.6808500276971211,-0.022868398955242952,1.0314381453528534,0.9790507559531443,0.0442225392296719,0.012744265080713678,0.874940561103186,0.017822237553179257,0.9126518722931279,0.7150766026255927,3.469995244888255,0.7265625,-13301708.420215948,108191787.76751481,-100258635.18784875,-14908855.71006209,324575363.3025444,317599660.1721484,-6975703.130396024,317599660.1721484,15900499.78252035,21645196.478140604,892171913.6037385,814242367.3577948,14392516.899920033,16550197.62309645,15900499.78252035,15900499.78252035,15900499.78252035,15900499.78252035,16550197.62309645,15900499.78252035,0.028723483478101275,0.027697644782454803,21884558.840458114,20345800.796988405,30368642.673700627,20397524.712445464,30364825.391135637,30364825.391135637,1247659216.26843,888102753.444341,359556462.82408917,359556462.82408917,359556462.82408917,632361166.6196749,633352810.6921332,316266069.867808,316266069.867808,314590533.3315854,306486407.6359783,0.009061575144877189,543694.5086926313,29.24436378479004,2024-11-04,0,0,0,0,0,0,0,1,0,0,0,2.4425420328584924,1
29.95811882019043,29.695105361938477,29.77723627090454,29.16120746612549,29.801943591658464,29.78781902809387,29.67757928917998,29.01411471135119,52.97173976664416,30.206601877093494,43.08973648835822,0.21409405185270458,0.27582218458812974,-0.061728132735425156,15.891027263292804,-2.516564808006708,-37.116587319310604,50.39483550178064,0.4591616394078013,0.9344805604481667,3.1203082298101443,0.7137552628190633,30.926590893620208,29.95811882019043,28.98964674676065,0.13688278198241832,-0.24831169749843654,-0.07395810347336962,42.85714285714286,71.42857142857143,28.571428571428573,0.9436632961175888,0.024072248246515215,1.0237219872112688,1.022363154097731,0.0442225392296719,0.012744265080713678,0.874940561103186,0.017822237553179257,0.9126518722931279,0.7150766026255927,3.469995244888255,0.7265625,-12989033.188812627,105648588.71311864,-97901915.96297845,-14558402.237332404,316945766.1393559,310134036.6521637,-6811729.487192226,310134036.6521637,15526736.331099926,21136395.90878764,871200166.9133939,795102463.4755945,14054200.6919569,16161162.11667175,15526736.331099926,15526736.331099926,15526736.331099926,15526736.331099926,16161162.11667175,15526736.331099926,0.028048297888438576,0.027046572963851486,21370131.72452463,19867544.337643992,29654785.319785636,19918052.41023909,29651057.767777923,29651057.767777923,1218331244.1136408,867226658.045865,351104586.0677757,351104586.0677757,351104586.0677757,617496634.3463031,618464968.4400706,308831794.25020045,308831794.25020045,307195643.54004157,299282016.6358035,0.00884857016718598,530914.2100311588,29.948341369628903,2024-11-05,0,0,0,0,0,0,0,1,0,0,0,1.0519021172169298,1
29.94247512817383,29.759636878967285,29.813901805877684,29.209256591796876,30.098438773833507,29.95211177538291,29.774136417656514,29.07989174769756,57.553241500700345,38.86142237797705,34.855613703327286,0.2713356670841023,0.27492488108732427,-0.0035892140032219855,16.06026610657606,143.01382768365696,-15.36144825961764,49.65808748807509,2.1477491930490977,0.9564275327596404,3.116269133162447,1.2417381728087982,30.859149175192144,29.94247512817383,29.025801081155514,0.6453151702880859,-0.17873835956880063,-0.05333761068490972,35.714285714285715,100.0,64.28571428571429,-0.09890128316377139,0.024812317963901265,1.0293643063611833,0.997141037042674,0.0442225392296719,0.012744265080713678,0.874940561103186,0.017822237553179257,0.9126518722931279,0.7150766026255927,3.469995244888255,0.7265625,-12674548.267159062,103090670.22439915,-95531556.60491097,-14205920.422831235,309272010.67319745,302625203.8698544,-6646806.803343056,302625203.8698544,15150809.625267258,20624650.52213801,850107040.7158023,775851782.3588473,13713926.389838686,15769874.964794308,15150809.625267258,15150809.625267258,15150809.625267258,15150809.625267258,15769874.964794308,15150809.625267258,0.027369204484353756,0.02639173289562684,20852727.22617429,19386519.84308391,28936796.328428026,19435805.035806272,28933159.02631683,28933159.02631683,1188833528.5959709,846229736.7471855,342603791.84878546,342603791.84878546,342603791.84878546,602546069.6775644,603490958.8800004,301354490.8045094,301354490.8045094,299757953.87625545,292035928.3253128,0.008634332367087792,518059.9420252676,30.691429138183594,2024-11-06,0,0,0,0,0,0,0,1,0,0,0,-1.0744727473763835,0
30.07544860839844,29.978651809692384,29.85790023803711,29.263121032714842,30.25373302187045,30.063422637666807,29.84939214149345,29.1381046798641,56.5386056700473,60.0429665788105,43.036996944626985,0.30295130284934046,0.28053016543972753,0.022421137409612935,16.217416461053364,106.96588189683033,-19.277131702468083,42.71041357208509,7.718813049374451,0.9265227868858844,3.031386730904274,0.5377610905270558,31.113445343820565,30.07544860839844,29.037451872976312,2.1901493072509766,-0.18108337877207373,-0.05415247648189947,28.571428571428573,92.85714285714286,64.28571428571429,0.18181849708176379,-0.004141469583152202,1.0177134028316726,1.0032092548767464,0.0442225392296719,0.012744265080713678,0.874940561103186,0.017822237553179257,0.9126518722931279,0.7150766026255927,3.469995244888255,0.7265625,-12727257.818290448,103519392.64028528,-95928842.9903023,-14264998.48014045,310558177.9208558,303883729.09069836,-6674448.830157458,303883729.09069836,15213817.186388323,20710422.105341524,853642374.6452855,779078311.4887716,13770958.39516311,15835457.028412793,15213817.186388323,15213817.186388323,15213817.186388323,15213817.186388323,15835457.028412793,15213817.186388323,0.027483024594766002,0.026501488002095792,20939447.310297906,19467142.421292588,29057135.57157122,19516632.57598527,29053483.143038347,29053483.143038347,1193777521.8919373,849748946.161027,344028575.7309102,344028575.7309102,344028575.7309102,605051873.6083425,606000692.3145905,302607731.52022713,302607731.52022713,301004555.0855324,293250416.00343776,0.008670239901920227,520214.39411521365,30.564321517944336,2024-11-07,0,0,0,0,0,0,0,1,0,0,0,-0.019907008683636884,0
30.304240798950197,30.208421897888183,29.914609336853026,29.325987930297853,30.526738075981665,30.24693637340086,29.965902240799227,29.213973052583317,59.60619085293264,78.83330851969201,59.24589915882649,0.36482720393001244,0.2973895731377845,0.06743763079222792,16.638610684065053,124.95584718986208,-3.614515446813162,45.01734681149696,7.985046411300423,0.9043410703718326,2.910399379580968,0.6159787556891594,31.587413142965925,30.304240798950197,29.02106845493447,2.2977008819580043,-0.054615450884412026,-0.016358681214160953,21.42857142857143,85.71428571428572,64.28571428571429,0.6507942755244477,0.016634645920776236,1.0201599731445312,1.0130698067084314,0.0442225392296719,0.012744265080713678,0.874940561103186,0.017822237553179257,0.9126518722931279,0.7150766026255927,3.469995244888255,0.7265625,-12519008.543883769,101825560.49575384,-94359210.92716506,-14031587.982347874,305476681.48726153,298911443.0735024,-6565238.413759097,298911443.0735024,14964881.678421471,20371548.607399553,839674683.5950421,766330672.100155,13545631.609564725,15576349.962055897,14964881.678421471,14964881.678421471,14964881.678421471,14964881.678421471,15576349.962055897,14964881.678421471,0.027033334644890397,0.026067858407572888,20596826.39610697,19148612.0401307,28581689.290407646,19197292.41404011,28578096.62459842,28578096.62459842,1174244382.3668048,835844961.187016,338399421.17978877,338399421.17978877,338399421.17978877,595151735.2237598,596085028.9198333,297656323.96498966,297656323.96498966,296079379.44403774,288452117.1692293,0.008528373429638043,511702.40577828255,31.0727481842041,2024-11-08,0,0,0,0,0,0,0,1,0,0,0,-1.9405172244988957,0
30.840045928955078,30.43819236755371,30.026072406768797,29.40236915588379,30.99228852892593,30.551746020930604,30.1523295926102,29.32022467541591,64.16361986769746,84.12181448749303,74.33269652866515,0.4770053207350138,0.3333127226572304,0.1436925980777834,17.926663670414754,169.34708879339294,-6.651311158306257,53.91983988469696,7.755785957229633,0.9263454390129028,2.90177658266658,1.2124022313468146,32.14266833433183,30.840045928955078,29.53742352357833,2.2977046966552734,0.755742893104795,0.22676161008003604,14.285714285714286,100.0,85.71428571428572,0.604841289862119,0.02737579713154492,1.0391166509124885,1.023511031859479,0.0442225392296719,0.012744265080713678,0.874940561103186,0.017822237553179257,0.9126518722931279,0.7150766026255927,3.469995244888255,0.7265625,-12185422.879181217,99112282.74994697,-91844884.01480548,-13657697.622938331,297336848.2498409,290946549.3620441,-6390298.887796834,290946549.3620441,14566122.464831019,19828721.548899,817300432.7524862,745910770.1775403,13184690.205263173,15161297.36124347,14566122.464831019,14566122.464831019,14566122.464831019,14566122.464831019,15161297.36124347,14566122.464831019,0.026312995420339904,0.025373245583899195,20047996.510735165,18638371.7560741,27820092.093086418,18685754.97655226,27816595.15864504,27816595.15864504,1142955076.0737405,813572758.4012715,329382317.67246914,329382317.67246914,329382317.67246914,579293124.1766022,580201549.0184948,289724874.57467115,289724874.57467115,288189949.841818,280765926.1339364,0.00830112355522628,498067.4133135768,31.923389434814453,2024-11-11,0,0,0,0,0,0,0,1,0,0,0,-7.232104821339494,0
31.113814926147462,30.535966873168945,30.101358795166014,29.453798561096193,31.10058780448089,30.690916990868825,30.26326833194169,29.39853689816787,59.05050984927376,79.23294387269901,80.72935562662798,0.5111001202226895,0.3688702021703222,0.1422299180523673,18.892033320145277,106.36014288807061,-20.87151942737907,53.81365991581848,3.2226864249159437,0.9370007976134563,2.991969926590103,1.0755204594206518,32.08492153624757,31.113814926147462,30.142708316047358,0.9777450561523438,1.336037008908315,0.4013769932282294,7.142857142857143,92.85714285714286,85.71428571428572,-0.19192133259865052,-0.018989308151675433,1.0313788178258934,0.9941029660394872,0.0442225392296719,0.012744265080713678,0.874940561103186,0.017822237553179257,0.9126518722931279,0.7150766026255927,3.469995244888255,0.7265625,-12421294.67133802,101030787.5067185,-93622714.592193,-13922068.063504824,303092362.5201555,296578367.3711762,-6513995.148979321,296578367.3711762,14848077.177820513,20212543.7710976,833120820.7451935,760349276.8994882,13439904.697085276,15454772.804441135,14848077.177820513,14848077.177820513,14848077.177820513,14848077.177820513,15454772.804441135,14848077.177820513,0.02682233296638544,0.02586439250330025,20436063.212484147,18999152.517856356,28358602.331510287,19047452.92973962,28355037.707321752,28355037.707321752,1165079122.5529828,829320990.2416222,335758132.3113606,335758132.3113606,335758132.3113606,590506432.7944833,591432441.9087989,295333044.7691654,295333044.7691654,293768408.6794596,286200679.0210866,0.008461807423919217,507708.445435153,31.31718635559082,2024-11-12,0,0,0,0,0,0,0,1,0,0,0,-6.566272159617766,0
31.3074089050293,30.624942016601562,30.173223209381103,29.509921226501465,31.28685821385152,30.867004634818635,30.396233160575125,29.487198158341396,60.942684870466564,69.01076809146727,77.45517548388639,0.5592870841379991,0.40695357856385755,0.15233350557414155,20.253868664363257,124.88758650782405,-19.154219915290458,57.47858018552211,2.8916529884999154,0.9587678153854118,3.0283828647485627,1.2417390464208324,32.250030432583344,31.3074089050293,30.364787377475253,0.8897514343261719,1.6825099835766546,0.506547585511818,0.0,100.0,100.0,0.39370155606318197,0.010927312342695839,1.039836963567905,1.0156838745455166,0.0442225392296719,0.012744265080713678,0.874940561103186,0.017822237553179257,0.9126518722931279,0.7150766026255927,3.469995244888255,0.7265625,-12287030.451826695,99938725.83439502,-92610728.23844697,-13771581.688936861,299816177.50318503,293372593.41019624,-6443584.092988807,293372593.41019624,14687581.388430368,19994062.406185854,824115453.7753478,752130511.8737719,13294630.121269552,15287719.122581286,14687581.388430368,14687581.388430368,14687581.388430368,14687581.388430368,15287719.122581286,14687581.388430368,0.02653240508877744,0.025584819192749676,20215165.781925667,18793786.937884018,28052068.615885768,18841565.261106223,28048542.522421863,28048542.522421863,1152485552.9455028,820356696.387771,332128856.55773187,332128856.55773187,332128856.55773187,584123532.508049,585039532.2075425,292140731.74536014,292140731.74536014,290593008.11518145,283107079.53656214,0.008370342081578597,502220.5248947158,31.659399032592773,2024-11-13,0,0,0,0,0,0,0,1,0,0,0,-7.234711897834058,0
31.534245681762695,30.804847145080565,30.287130641937257,29.560959510803222,31.42407394310479,31.018186592417305,30.52025908829286,29.57391608945002,61.16353041079087,59.41519944278095,69.21963713564904,0.5937863578493321,0.4443201344209525,0.14946622342837962,21.518430055422808,122.97006974135867,-19.729823057116793,51.32043427112016,6.017003781276076,0.9454572423874151,2.982655587097033,0.7724197934134587,32.137020710217584,31.534245681762695,30.931470653307805,1.799051284790039,1.8322804606784637,0.5528649672483787,0.0,92.85714285714286,92.85714285714286,-0.1645581233642691,0.0012352214575612752,1.024465806538502,0.9960061114850283,0.0442225392296719,0.012744265080713678,0.874940561103186,0.017822237553179257,0.9126518722931279,0.7150766026255927,3.469995244888255,0.7265625,-12271871.972242136,99815431.67139876,-92496474.60826206,-13754591.722101726,299446295.0141963,293010660.3552312,-6435634.658965028,293010660.3552312,14669461.354993813,19969395.780023836,823098744.5443947,751202610.2905649,13278228.568423431,15268858.700681731,14669461.354993813,14669461.354993813,14669461.354993813,14669461.354993813,15268858.700681731,14669461.354993813,0.02649967212515011,0.025553255263537612,20190226.381066754,18770601.088647995,28017460.847061094,18818320.467869047,28013939.10373012,28013939.10373012,1151063734.321848,819344624.3266652,331719109.9951827,331719109.9951827,331719109.9951827,583402900.7266679,584317770.35956,291780318.435135,291780318.435135,290234504.2278346,282757811.0210958,0.008360015610910453,501600.93665462715,31.698505401611328,2024-11-14,0,0,0,0,0,0,0,1,0,0,0,-7.194124174611609,0
31.694596099853516,30.999418449401855,30.366328048706055,29.617668685913085,31.574216053622596,31.17387998918838,30.649234439375274,29.664135077105243,62.19943961498937,63.51235018733337,63.979439240527164,0.6280883843009875,0.48107378439695947,0.147014599904028,21.831416836509614,86.54839729701902,-16.516601099114528,54.19355000962251,6.501142288747963,0.9407796204087431,2.9515117485832687,0.8799705346860058,32.12205756804442,31.694596099853516,31.267134631662614,1.9457130432128906,1.853072331339634,0.5606995851565628,0.0,85.71428571428572,85.71428571428572,0.38888735829983523,0.005552150513630449,1.028337519270917,1.01085266586422,0.0442225392296719,0.012744265080713678,0.874940561103186,0.017822237553179257,0.9126518722931279,0.7150766026255927,3.469995244888255,0.7265625,-12204112.900533037,99264301.32978542,-91985755.84669116,-13678645.821677132,297792903.9893563,291392803.6507734,-6400100.338582878,291392803.6507734,14588464.007063912,19859134.874132164,818554009.4802248,747054849.325174,13204912.904458497,15184551.783696631,14588464.007063912,14588464.007063912,14588464.007063912,14588464.007063912,15184551.783696631,14588464.007063912,0.02635335433534126,0.025412163109079077,20078746.16026001,18666959.320866726,27862762.595405847,18714415.217805214,27859260.297360763,27859260.297360763,1144708142.4209483,814820617.6160514,329887524.8048969,329887524.8048969,329887524.8048969,580181644.9088881,581091463.0942749,290169255.0566325,290169255.0566325,288631976.05373764,281196565.36626637,0.00831385583198266,498831.3499189596,31.874500274658203,2024-11-15,0,0,0,0,0,0,0,1,0,0,0,-6.627265262588729,0
31.632020950317383,31.23603343963623,30.458725261688233,29.668511543273926,31.586315264792994,31.253267934269363,30.740784843923702,29.740463650047538,59.63014252785318,58.651273399001774,60.526274343038665,0.6267467298460545,0.5102083734867785,0.11653835635927601,22.23248900155741,77.49543361678624,-25.23068587490682,52.7603501298102,8.090960431747817,0.9259602991123058,2.929279505790484,0.7333091222586212,31.99373835249051,31.632020950317383,31.270303548144256,2.36614990234375,2.107312271611346,0.6389822104038316,0.0,78.57142857142857,78.57142857142857,-0.3599955240885427,-0.008282062000962487,1.023415548816217,0.991717893996813,0.0442225392296719,0.012744265080713678,0.874940561103186,0.017822237553179257,0.9126518722931279,0.7150766026255927,3.469995244888255,0.7265625,-12306032.222384669,100093280.08129844,-92753949.80985051,-13792879.303238343,300279840.2438953,293826291.21210486,-6453549.031790418,293826291.21210486,14710295.587169334,20024983.025114384,825389940.1394303,753293674.2401638,13315190.134708758,15311361.4283655,14710295.587169334,14710295.587169334,14710295.587169334,14710295.587169334,15311361.4283655,14710295.587169334,0.026573437189725248,0.025624385861520778,20246428.33502876,18822851.34272205,28095450.86138483,18870703.55464658,28091919.314852405,28091919.314852405,1154267860.4065537,821625369.8708858,332642490.53566784,332642490.53566784,332642490.53566784,585026873.7495108,585944290.0334417,292592524.48543906,292592524.48543906,291042407.3160384,283544901.8232231,0.008383286732472846,502997.20394837076,31.61051368713379,2024-11-18,0,0,0,0,0,0,0,1,0,0,0,-6.718126631530429,0
31.696551895141603,31.405183410644533,30.550144386291503,29.72932731628418,31.604157203099298,31.32355396071346,30.8264092473321,29.81494903944614,59.82866987470228,52.64877556677093,58.27079971770198,0.6208926702953335,0.5323452328484894,0.08854743744684401,22.151375894268106,54.253976547605895,-24.307766739331083,53.11048489762794,5.6480580650732914,0.9163899277601485,2.8963164683774463,0.7919751001821034,31.88346035825942,31.696551895141603,31.509643432023786,1.6914997100830078,2.3250171266365265,0.7067349140460664,21.42857142857143,71.42857142857143,50.0,0.5432096149046067,0.0009277733626347207,1.0255118542768824,1.0137844778510634,0.0442225392296719,0.012744265080713678,0.874940561103186,0.017822237553179257,0.9126518722931279,0.7150766026255927,3.469995244888255,0.7265625,-12294625.596252898,100000502.27903385,-92667974.9311401,-13780094.498627927,300001506.8371016,293553939.6863674,-6447567.150734168,293553939.6863674,14696660.417114647,20006421.600072198,824624875.1461037,752595436.2415785,13302848.106588291,15297169.122330084,14696660.417114647,14696660.417114647,14696660.417114647,14696660.417114647,15297169.122330084,14696660.417114647,0.02654880591478775,0.025600634274973902,20227661.649362095,18805404.189641323,28069408.81158454,18853212.04670954,28065880.538489908,28065880.538489908,1153197954.0629294,820863794.3081756,332334159.7547538,332334159.7547538,332334159.7547538,584484604.5025831,585401170.4210699,292321316.5546094,292321316.5546094,290772636.2095801,283282080.2550507,0.008375516151688992,502530.9691013396,31.63984107971191,2024-11-19,0,0,0,0,0,0,0,1,0,0,0,-6.183288805199819,0
31.577266693115234,31.442337799072266,30.600987339019774,29.787209892272948,31.423762476219846,31.276175608303912,30.848939130677707,29.863891156427112,54.18419586977087,37.31778731257782,49.539278759450134,0.5632124917749408,0.5385186846337797,0.024693807141161095,21.6058548445961,13.18887531033249,-42.461530914619566,49.85017695764133,1.2105786361544801,0.9144868114289727,2.9439770970013974,0.8897462991236864,32.12320846479496,31.577266693115234,31.03132492143551,0.37154388427734375,2.6610199921916973,0.8101505132821885,14.285714285714286,64.28571428571429,50.0,-0.540231951417362,-0.01823233105999611,1.0276629224413234,0.9854217991242525,0.0442225392296719,0.012744265080713678,0.874940561103186,0.017822237553179257,0.9126518722931279,0.7150766026255927,3.469995244888255,0.7265625,-12522948.132450903,101857603.83309682,-94388904.68983561,-14036003.562335717,305572811.4992904,299005507.08021593,-6567304.41907451,299005507.08021593,14969590.955243368,20377959.30036355,839938919.5983973,766571827.5833442,13549894.26464932,15581251.660941483,14969590.955243368,14969590.955243368,14969590.955243368,14969590.955243368,15581251.660941483,14969590.955243368,0.027041841725600924,0.02607606166397232,20603307.981410228,19154637.88896732,28590683.620586686,19203333.582032703,28587089.82420669,28587089.82420669,1174613903.6214297,836107992.0206038,338505911.60082585,338505911.60082585,338505911.60082585,595339022.6565927,596272610.0495003,297749993.00009876,297749993.00009876,296172552.232772,288542889.74590605,0.008531057211052672,511863.4326631603,31.062973022460938,2024-11-20,0,0,0,0,0,0,0,1,0,0,0,-3.1437047800238047,0
31.454071044921875,31.494158363342287,30.736405086517333,29.84431022644043,31.310017371028074,31.24096679963857,30.871185609722165,29.911680803651326,54.34144316416179,29.589012514461587,39.8518584646034,0.5131629670140683,0.5334475411098374,-0.020284574095769115,21.09929958418638,9.38594058562366,-41.846171459759816,49.2135112501162,1.6954593361280912,0.8931649424936666,2.8735274254808885,0.6159806463346875,32.10322314695259,31.454071044921875,30.80491894289116,0.5182056427001953,2.859660083768869,0.8715730569301527,7.142857142857143,57.142857142857146,50.0,0.07936676132751032,0.0006294998926681394,1.01993043517718,1.001575335373968,0.0442225392296719,0.012744265080713678,0.874940561103186,0.017822237553179257,0.9126518722931279,0.7150766026255927,3.469995244888255,0.7265625,-12515069.897293823,101793524.82014821,-94329524.2644357,-14027173.458149374,305380574.4604446,298817401.5580078,-6563172.902436864,298817401.5580078,14960173.527613439,20365139.447267324,839410510.7719618,766089574.2785617,13541369.973704293,15571449.435193341,14960173.527613439,14960173.527613439,14960173.527613439,14960173.527613439,15571449.435193341,14960173.527613439,0.027024829598269434,0.026059657112616957,20590346.360586237,19142587.63210752,28572697.110822182,19191252.69052385,28569105.575313404,28569105.575313404,1173874949.4667344,835581993.2455403,338292956.2211942,338292956.2211942,338292956.2211942,594964492.572377,595897492.641841,297562677.32665956,297562677.32665956,295986228.93342716,288361366.2967726,0.008525690289930239,511541.4173958143,31.08252716064453,2024-11-21,0,0,0,0,0,0,0,1,0,0,0,-5.734405747206292,0
31.330874633789062,31.51273536682129,30.860578632354738,29.908645820617675,31.292850987016763,31.24415796679413,30.908074429652828,29.96449795719418,55.8114331992624,28.09770693904835,31.668168922029214,0.48214153811518656,0.5231863405109072,-0.041044802395720614,20.628926842377354,1.280213386823778,-36.646113289152275,52.561474938834486,0.5978551806514298,0.8614933013569173,2.756027318126147,0.44976196657917455,31.830747782813678,31.330874633789062,30.831001484764446,0.18577003479003906,2.7763090329874975,0.8481319623115731,0.0,50.0,50.0,0.23912809115486455,0.005662057574663537,1.0145201729811064,1.0034525643721173,0.0442225392296719,0.012744265080713678,0.874940561103186,0.017822237553179257,0.9126518722931279,0.7150766026255927,3.469995244888255,0.7265625,-12444607.811371729,101220409.03645283,-93798432.14123884,-13948197.958246976,303661227.1093585,297135006.0463255,-6526221.063032989,297135006.0463255,14875945.070148725,20250480.063234717,834684479.1940869,761776352.7104977,13465129.634463653,15483779.384842975,14875945.070148725,14875945.070148725,14875945.070148725,14875945.070148725,15483779.384842975,14875945.070148725,0.026872674965429954,0.025912936573807457,20474419.021279965,19034811.433846217,28411827.7065463,19083202.499264054,28408256.39202595,28408256.39202595,1167265823.1710033,830877516.9073176,336388306.2636857,336388306.2636857,336388306.2636857,591614735.8758287,592542482.9877305,295887346.13721627,295887346.13721627,294319773.4308995,286737840.1370818,0.008477689125998736,508661.3475599242,31.25851821899414,2024-11-22,0,0,0,0,0,0,0,1,0,0,0,-4.818706033865524,0
31.35042839050293,31.491224670410155,30.964708518981933,29.98471435546875,31.43132814824555,31.32854424023213,30.984284719276665,30.032881663606297,59.408179107048,48.55099110476939,35.41257018609307,0.4882211391072069,0.5161933002301671,-0.027972161122960193,20.835087316223174,71.65242946271728,-33.33350516214144,56.26192252010889,-0.6738224478029298,0.8481470111156311,2.67484374752646,0.6746452379789112,31.89790871679437,31.35042839050293,30.802948064211492,-0.21510696411132812,2.904687190728829,0.888933952038105,0.0,42.85714285714286,42.85714285714286,0.09091145539824365,0.014388533984815988,1.0136560710750768,1.0012349773473639,0.0442225392296719,0.012744265080713678,0.874940561103186,0.017822237553179257,0.9126518722931279,0.7150766026255927,3.469995244888255,0.7265625,-12268088.010109555,99784654.1490659,-92467953.84483603,-13750350.57174233,299353962.4471977,292920312.17968524,-6433650.267512466,292920312.17968524,14664938.109771062,19963238.330075447,822844946.7140576,750970981.2255237,13274134.301941162,15264150.634686438,14664938.109771062,14664938.109771062,14664938.109771062,14664938.109771062,15264150.634686438,14664938.109771062,0.02649150110152192,0.02554537606218185,20184000.839254797,18764813.280244693,28008821.82188742,18812517.945465762,28005301.164466027,28005301.164466027,1150708810.3467028,819091984.0580087,331616826.288694,331616826.288694,331616826.288694,583223011.7505295,584137599.2885584,291690349.62854314,291690349.62854314,290145012.06428766,282670624.2535011,0.008357437847503939,501446.27085023635,31.708282470703125,2024-11-25,0,0,0,0,0,0,0,1,0,0,0,-6.230793143904286,0
31.272208786010744,31.484380340576173,31.01017360687256,30.053547592163085,31.37046645124736,31.314034934235558,31.009471227655172,30.080562502572754,54.524841303013396,54.07928757411707,43.57599520597824,0.45076217084428905,0.5031070743529915,-0.05234490350870247,20.270184801559285,-15.767201016740453,-56.66671830508008,49.706565813495665,-0.2185486830224903,0.8322618207715059,2.663344951976836,0.6257543462978781,31.737531946219697,31.272208786010744,30.80688562580179,-0.06844329833984375,2.7606762097161304,0.8464396672371102,0.0,35.714285714285715,35.714285714285715,0.13793137467689984,-0.014492724854357486,1.0182446681237474,1.0025094079614816,0.0442225392296719,0.012744265080713678,0.874940561103186,0.017822237553179257,0.9126518722931279,0.7150766026255927,3.469995244888255,0.7265625,-12448500.705686344,101252072.57787041,-93827773.95648421,-13952561.20226027,303756217.7336112,297227955.15273714,-6528262.580874072,297227955.15273714,14880598.529933546,20256814.773006313,834945583.3214971,762014649.8812422,13469341.766126946,15488622.985995347,14880598.529933546,14880598.529933546,14880598.529933546,14880598.529933546,15488622.985995347,14880598.529933546,0.026881081215363825,0.025921042600529406,20480823.783134345,19040765.86088271,28420715.43078985,19089172.063885137,28417142.9990989,28417142.9990989,1167630964.6487856,831137430.1493206,336493534.49946505,336493534.49946505,336493534.49946505,591799803.4710991,592727840.7987723,295979904.9534524,295979904.9534524,294411841.8825562,286827536.82536423,0.008480341097704064,508820.46586224384,31.248743057250977,2024-11-26,0,0,0,0,0,0,0,1,0,0,0,-3.4678640943870973,0
31.38758239746094,31.482424545288087,31.053683280944824,30.121207580566406,31.460257994068876,31.37327241523126,31.069506451660576,30.141710682068407,57.710850431139605,64.8563596442715,55.82887944105263,0.447475788146928,0.4919808171117788,-0.04450502896485081,19.609418624688583,-6.819423810544319,-41.579031492543265,55.28773748906328,-0.06177613435026652,0.8189082479539186,2.5882185877318413,0.6453118013252848,31.87377215614523,31.38758239746094,30.90139263877665,-0.019557952880862928,2.4486360082788807,0.752488234104252,0.0,28.571428571428573,28.571428571428573,0.6363638990838917,0.012515640124929117,1.0208136192515782,1.0131496577730517,0.0442225392296719,0.012744265080713678,0.874940561103186,0.017822237553179257,0.9126518722931279,0.7150766026255927,3.469995244888255,0.7265625,-12294625.596252898,100000502.27903385,-92667974.9311401,-13780094.498627927,300001506.8371016,293553939.6863674,-6447567.150734168,293553939.6863674,14696660.417114647,20006421.600072198,824624875.1461037,752595436.2415785,13302848.106588291,15297169.122330084,14696660.417114647,14696660.417114647,14696660.417114647,14696660.417114647,15297169.122330084,14696660.417114647,0.02654880591478775,0.025600634274973902,20227661.649362095,18805404.189641323,28069408.81158454,18853212.04670954,28065880.538489908,28065880.538489908,1153197954.0629294,820863794.3081756,332334159.7547538,332334159.7547538,332334159.7547538,584484604.5025831,585401170.4210699,292321316.5546094,292321316.5546094,290772636.2095801,283282080.2550507,0.008375516151688992,502530.9691013396,31.63984107971191,2024-11-27,0,0,0,0,0,0,0,1,0,0,0,-4.816423101724937,0
31.499045181274415,31.476558113098143,31.140702629089354,30.18808536529541,31.520119022616555,31.421739445136833,31.123824035284514,30.2004608937407,57.710850431139605,60.98841323959446,59.974686819327644,0.43980154770715174,0.4815449632308534,-0.041743415523701644,19.3246569741269,49.657708681094434,-46.47075852269362,52.00907544688768,-0.1850696780689054,0.7911441126775867,2.5004680354885975,0.430210354085272,31.902957633369642,31.499045181274415,31.095132729179188,-0.058664321899417615,2.332014803199891,0.7180789311726876,0.0,21.42857142857143,21.42857142857143,-0.0909106672215395,0.0,1.0136774158051087,0.9987654038998919,0.0442225392296719,0.012744265080713678,0.874940561103186,0.017822237553179257,0.9126518722931279,0.7150766026255927,3.469995244888255,0.7265625,-12294625.596252898,100000502.27903385,-92667974.9311401,-13780094.498627927,300001506.8371016,293553939.6863674,-6447567.150734168,293553939.6863674,14696660.417114647,20006421.600072198,824624875.1461037,752595436.2415785,13302848.106588291,15297169.122330084,14696660.417114647,14696660.417114647,14696660.417114647,14696660.417114647,15297169.122330084,14696660.417114647,0.02654880591478775,0.025600634274973902,20227661.649362095,18805404.189641323,28069408.81158454,18853212.04670954,28065880.538489908,28065880.538489908,1153197954.0629294,820863794.3081756,332334159.7547538,332334159.7547538,332334159.7547538,584484604.5025831,585401170.4210699,292321316.5546094,292321316.5546094,290772636.2095801,283282080.2550507,0.008375516151688992,502530.9691013396,31.63984107971191,2024-11-29,0,0,0,0,0,0,0,1,0,0,0,-3.5116851913708933,0
31.70046043395996,31.515667533874513,31.257542991638182,30.265522689819335,31.768610842551663,31.575167633734115,31.232564077869025,30.281446524669374,62.5761364850948,72.38259499145252,66.0757892917728,0.4786946330749906,0.48097489719968084,-0.0022802641246902344,19.994221691715545,177.79843739613997,-20.51294181615218,54.9467487369813,1.2269814566304271,0.8100600118176803,2.510599989902547,1.0559667006388977,32.35212640829411,31.70046043395996,31.048794459625807,0.3910942077636719,2.0002827846283258,0.618925131284275,50.0,100.0,50.0,0.583333333333335,0.01977738766555337,1.0334158985536017,1.0194624988848757,0.0442225392296719,0.012744265080713678,0.874940561103186,0.017822237553179257,0.9126518722931279,0.7150766026255927,3.469995244888255,0.7265625,-12056185.737161146,98061109.69762948,-90870788.12688042,-13512845.710545655,294183329.0928884,287860804.95309186,-6322524.139796591,287860804.95309186,14411635.906889288,19618420.49260413,808632241.8207493,737999729.4942962,13044854.953139143,15000498.449321324,14411635.906889288,14411635.906889288,14411635.906889288,14411635.906889288,15000498.449321324,14411635.906889288,0.026033922928574198,0.025104139966839408,19835369.850342248,18440695.407740057,27525035.513721544,18487576.087431982,27521575.667349868,27521575.667349868,1130833030.8272462,804944102.7392013,325888928.0880449,325888928.0880449,325888928.0880449,573149210.3787174,574048000.5750611,286652087.1028366,286652087.1028366,285133441.59866977,277788156.2009649,0.008213082828657337,492784.9697194402,32.265594482421875,2024-12-02,0,0,0,0,0,0,0,1,0,0,0,-6.753787316309129,0
31.808012771606446,31.579220581054688,31.407627010345458,30.331031646728515,31.92775528134629,31.69714518377074,31.32908599035155,30.3584895691504,62.33484293738749,70.39434633646952,67.9217848558388,0.5021516441468954,0.48521024658912376,0.01694139755777163,20.871447813113114,190.52628069688353,-30.454624366382667,52.967377778616964,2.010503461259572,0.8136569417892536,2.5232767708772896,0.8604170314197077,32.593174445487314,31.808012771606446,31.02285109772558,0.6355304718017578,1.708920233123245,0.5310534819578514,42.85714285714286,100.0,57.142857142857146,-0.09091106130818098,-0.0006059185891330587,1.0268538619414864,0.9975801020044929,0.0442225392296719,0.012744265080713678,0.874940561103186,0.017822237553179257,0.9126518722931279,0.7150766026255927,3.469995244888255,0.7265625,-12063495.233172843,98120562.77058838,-90925881.80890174,-13521038.359031774,294361688.31176513,288035330.91442,-6326357.3973451415,288035330.91442,14420373.479242602,19630314.865291543,809122504.1869221,738447168.3606986,13052763.865404757,15009593.040760042,14420373.479242602,14420373.479242602,14420373.479242602,14420373.479242602,15009593.040760042,14420373.479242602,0.0260497069302447,0.025119360254164537,19847395.756376915,18451875.742256664,27541723.55600089,18498784.84504597,27538261.61197297,27538261.61197297,1131518639.0045695,805432129.0384707,326086509.96609885,326086509.96609885,326086509.96609885,573496702.6916848,574396037.8118957,286825880.2355158,286825880.2355158,285306313.9979182,277956575.2568848,0.008218062305374817,493083.738322489,32.24604415893555,2024-12-03,0,0,0,0,0,0,0,1,0,0,0,-10.233053952824683,0
32.23626556396484,31.754237174987793,31.579710292816163,30.417073211669923,32.41517252724518,32.004938244729324,31.525364183560256,30.47737260640109,69.69782067610763,80.59838550168715,74.45844227653636,0.606063414948018,0.5093808802609026,0.0966825346871154,22.15771400902989,234.43985453080057,-0.0,60.66983647259493,5.531525695472905,0.8372502216691229,2.507487408408219,1.1439628601074219,33.51486463556715,32.23626556396484,30.957666492362534,1.7501659393310582,1.641772601931293,0.512564084468746,35.714285714285715,100.0,64.28571428571429,0.8878514335422485,0.035476068148670103,1.03234581727924,1.0286144801538655,0.0442225392296719,0.012744265080713678,0.874940561103186,0.017822237553179257,0.9126518722931279,0.7150766026255927,3.469995244888255,0.7265625,-11650192.220029956,94758889.93361126,-87810703.3139533,-13057798.992115837,284276669.80083376,278167057.4283759,-6109612.372457868,278167057.4283759,13926322.319573084,18957767.80277368,781401452.9892071,713147499.0831704,12605567.880232926,14495354.844458865,13926322.319573084,13926322.319573084,13926322.319573084,13926322.319573084,14495354.844458865,13926322.319573084,0.025157227416002986,0.0242587550082886,19167411.364573706,17819702.75300212,26598126.603971444,17865004.720118724,26594783.268346015,26594783.268346015,1092752091.3425012,777837512.4386067,314914578.90389454,314914578.90389454,314914578.90389454,553848341.1954087,554716864.5228659,276999043.2983472,276999043.2983472,275531538.36574703,268433606.34480333,0.0079365062681438,476190.376088628,33.39000701904297,2024-12-04,0,0,0,0,0,0,0,1,0,0,0,-11.836692375976666,0
32.72122688293457,32.05440464019775,31.74837121963501,30.5432022857666,32.96499757635031,32.379430868335,31.767200706512664,30.6180500600544,73.0444469695999,77.68628526787596,76.22633903534417,0.7343865535947636,0.5543820149276748,0.18000453866708876,24.629775151495732,259.494736570783,-27.40899739329973,55.25533269880142,9.663191768312608,0.9150290267472965,2.6861543835389186,1.9261534927635537,34.477322792575485,32.72122688293457,30.965130973293665,3.0016746520996094,1.829512567637699,0.5737980818137167,28.571428571428573,100.0,71.42857142857143,-0.35838098031130583,0.020204867136829785,1.050305308896198,0.982515540104561,0.0442225392296719,0.012744265080713678,0.874940561103186,0.017822237553179257,0.9126518722931279,0.7150766026255927,3.469995244888255,0.7265625,-11419463.477689361,92882217.0781726,-86071637.31769976,-12799192.998129979,278646651.2345178,272658037.9968606,-5988613.237657146,272658037.9968606,13650515.468189083,18582314.6050832,765926019.5280029,699023815.7602547,12355918.194754375,14208278.465814013,13650515.468189083,13650515.468189083,13650515.468189083,13650515.468189083,14208278.465814013,13650515.468189083,0.0246589956844706,0.02377831726716808,18787806.235787123,17466788.60983334,26071358.273969207,17511193.384379994,26068081.152154636,26068081.152154636,1071110447.07057,762432661.8060362,308677785.26453376,308677785.26453376,308677785.26453376,542879532.3725176,543730854.8425767,271513156.05436736,271513156.05436736,270074714.6394399,263117355.14275,0.007779326019505607,466759.5611703364,34.06464767456055,2024-12-05,0,0,0,0,0,0,0,1,0,0,0,-14.794599412330092,0
33.07712631225586,32.288085746765134,31.89112205505371,30.626310653686524,33.11644445967299,32.568504933422886,31.92454713697035,30.727904497947105,65.58328112610081,72.18081366285446,76.82182814413915,0.7750778708674027,0.5985211861156203,0.17655668475178232,26.363737410034993,143.7494885536031,-41.5417209725989,50.00087918365724,7.518085815855424,0.9327780740296305,2.791132690039476,1.1635156886999738,34.502463669716946,33.07712631225586,31.651788954794768,2.336811065673828,1.970988098628593,0.6201783326955947,21.42857142857143,92.85714285714286,71.42857142857143,-0.8571442309849926,-0.018943670118276468,1.0349383023701857,0.9710227148961433,0.0442225392296719,0.012744265080713678,0.874940561103186,0.017822237553179257,0.9126518722931279,0.7150766026255927,3.469995244888255,0.7265625,-11639967.17606021,94675722.73792933,-87733634.3450091,-13046338.5315225,284027168.213788,277922918.0751857,-6104250.138602271,277922918.0751857,13914099.580637528,18941129.10654528,780715639.0503521,712521589.7078297,12594504.330086743,14482632.681781858,13914099.580637528,13914099.580637528,13914099.580637528,13914099.580637528,14482632.681781858,13914099.580637528,0.025135147629538758,0.024237463785626665,19150588.67012477,17804062.904256623,26574782.181072496,17849325.111118898,26571441.779798117,26571441.779798117,1091793013.7606914,777154826.4695008,314638187.29119056,314638187.29119056,314638187.29119056,553362244.1822146,554230005.2313297,276755929.0781,276755929.0781,275289712.1330436,268198009.766138,0.007929540621223538,475772.43727341224,33.41933822631836,2024-12-06,0,0,0,0,0,0,0,1,0,0,0,-14.11988728270947,0
33.25312194824219,32.47679119110107,31.99476327896118,30.711765632629394,33.1261538605665,32.673426338683,32.040835282244934,30.822715014198337,62.659133133465716,50.09129770954292,66.65279888009107,0.7762868878915938,0.6340743264708151,0.14221256142077876,27.555800240092896,88.69447969096015,-47.53737631529584,44.787275805427754,6.036928654579388,0.9129430451278854,2.754343858915429,0.6550876694051979,34.429799270465494,33.25312194824219,32.07644462601888,1.887054443359375,2.117357734792453,0.6688775893969421,14.285714285714286,85.71428571428572,71.42857142857143,-0.7462706962126249,-0.008191830793024102,1.0198165673389943,0.9854651169237927,0.0442225392296719,0.012744265080713678,0.874940561103186,0.017822237553179257,0.9126518722931279,0.7150766026255927,3.469995244888255,0.7265625,-11736107.38190151,95457696.03171305,-88458269.52117026,-13154094.649123544,286373088.09513915,280218419.9565584,-6154668.13858074,280218419.9565584,14029022.962941395,19097573.194713768,787163952.9593632,718406655.4700226,12698528.527101146,14602251.858201366,14029022.962941395,14029022.962941395,14029022.962941395,14029022.962941395,14602251.858201366,14029022.962941395,0.025342751158861872,0.024437652903188237,19308762.787704285,17951115.404193826,26794276.359228823,17996751.453852974,26790908.367939696,26790908.367939696,1100810668.4921348,783573729.8785245,317236938.61361027,317236938.61361027,317236938.61361027,557932734.7390865,558807663.0529044,279041792.2241827,279041792.2241827,277563465.0732491,270413188.85342735,0.007995034591783806,479702.0755070283,33.145572662353516,2024-12-09,0,0,0,0,0,0,0,1,0,0,0,-16.43526641364691,0
33.343074035644534,32.57554340362549,32.033384037017825,30.78626979827881,32.98270410569342,32.67749511273105,32.10321331212135,30.896169507600256,58.07761447676878,31.506979933919478,51.25969710210558,0.7325086151585722,0.6537611842083665,0.07874743095020575,27.835884976550684,48.43690791616336,-57.38760828482653,41.67135926036668,3.11439803198601,0.9112862675008664,2.787165750353863,0.8897481583496187,34.23151175123644,33.343074035644534,32.45463632005263,0.9875221252441406,2.198636638584804,0.6968936308836291,7.142857142857143,78.57142857142857,71.42857142857143,-0.6153862276829692,-0.013569476412066739,1.0273355308616907,0.9835293713737937,0.0442225392296719,0.012744265080713678,0.874940561103186,0.017822237553179257,0.9126518722931279,0.7150766026255927,3.469995244888255,0.7265625,-11897550.918450791,96770825.46523985,-89675113.86349028,-13335044.217081092,290312476.3957196,284073143.78038806,-6239332.61533152,284073143.78038806,14222008.167299788,19360282.085808102,797992290.522621,728289158.0209517,12873211.263691358,14803122.47951204,14222008.167299788,14222008.167299788,14222008.167299788,14222008.167299788,14803122.47951204,14222008.167299788,0.025691369592541553,0.024773820678522216,19574376.83241261,18198053.4613836,27162862.17682142,18244317.286932264,27159447.8549725,27159447.8549725,1115953574.1941235,794352679.8303443,321600894.3637791,321600894.3637791,321600894.3637791,565607735.5653226,566494699.5155413,282880330.19216293,282880330.19216293,281381666.9659313,274133030.54517853,0.008105015407170848,486300.9244302509,32.695804595947266,2024-12-10,0,0,0,0,0,0,0,1,0,0,0,-8.221208261477733,0
33.23161163330078,32.73393859863281,32.10915946960449,30.858623046875,32.93270107290369,32.705713275384355,32.17268775928353,30.972111684060017,59.058807960425156,18.60698787222714,33.40175517189647,0.7007817549202215,0.6631652983507375,0.03761645656948409,28.095963660404344,43.225270321627534,-56.31916354367323,39.19853036142836,5.068850120375323,0.8929863684841616,2.7198083138924685,0.6550876812669983,34.20436717506677,33.23161163330078,32.25885609153479,1.5839519500732422,2.167646059247288,0.6900622905829046,0.0,71.42857142857143,71.42857142857143,0.20896057755812764,0.0041867882766195574,1.0200598245010914,1.004186698866485,0.0442225392296719,0.012744265080713678,0.874940561103186,0.017822237553179257,0.9126518722931279,0.7150766026255927,3.469995244888255,0.7265625,-11847946.076714782,96367355.7499372,-89301228.52680653,-13279445.988297287,289102067.2498116,282888748.484645,-6213318.765166621,282888748.484645,14162711.891188622,19279562.638972897,794665195.5978545,725252678.6085665,12819538.569895249,14741403.34480708,14162711.891188622,14162711.891188622,14162711.891188622,14162711.891188622,14741403.34480708,14162711.891188622,0.02558425373892138,0.02467053039110276,19492764.75346391,18122179.73173598,27049611.18183819,18168250.668028675,27046211.095431175,27046211.095431175,1111300793.0619338,791040759.6515073,320260033.41042656,320260033.41042656,320260033.41042656,563249529.0403252,564132794.9432164,281700908.1324808,281700908.1324808,280208493.3310437,272990078.8832766,0.008071222905731151,484273.374343869,32.83269500732422,2024-12-11,0,0,0,0,0,0,0,1,0,0,0,-9.356714512807988,0
32.916778564453125,32.81900272369385,32.15071363449097,30.930194053649902,32.785294825376546,32.666580376282155,32.20295390890627,31.031655630972264,55.55803994938612,7.363170492205344,19.15904609945061,0.640639394403749,0.6586601175613398,-0.018020723157590846,28.057913153672892,15.193090680742753,-65.08998281554153,38.0763319197878,2.6885130316150807,0.8669147323147406,2.6682113349412435,0.5279834621122674,33.57559020462993,32.916778564453125,32.25796692427632,0.8506412506103551,2.058945414706343,0.6574709598834687,0.0,64.28571428571429,64.28571428571429,-0.7407423105723436,-0.010422923763206526,1.0162504039412035,0.9881058128702188,0.0442225392296719,0.012744265080713678,0.874940561103186,0.017822237553179257,0.9126518722931279,0.7150766026255927,3.469995244888255,0.7265625,-11972737.001720639,97382364.7132239,-90241812.05410004,-13419314.480077632,292147094.13967174,285868332.31871796,-6278761.820953754,285868332.31871796,14311883.562468115,19482628.591488853,803035169.953453,732891551.375249,12954562.992350172,14896670.202654986,14311883.562468115,14311883.562468115,14311883.562468115,14311883.562468115,14896670.202654986,14311883.562468115,0.025853725145103694,0.02493037781849285,19698076.301031385,18313055.311115116,27334516.766196344,18359611.499004893,27331080.86768105,27331080.86768105,1123005796.8683314,799372558.8912299,323633237.97710156,323633237.97710156,323633237.97710156,569182070.3671459,570074639.4495364,284667980.7941239,284667980.7941239,283159846.8273262,275865402.94710046,0.008156234718395808,489374.0831037485,32.490482330322266,2024-12-12,0,0,0,0,0,0,0,1,0,0,0,-5.663179794732649,0
32.68994216918945,32.88353424072265,32.1800461769104,30.979276924133302,32.618581966917695,32.59723053513994,32.21078270329615,31.08081251799296,53.5086011275769,6.892356541316005,10.954171635249452,0.5698392890799084,0.6408959518650535,-0.07105666278514511,27.41332406847714,-20.66362630626106,-70.29466357404485,30.983942292464974,2.039565144029365,0.842705355379158,2.610194446183478,0.5279834552165852,33.2775799861081,32.68994216918945,32.1023043522708,0.6453151702880895,2.133361583540138,0.6825415293375627,0.0,57.142857142857146,57.142857142857146,-0.2222198674748178,-0.006319576244968261,1.016438384797879,0.9963790303532036,0.0442225392296719,0.012744265080713678,0.874940561103186,0.017822237553179257,0.9126518722931279,0.7150766026255927,3.469995244888255,0.7265625,-12048880.82274652,98001693.88989715,-90815728.97761646,-13504658.197217181,294005081.66969144,287686388.384755,-6318693.284936479,287686388.384755,14402903.811252268,19606533.575317603,808142286.7513611,737552571.0828797,13036950.998185119,14991409.558378706,14402903.811252268,14402903.811252268,14402903.811252268,14402903.811252268,14991409.558378706,14402903.811252268,0.02601814882032668,0.025088929219600726,19823351.48215366,18429522.08106473,27508357.93151845,18476374.355474893,27504900.181488205,27504900.181488205,1130147852.3895948,804456382.3351482,325691470.05444646,325691470.05444646,325691470.05444646,572801935.8741682,573700181.4882033,286478402.9038113,286478402.9038113,284960677.55595887,277619842.71022385,0.00820810647307925,492486.388384755,32.28515625,2024-12-13,0,0,0,0,0,0,0,1,0,0,0,-2.8276181091197823,0
32.45332679748535,32.85322437286377,32.18444595336914,31.00743591308594,32.3998865792228,32.48182422035686,32.18713633191871,31.115388333123942,50.36448391709435,4.75035634244649,6.335294458655902,0.48213593120796716,0.6091439477336362,-0.12700801652566907,26.474503337150985,-44.99018030650602,-77.77776341582518,25.801587818774944,-0.9393866235875348,0.8300026279100706,2.5968016797065485,0.6648671708119345,33.06865932701803,32.45332679748535,31.837994267952674,-0.3030986785888672,2.0458811642672985,0.655653488941681,14.285714285714286,50.0,35.714285714285715,-0.45588416789148245,-0.009994080365244962,1.0208397267213163,0.9906060189911814,0.0442225392296719,0.012744265080713678,0.874940561103186,0.017822237553179257,0.9126518722931279,0.7150766026255927,3.469995244888255,0.7265625,-12170513.916918539,98991018.08002636,-91732511.06530888,-13640987.320762167,296973054.2400791,290590573.9340344,-6382480.306044683,290590573.9340344,14548300.697601851,19804460.94963865,816300459.1422149,744998142.3898823,13168558.631442193,15142747.39277268,14548300.697601851,14548300.697601851,14548300.697601851,14548300.697601851,15142747.39277268,14548300.697601851,0.02628080126018399,0.02534220121517742,20023467.626806848,18615567.55929699,27786053.988108646,18662892.806026272,27782561.332194503,27782561.332194503,1141556661.4051585,812577345.6303555,328979315.77480316,328979315.77480316,328979315.77480316,578584354.4102173,579491667.7870569,289370393.87552583,289370393.87552583,287837347.13534844,280422406.77979654,0.008290967064224712,497458.0238534827,31.962495803833008,2024-12-16,0,0,0,0,0,0,0,1,0,0,0,-0.6093013699553866,0
32.330131912231444,32.836602973937985,32.207911777496335,31.042048149108886,32.29320110937444,32.40873439296066,32.17691669741957,31.15320958161625,51.480965250918175,12.782514331015129,8.14174240492583,0.4172880540114896,0.5707727689892069,-0.15348471497771732,25.26549509007428,-64.41840980367576,-75.05655979474777,30.470603117978207,-0.5154554414134371,0.8203023250308172,2.5570656723930463,0.6941983876005224,32.948589349312044,32.330131912231444,31.711674475150847,-0.1662139892578125,2.0369657637849077,0.6535853239206162,7.142857142857143,42.85714285714286,35.714285714285715,0.4225400543729362,0.0036710013687559773,1.021906790737901,1.0092280242155258,0.0442225392296719,0.012744265080713678,0.874940561103186,0.017822237553179257,0.9126518722931279,0.7150766026255927,3.469995244888255,0.7265625,-12125999.356682623,98628951.06566535,-91396992.58044589,-13591094.394636564,295886853.19699603,289527717.28757894,-6359135.909417108,289527717.28757894,14495089.205288997,19732024.660103086,813314779.473538,742273256.2501969,13120393.648400297,15087361.66744059,14495089.205288997,14495089.205288997,14495089.205288997,14495089.205288997,15087361.66744059,14495089.205288997,0.026184677274070443,0.02524951022856793,19950230.30405367,18547479.735799897,27684424.428139724,18594631.886917885,27680944.54687447,27680944.54687447,1137381332.97501,809605283.526378,327776049.4486318,327776049.4486318,327776049.4486318,576468139.0826008,577372133.8932533,288312000.12842566,288312000.12842566,286784560.6207715,279396740.9613017,0.008260642235272224,495638.5341163334,32.079830169677734,2024-12-17,0,0,0,0,0,0,0,1,0,0,0,-0.17149580803219203,0
32.11307144165039,32.67234153747559,32.21328935623169,31.0772469329834,32.11126495772261,32.28849044049853,32.13600964570523,31.176510878588903,48.17463067183423,10.776514313394747,9.43646166228541,0.3352066612128475,0.5236595474339351,-0.18845288622108758,24.84204645387869,-64.51683966794269,-92.40501069281196,26.130969098189404,-4.9194789437666415,0.8511033433966185,2.680860606920275,1.2515165821520355,32.62653118920764,32.11307144165039,31.59961169409314,-1.6426143646240234,1.923882488029231,0.6171709451919938,0.0,35.714285714285715,35.714285714285715,-0.2656245809056923,-0.010362820298625341,1.0394575415592118,0.9896373014825696,0.0442225392296719,0.012744265080713678,0.874940561103186,0.017822237553179257,0.9126518722931279,0.7150766026255927,3.469995244888255,0.7265625,-12252974.731953453,99661727.63984762,-92354040.91025071,-13733411.26769076,298985182.91954285,292559458.38144904,-6425724.538093842,292559458.38144904,14646872.108890375,19938645.257908832,821831269.2323844,750045846.5739733,13257781.65727303,15245346.453124605,14646872.108890375,14646872.108890375,14646872.108890375,14646872.108890375,15245346.453124605,14646872.108890375,0.026458865745092288,0.02551390625419614,20159135.8057846,18741696.569440372,27974317.250786357,18789342.466426797,27970800.930526134,27970800.930526134,1149291231.477598,818082929.9184964,331208301.5591017,331208301.5591017,331208301.5591017,582504528.8380854,583417989.6792849,291331011.043284,291331011.043284,289787577.20815367,282322397.23007405,0.008347142169582687,500828.5301749612,31.747392654418945,2024-12-18,0,0,0,0,0,0,0,1,0,0,0,4.642194966024477,1
32.02507400512695,32.47092628479004,32.2626654624939,31.119094467163087,32.09100835438343,32.24521856908154,32.127865407800456,31.21078477149542,51.248945212812224,19.964984596581722,14.508004413663821,0.29125697502349013,0.47717903295184605,-0.18592205792835592,24.30239222207194,-86.47046642514974,-87.89460759612038,29.84407153855052,-5.9127355318564945,0.8412929239857266,2.624898367743208,0.7137574716441328,32.3741415744648,32.02507400512695,31.676006435789102,-2.0141525268554688,1.783596472196098,0.5726710099440382,0.0,28.571428571428573,28.571428571428573,0.0,0.009547319258167208,1.0225657926233775,1.0,0.0442225392296719,0.012744265080713678,0.874940561103186,0.017822237553179257,0.9126518722931279,0.7150766026255927,3.469995244888255,0.7265625,-12137097.982645478,98719223.69431952,-91480645.97716334,-13603533.985690048,296157671.0829586,289792714.8144247,-6364956.268533875,289792714.8144247,14508356.20033457,19750084.89206835,814059186.2858694,742952640.5212189,13132402.418754453,15101170.754756842,14508356.20033457,14508356.20033457,14508356.20033457,14508356.20033457,15101170.754756842,14508356.20033457,0.026208643458668898,0.025272620478002154,19968490.254223924,18564455.783223804,27709763.294049818,18611651.0915343,27706280.227735694,27706280.227735694,1138422349.852919,810346295.1292245,328076054.7236946,328076054.7236946,328076054.7236946,576995766.0490047,577900588.2636492,288575884.9395579,288575884.9395579,287047047.4044689,279652465.8572016,0.008268202995889594,496092.1797533756,32.05049514770508,2024-12-19,0,0,0,0,0,0,0,1,0,0,0,5.349301254664899,1
32.0759162902832,32.38292922973633,32.335507488250734,31.176194763183595,32.24046146151604,32.29870022484512,32.167056099989104,31.262886061859568,55.80291673587524,34.560587229992144,21.76736204665616,0.2925026707043017,0.44024376050233716,-0.14774108979803546,24.208423685690967,-48.08884599967989,-75.33153439326114,35.50769986414721,-2.633117821118658,0.8447540164387676,2.5960984394528053,0.8897482183283003,32.59456123683652,32.0759162902832,31.557271343729887,-0.8799705505371094,1.4558730749094961,0.4679394501906202,0.0,21.42857142857143,21.42857142857143,0.8241759623728243,0.01525319736319819,1.027974174041201,1.0230556418119918,0.0442225392296719,0.012744265080713678,0.874940561103186,0.017822237553179257,0.9126518722931279,0.7150766026255927,3.469995244888255,0.7265625,-11954749.82415006,97236062.83704571,-90106237.74912076,-13399154.044548651,291708188.5111372,285438859.55451345,-6269328.956623681,285438859.55451345,14290382.180539273,19453358.96834701,801828734.3493552,731790495.662368,12935100.773739742,14874290.269636577,14290382.180539273,14290382.180539273,14290382.180539273,14290382.180539273,14874290.269636577,14290382.180539273,0.025814883939038687,0.024892923798358734,19668483.001172334,18285542.790152404,27293450.9007381,18332029.03460164,27290020.164126612,27290020.164126612,1121318655.0996482,798171625.7913247,323147029.30832356,323147029.30832356,323147029.30832356,568326962.7198124,569218190.855803,284240311.37162954,284240311.37162954,282734443.14185226,275450958.0304807,0.00814398124267292,488638.8745603752,32.53936767578125,2024-12-20,0,0,0,0,0,0,0,1,0,0,0,5.83274325908558,1
32.30470924377441,32.379018020629886,32.42790460586548,31.23955265045166,32.529127831440384,32.44556574238038,32.25652319249386,31.33518310144504,60.421500990373424,65.98765873059249,40.171076852388744,0.33538345903371436,0.4192717002086126,-0.08388824117489824,24.57864039145027,15.452195301092507,-59.9468872536241,43.22459717969405,-0.1180009513272795,0.831904957054216,2.5128175670209503,0.6648671850550443,33.25283031463527,32.30470924377441,31.356588172913554,-0.039112091064453125,1.037215825284335,0.33393840300731625,85.71428571428572,14.285714285714286,-71.42857142857143,0.9264717432036739,0.01742790152403284,1.020481936432208,1.0189588045980706,0.0442225392296719,0.012744265080713678,0.874940561103186,0.017822237553179257,0.9126518722931279,0.7150766026255927,3.469995244888255,0.7265625,-11749972.461186405,95570470.09561384,-88562774.43752837,-13169634.943643374,286711410.2868415,280549471.0012836,-6161939.285557909,280549471.0012836,14045596.900904058,19120135.136069395,788093911.2720166,719255383.6652203,12713530.614173155,14619503.01083347,14045596.900904058,14045596.900904058,14045596.900904058,14045596.900904058,14619503.01083347,14045596.900904058,0.025372691175826682,0.024466523633832876,19331574.229201283,17972322.916210566,26825931.21326288,18018012.880462192,26822559.24301678,26822559.24301678,1102111170.157605,784499446.6887746,317611723.46883047,317611723.46883047,317611723.46883047,558591878.4697176,559467840.4269783,279371453.19669163,279371453.19669163,277891379.54476845,270732655.96301734,0.008004479954278656,480268.7972567194,33.10646057128906,2024-12-23,0,0,0,0,0,0,0,1,0,0,0,4.049761138240235,1
32.6058536529541,32.46799278259277,32.52176809310913,31.3173811340332,32.88126929281898,32.65283601023416,32.38309738516836,31.42343287062665,63.857713096490684,88.20507743050297,62.91777446369582,0.4033756214111932,0.4160924844491287,-0.01271686303793551,25.39672385227135,72.52410132151483,-46.94962357197365,46.43911662768132,2.7212898738059987,0.8164817909784258,2.4310506664820033,0.6159806319931533,33.95053660467427,32.6058536529541,31.261170701233937,0.8897476196289062,0.8740455621444989,0.28197987874349195,78.57142857142857,7.142857142857143,-71.42857142857143,0.8095197728139698,0.01447124325644733,1.0186611700070316,1.0150708723177768,0.0442225392296719,0.012744265080713678,0.874940561103186,0.017822237553179257,0.9126518722931279,0.7150766026255927,3.469995244888255,0.7265625,-11582361.293425187,94207175.14755088,-87299442.96226902,-12981772.555098668,282621525.44265264,276547485.07283586,-6074040.369816808,276547485.07283586,13845239.0782589,18847389.971049212,776851898.4749526,708995339.6376364,12532174.468901442,14410958.524467329,13845239.0782589,13845239.0782589,13845239.0782589,13845239.0782589,14410958.524467329,13845239.0782589,0.02501075446395156,0.02411751323309615,19055812.924915474,17715951.078632355,26443264.303039066,17760989.28405744,26439940.43332022,26439940.43332022,1086389759.6740484,773308708.2592261,313081051.4148222,313081051.4148222,313081051.4148222,550623669.4069717,551487135.9301319,275386271.4727238,275386271.4727238,273927310.79565996,266870705.0719022,0.007890297539222815,473417.8523533688,33.58555221557617,2024-12-24,0,0,0,0,0,0,0,1,0,0,0,2.06503653746355,1
32.97741775512695,32.54524459838867,32.63959159851074,31.393256225585937,33.12258391697372,32.82599549297035,32.49948936422692,31.50899288218181,63.995860795287655,97.03225172086144,83.74166262731892,0.45361735577004225,0.42359745871331145,0.030019897056730804,26.245991097356047,101.85668306588303,-30.341178432127798,51.981581532464936,2.3528929251365183,0.7974775997876736,2.373077045711259,0.5504231143078968,34.18793170864221,32.97741775512695,31.76690380161169,0.7725181579589844,0.7531779233620416,0.24356404328958092,71.42857142857143,0.0,-71.42857142857143,0.6071416407245266,0.0005853990305364487,1.0165926332826967,1.0100443181067742,0.0442225392296719,0.012744265080713678,0.874940561103186,0.017822237553179257,0.9126518722931279,0.7150766026255927,3.469995244888255,0.7265625,-11575584.957213342,94152058.62370954,-87248367.85231239,-12974177.484177422,282456175.8711286,276385689.1583484,-6070486.712780261,276385689.1583484,13837138.830602067,18836363.18230346,776397396.1919109,708580537.2780569,12524842.438280452,14402527.298949247,13837138.830602067,13837138.830602067,13837138.830602067,13837138.830602067,14402527.298949247,13837138.830602067,0.024996121758506958,0.02410340312427457,19044664.196957685,17705586.245609097,26427793.498345915,17750598.10113759,26424471.573278785,26424471.573278785,1085754160.2412422,772856278.942789,312897881.2984532,312897881.2984532,312897881.2984532,550301523.4286538,551164484.7750784,275225154.9338463,275225154.9338463,273767047.8312667,266714570.6208308,0.00788568126905279,473140.87614316744,33.6052131652832,2024-12-26,0,0,0,0,0,0,0,1,0,0,0,1.1815213399769904,1
33.25887451171875,32.64197425842285,32.73048849105835,31.4579695892334,33.234315588203835,32.94086520891466,32.59075503722093,31.585415864475234,62.079596352843694,92.85366418715624,92.69699777950684,0.47604997387907133,0.4340879617464634,0.04196201213260792,27.03459639636327,100.86922819175966,-12.679020162278869,53.00364649374904,2.9771690998845246,0.7707038824529695,2.3035117903377,0.4226455571018164,34.062442479834004,33.25887451171875,32.4553065436035,0.9672966003417969,0.7317343581063791,0.23714121794088783,64.28571428571429,0.0,-64.28571428571429,0.34884051028193014,-0.004387242952276549,1.0127219028071546,1.004426129494848,0.0442225392296719,0.012744265080713678,0.874940561103186,0.017822237553179257,0.9126518722931279,0.7150766026255927,3.469995244888255,0.7265625,-11626593.648255635,94566946.79455227,-87632834.38736638,-13031349.17902174,283700840.3836568,277603603.61182094,-6097236.77183586,277603603.61182094,13898113.229919976,18919367.042020094,779818650.0684775,711702951.0340955,12580034.104243694,14465993.12533606,13898113.229919976,13898113.229919976,13898113.229919976,13898113.229919976,14465993.12533606,13898113.229919976,0.025106269060500598,0.024209616594054153,19128585.9508576,17783607.251187924,26544249.57019623,17828817.45486387,26540913.00681492,26540913.00681492,1090538618.1077206,776261928.61824,314276689.48948073,314276689.48948073,314276689.48948073,552726468.73314,553593232.7840382,276437955.4054405,276437955.4054405,274973423.043578,267889868.55865103,0.007920430120276975,475225.8072166185,33.45777893066406,2024-12-27,0,0,0,0,0,0,0,1,0,0,0,0.26801566478419875,1
33.34819869995117,32.712057495117186,32.79779586791992,31.5292822265625,33.15153993111701,32.94906946491988,32.62839633052783,31.64034028614065,56.27278970086258,74.0364289338905,87.97411494730268,0.45056462145823417,0.43738329368881756,0.013181327769416606,26.608712794050096,43.60984706013074,-35.219296290242674,60.609183771598715,2.1707572406231,0.7739254720915226,2.346224880748286,0.8158061373927126,33.85734262523484,33.34819869995117,32.839054774667495,0.7008323669433594,0.5416944742831967,0.17595354715982836,57.142857142857146,85.71428571428572,28.571428571428573,-0.17807854100801848,-0.014101064948107145,1.0219813177464867,0.9961413695839422,0.0442225392296719,0.012744265080713678,0.874940561103186,0.017822237553179257,0.9126518722931279,0.7150766026255927,3.469995244888255,0.7265625,-11792885.898232223,95919514.09256236,-88886224.81649584,-13217733.294676734,287758542.2776871,281574098.25907683,-6184444.018610215,281574098.25907683,14096894.45418505,19189965.998922873,790972200.4390153,721882259.6624825,12759963.17369137,14672896.593173256,14096894.45418505,14096894.45418505,14096894.45418505,14096894.45418505,14672896.593173256,14096894.45418505,0.02546535772368912,0.0245558806621288,19402177.31328695,18037961.72094646,26923905.307595316,18083818.5548151,26920521.022185642,26920521.022185642,1106136318.1717203,787364608.094826,318771710.07689416,318771710.07689416,318771710.07689416,560631976.6478368,561511137.8073452,280391778.07904845,280391778.07904845,278906298.8784999,271721430.09217334,0.008033714043782877,482022.84262697265,32.98598861694336,2024-12-30,0,0,0,0,0,0,0,1,0,0,0,0.6830052090422674,1
33.335899353027344,32.82030429840088,32.836764335632324,31.584370460510254,33.11601456630131,32.96650480523807,32.66806942635088,31.695423562631994,56.81655439216803,55.0057926346907,73.96529525191244,0.43016740137498743,0.4359401152260515,-0.005772713851064093,26.22538423150002,57.88290030892556,-32.40169343006398,59.361766741381125,3.3866818144629995,0.7481321017125373,2.2639822074259217,0.41281828678572907,33.87015929770039,33.335899353027344,32.8016394083543,1.082468032836914,0.45053156360940055,0.1466820056621856,50.0,78.57142857142857,28.571428571428573,0.1904705679330851,0.0017878869847263168,1.0125261556496659,1.0023851524798375,0.04492753623188406,0.013777777777777778,0.7785507246376812,0.016919550267438053,0.9152930902739875,0.8143111111111111,3.260869565217391,0.7231726283048211,-48963588.1581601,13980950.388794787,-7898329.115747704,-59918358.80912051,281071574.0500562,227235836.5139828,-53835737.53607343,227235836.5139828,14071735.780929817,18096554.83224953,831684977.3490198,761235513.0522356,14236541.529452277,14676971.728496691,14071735.780929817,14071735.780929817,14071735.780929817,14071735.780929817,14676971.728496691,14071735.780929817,0.02360420195510808,0.022998966007541206,19458335.714274995,18096554.83224953,26875854.317457736,17954738.214650463,26872476.0719692,26872476.0719692,1021335661.5190997,708126058.6532425,313209602.86585724,313209602.86585724,313209602.86585724,466606653.7766814,515933383.5033816,274777120.1953607,274777120.1953607,243849563.2746935,184596964.00789654,0.0067181190179923,-47026.8331259461,33.04496383666992,2024-12-31,0,0,0,0,0,0,0,1,0,0,0,0.47340623805560933,1
33.178636169433595,32.89224491119385,32.86442394256592,31.645103797912597,33.010421810070014,32.93609234930522,32.680561509327696,31.7387103365526,53.813786712387426,31.13525323532322,53.39249160130142,0.3896822839329843,0.4266885489674381,-0.037006265034453756,25.3596400928698,30.1251218735912,-44.14158384670504,53.26873491489478,2.242549677241379,0.7375203173186532,2.2485899080901843,0.5995671201981594,33.7844838395982,33.178636169433595,32.57278849926899,0.7194061279296875,0.39937583736811816,0.13026362199049402,42.85714285714286,71.42857142857143,28.571428571428573,-0.426232583735648,-0.007436156997388421,1.0183403680437542,0.9922687443362296,0.04492753623188406,0.013777777777777778,0.7785507246376812,0.016919550267438053,0.9152930902739875,0.8143111111111111,3.260869565217391,0.7231726283048211,-49330416.88284757,14085693.819453385,-7957502.352548341,-60367259.226228796,283177325.09758234,228938257.3382586,-54239067.75932375,228938257.3382586,14177159.363735551,18232131.826911524,837915851.168912,766938588.8059522,14343199.81512244,14786929.658949982,14177159.363735551,14177159.363735551,14177159.363735551,14177159.363735551,14786929.658949982,14177159.363735551,0.02378104151336286,0.023171271218148427,19604114.991143998,18232131.826911524,27077204.662377592,18089252.737975486,27073801.107520793,27073801.107520793,1028987373.1743544,713431245.4008857,315556127.7734687,315556127.7734687,315556127.7734687,470102409.0955666,519798688.1555428,276835714.0273523,276835714.0273523,245676451.94189477,185979940.04040185,0.006768450276880198,-47379.15193816139,32.79923629760742,2025-01-02,0,0,0,0,0,0,0,1,0,0,0,-4.7726753850811505,0
33.06462020874024,33.021018981933594,32.84668025970459,31.709577293395995,33.018658993985476,32.954099806125434,32.71433025718376,31.789550455190398,56.20660042010761,39.61321609389706,41.9180873213036,0.37234035050155967,0.4158189092742624,-0.043478558772702736,23.97558636436389,-9.170591376922635,-32.87135465714551,58.71526298166584,4.056209344228523,0.778917488816577,2.357845752537168,1.317080718289585,33.49584281969337,33.06462020874024,32.6333975977871,1.287740707397461,0.5161571475738141,0.168617358574501,35.714285714285715,64.28571428571429,28.571428571428573,0.14179285057490879,0.007192151124146617,1.0414219541203331,1.0056852917958208,0.04492753623188406,0.013777777777777778,0.7785507246376812,0.016919550267438053,0.9152930902739875,0.8143111111111111,3.260869565217391,0.7231726283048211,-48978158.56466807,13985110.789169746,-7900679.471803687,-59936189.09644176,281155214.30694497,227303456.52786928,-53851757.779075705,227303456.52786928,14075923.196891626,18101939.93922837,831932467.140156,761462038.7479761,14240777.987709414,14681339.248370836,14075923.196891626,14075923.196891626,14075923.196891626,14075923.196891626,14681339.248370836,14075923.196891626,0.02361122600768918,0.02300580995620997,19464126.055056594,18101939.93922837,26883851.936451454,17960081.120355956,26880472.68567691,26880472.68567691,1021639586.8711665,708336780.2306753,313302806.640491,313302806.640491,313302806.640491,466745504.8878967,516086913.08345234,274858887.3715612,274858887.3715612,243922127.1409736,184651895.70115897,0.006720118171419228,-47040.827199934596,33.035133361816406,2025-01-03,0,0,0,0,0,0,0,1,0,0,0,-4.64458158130486,0
33.023339080810544,33.14110679626465,32.806016540527345,31.773682479858397,33.09623042632886,33.008149530650925,32.7654772127868,31.846876840909033,58.337392231246824,51.13718308527438,40.6285508048315,0.3717600796238685,0.40700714334418364,-0.035247063720315164,22.823144274283113,86.46964170976365,-26.014473948925556,52.85402724777366,3.7468317970636322,0.7794460722046318,2.344101897334973,0.786317656249345,33.31209288701568,33.023339080810544,32.73458527460541,1.2008781433105469,0.5778669513115235,0.18922171225914752,28.571428571428573,100.0,71.42857142857143,-0.12307358240313938,0.006545756205396769,1.0192536006574477,0.9976408724058567,0.04492753623188406,0.013777777777777778,0.7785507246376812,0.016919550267438053,0.9152930902739875,0.8143111111111111,3.260869565217391,0.7231726283048211,-48659644.39541438,13894162.985588038,-7849299.868481554,-59546412.79537731,279326809.1128608,225825259.43458998,-53501549.678270824,225825259.43458998,13984384.82315679,17984219.622038197,826522253.9673507,756510108.013998,14148167.532289935,14585863.740281815,13984384.82315679,13984384.82315679,13984384.82315679,13984384.82315679,14585863.740281815,13984384.82315679,0.02345767776787591,0.022856198850750884,19337547.1855695,17984219.622038197,26709021.19522275,17843283.3377234,26705663.920351032,26705663.920351032,1014995672.6484768,703730333.0362773,311265339.61219954,311265339.61219954,311265339.61219954,463710171.1575367,512730702.9032261,273071428.37476057,273071428.37476057,242335855.70967188,183451069.7231321,0.006676415980087759,-46734.91186061431,33.251373291015625,2025-01-06,0,0,0,0,0,0,0,1,0,0,0,-14.185154660369445,0
32.88966598510742,33.1189323425293,32.75093078613281,31.852551498413085,32.83669466369515,32.88259927751944,32.72282444380022,31.865337480027414,47.57334637308245,54.86485266855146,48.538417282574244,0.2925816776799266,0.3841220502113322,-0.09154037253140562,22.084231450751975,-20.379394363083374,-68.62448635021178,44.3974999269407,-0.6814654161781952,0.8480375282276903,2.624071468979162,1.7397264565274497,33.529366478998234,32.88966598510742,32.24996549121661,-0.22174453735351562,0.6428636636116485,0.21067237854003906,21.42857142857143,92.85714285714286,71.42857142857143,-0.6045194452526443,-0.028081551532194493,1.0543445033573318,0.9684830730256638,0.04492753623188406,0.013777777777777778,0.7785507246376812,0.016919550267438053,0.9152930902739875,0.8143111111111111,3.260869565217391,0.7231726283048211,-50065563.08517918,14295605.775866983,-8076088.977275504,-61266881.89657279,287397373.26028687,232350008.1623056,-55047365.09798131,232350008.1623056,14388434.384801185,18503836.04755077,850402886.4462172,778367885.913277,14556949.252886405,15007291.777695859,14388434.384801185,14388434.384801185,14388434.384801185,14388434.384801185,15007291.777695859,14388434.384801185,0.024135438322892312,0.023516580929997637,19896265.18156379,18503836.04755077,27480722.520833474,18358827.703962915,27477268.244523555,27477268.244523555,1044321850.5097635,724063149.6867694,320258700.8229941,320258700.8229941,320258700.8229941,477108107.0521494,527544984.5730654,280961256.3741823,280961256.3741823,249337643.5972644,188751504.83287576,0.006869317061130888,-48085.21942791622,32.317623138427734,2025-01-07,0,0,0,0,0,0,0,1,0,0,0,-20.853321539008327,0
32.744197845458984,33.040048599243164,32.709533309936525,31.923403015136717,32.66367082193934,32.77987634313913,32.68423384328855,31.8830741725137,47.57334637308245,43.19109589411246,49.73104388264605,0.2272130530494394,0.35274025077895366,-0.12552719772951426,21.806600670763096,-114.21712515138393,-67.99991861011257,48.64133711426184,-2.382729591895527,0.8380124444291905,2.593050982863711,0.7076863550486934,33.497235214958415,32.744197845458984,31.991160475959557,-0.7888374328613281,0.630742248219053,0.20686450371375287,100.0,85.71428571428572,-14.285714285714286,0.2916701987877723,0.0,1.022388097764903,1.0064280046201393,0.04492753623188406,0.013777777777777778,0.7785507246376812,0.016919550267438053,0.9152930902739875,0.8143111111111111,3.260869565217391,0.7231726283048211,-50065563.08517918,14295605.775866983,-8076088.977275504,-61266881.89657279,287397373.26028687,232350008.1623056,-55047365.09798131,232350008.1623056,14388434.384801185,18503836.04755077,850402886.4462172,778367885.913277,14556949.252886405,15007291.777695859,14388434.384801185,14388434.384801185,14388434.384801185,14388434.384801185,15007291.777695859,14388434.384801185,0.024135438322892312,0.023516580929997637,19896265.18156379,18503836.04755077,27480722.520833474,18358827.703962915,27477268.244523555,27477268.244523555,1044321850.5097635,724063149.6867694,320258700.8229941,320258700.8229941,320258700.8229941,477108107.0521494,527544984.5730654,280961256.3741823,280961256.3741823,249337643.5972644,188751504.83287576,0.006869317061130888,-48085.21942791622,32.317623138427734,2025-01-08,0,0,0,0,0,0,0,1,0,0,0,-20.57798094423298,0
32.69505386352539,32.936845016479495,32.702418899536134,31.981959648132325,32.62695267727271,32.73871998764828,32.67178456182673,31.909366024099025,50.26221252370085,33.465055492594004,43.84033468508593,0.1922266912281998,0.32063753886880286,-0.12841084764060307,20.643250359065522,-49.20849615471779,-57.3333243910102,50.423486305926914,-3.0728565098836924,0.8406387441894952,2.5823285391710806,0.8747806410734569,33.45929787275484,32.69505386352539,31.930809854295937,-1.0320358276367188,0.6003695127665026,0.19696964361728675,92.85714285714286,78.57142857142857,-14.285714285714286,0.07865105932476127,0.007299214069713678,1.0272255503742522,1.0021179938408509,0.04492753623188406,0.013777777777777778,0.7785507246376812,0.016919550267438053,0.9152930902739875,0.8143111111111111,3.260869565217391,0.7231726283048211,-49702771.91312711,14192015.21870502,-8017567.039138551,-60822922.36587866,285314799.4617581,230666325.27544588,-54648474.18631219,230666325.27544588,14284171.161683625,18369751.300401736,844240593.6269915,772727581.8755947,14451464.91683745,14898544.114874318,14284171.161683625,14284171.161683625,14284171.161683625,14284171.161683625,14898544.114874318,14284171.161683625,0.023960545174437048,0.023346172221246353,19752090.445080798,18369751.300401736,27281588.367179617,18225793.73390867,27278159.121666793,27278159.121666793,1036754358.5092953,718816355.2331114,317938003.2761839,317938003.2761839,317938003.2761839,473650828.26236516,523722223.9474067,278925320.74857485,278925320.74857485,247530862.84053043,187383750.72316152,0.006819539780416698,-47736.77846291689,32.55351638793945,2025-01-10,0,0,0,0,0,0,0,1,0,0,0,-24.828541727870025,0
32.508303833007815,32.786462020874026,32.665853309631345,32.01719848632813,32.451762854591315,32.62284057339014,32.61746062348404,31.91689610979038,45.450584284406865,32.29630859331598,36.31748666000743,0.12655750242574726,0.28182153158019174,-0.15526402915444448,20.0101235630911,-132.0822647068696,-77.77783121892976,50.98238359793902,-4.474990081622998,0.8409711966389236,2.6197350785718196,0.8452930784814932,33.30454452183317,32.508303833007815,31.71206314418246,-1.5038299560546875,0.36209758757148897,0.11877707945995297,85.71428571428572,71.42857142857143,-14.285714285714286,-0.09588955195802976,-0.013888919812006684,1.02262874751752,0.9978612986311262,0.04492753623188406,0.013777777777777778,0.7785507246376812,0.016919550267438053,0.9152930902739875,0.8143111111111111,3.260869565217391,0.7231726283048211,-50402812.53472146,14391903.208307363,-8130490.77352429,-61679585.17846013,289333326.83714026,233915154.09346318,-55418172.74367706,233915154.09346318,14485357.125244424,18628480.776120786,856131333.060414,783611093.5172548,14655007.135790836,15108383.238158163,14485357.125244424,14485357.125244424,14485357.125244424,14485357.125244424,15108383.238158163,14485357.125244424,0.02429801840363581,0.02367499229072207,20030289.5301767,18628480.776120786,27665836.95822445,18482495.633690763,27662359.41337,27662359.41337,1051356565.541934,728940552.1090742,322416013.4328598,322416013.4328598,322416013.4328598,480321981.7508468,531098609.9533165,282853855.26283735,282853855.26283735,251017220.89294532,190022964.4386903,0.0069155898533425,-48409.12897339749,32.101383209228516,2025-01-13,0,0,0,0,0,0,0,1,0,0,0,-12.065753753482545,0
32.37069854736328,32.69701881408692,32.66949653625488,32.053072471618655,32.488957523991864,32.612023535099745,32.61230693198966,31.94224711971205,50.649016526572986,36.46143118872066,34.0742650915435,0.11051683396258483,0.24756059205667036,-0.13704375809408553,19.14102058846232,-71.7835610839708,-56.88881109331903,54.025430131160725,-2.6733157324180468,0.8195156388124809,2.516681231402732,0.540593387068725,32.715604894877984,32.37069854736328,32.02579219984858,-0.8944320678710938,0.1995315957279264,0.06538792145557437,78.57142857142857,64.28571428571429,-14.285714285714286,0.36734916309848603,0.014390770969384459,1.0149754842753336,1.0054628315935652,0.04492753623188406,0.013777777777777778,0.7785507246376812,0.016919550267438053,0.9152930902739875,0.8143111111111111,3.260869565217391,0.7231726283048211,-49687767.25615801,14187730.823451791,-8015146.63402796,-60804560.67193625,285228666.42471915,230596689.9422067,-54631976.482512414,230596689.9422067,14279858.945681999,18364205.697887816,843985727.7509211,772494304.900281,14447102.1969039,14894046.427216707,14279858.945681999,14279858.945681999,14279858.945681999,14279858.945681999,14894046.427216707,14279858.945681999,0.023953311779853676,0.023339124298318966,19746127.531340912,18364205.697887816,27273352.390406787,18220291.59041766,27269924.180141106,27269924.180141106,1036441375.0898224,718599353.3956102,317842021.6942122,317842021.6942122,317842021.6942122,473507838.88918436,523564118.6342632,278841116.61675817,278841116.61675817,247456136.3103345,187327181.86808643,0.006817481045035277,-47722.367315246935,32.56334686279297,2025-01-14,0,0,0,0,0,0,0,1,0,0,0,-21.693468330372248,0
32.35497207641602,32.622319030761716,32.667188262939455,32.09986320495605,32.405635277225045,32.544199398480046,32.57675301310411,31.95388412614261,47.24466808514303,36.36725785972031,35.041665880585604,0.07081534855499427,0.21221154335633513,-0.14139619480134086,17.779620020259525,-58.24531178339137,-71.55550751399622,43.98927292439364,-2.2645913145930563,0.8311856705645111,2.5782000315747453,0.9828960833409042,32.71496520104946,32.35497207641602,31.994978951782578,-0.7469978332519531,0.0665238568193505,0.021753629048667733,71.42857142857143,57.142857142857146,-14.285714285714286,-0.8699989318847664,-0.009960772167193044,1.0306091232337613,0.9741610044788422,0.04492753623188406,0.013777777777777778,0.7785507246376812,0.016919550267438053,0.9152930902739875,0.8143111111111111,3.260869565217391,0.7231726283048211,-50187675.25497387,14330473.404077832,-8095786.92308293,-61416314.58890499,288098348.43522704,232916720.32731694,-55181628.10791009,232916720.32731694,14423528.426182233,18548967.739477366,852477057.4984221,780266360.3454065,14592454.309642423,15043895.240211576,14423528.426182233,14423528.426182233,14423528.426182233,14423528.426182233,15043895.240211576,14423528.426182233,0.02419430574714439,0.023573938933115046,19944793.071043387,18548967.739477366,27547749.244348712,18403605.713989563,27544286.542902842,27544286.542902842,1046868998.6745169,725829172.4143317,321039826.2601852,321039826.2601852,321039826.2601852,478271795.27592224,528831690.6193137,281646533.5693219,281646533.5693219,249945789.37242243,189211878.2789497,0.006886071635725711,-48202.50145007997,32.238990783691406,2025-01-15,0,0,0,0,0,0,0,1,0,0,0,-19.67888094293181,0
32.21343460083008,32.478816223144534,32.6495602607727,32.13348617553711,32.14040210498271,32.37433328248332,32.48467517952258,31.940395954940865,41.42877568708476,41.9153232046846,38.24800408437514,-0.011277843840233004,0.1675136659170215,-0.1787915097572545,17.94668080748104,-195.59000599861156,-70.09347053293172,46.690668930699964,-4.342652887334763,0.8841462869354247,2.797051830900317,1.5726342997573006,32.915154599759425,32.21343460083008,31.51171460190073,-1.435028076171875,-0.19196803762965906,-0.06264089926695249,100.0,50.0,-50.0,-0.009007491923843324,-0.019512243029380927,1.0355769417695033,0.9996892035404946,0.04492753623188406,0.013777777777777778,0.7785507246376812,0.016919550267438053,0.9152930902739875,0.8143111111111111,3.260869565217391,0.7231726283048211,-51186437.462551385,14615657.66854063,-8256897.514045681,-62638532.86517413,293831663.2584532,237551890.54777402,-56279772.71067918,237551890.54777402,14710564.536518168,18918102.350188956,869441817.5422125,795794087.9916441,14882852.137520056,15343276.989701744,14710564.536518168,14710564.536518168,14710564.536518168,14710564.536518168,15343276.989701744,14710564.536518168,0.024675785674159508,0.02404307322097593,20341705.369852003,18918102.350188956,28095964.532450758,18769847.54083068,28092432.92135082,28092432.92135082,1067702264.7472863,740273570.2247852,327428694.5225012,327428694.5225012,327428694.5225012,487789665.78187877,539355730.7163403,287251453.745344,287251453.745344,254919847.38766322,192977298.22099102,0.007023108230337706,-49161.75761236394,31.609935760498047,2025-01-16,0,0,0,0,0,0,0,1,0,0,0,-20.051023640671925,0
32.01292343139649,32.35398864746094,32.62311677932739,32.17961811065674,31.94392158357897,32.22462914762662,32.395749975832004,31.925123977914616,40.92018689463439,39.229225017316,39.17060202724025,-0.08017192556577868,0.11797654762046146,-0.19814847318624013,18.076509893054386,-140.4494734474121,-71.96267664034218,51.4355851552927,-3.80580738377434,0.8539902897453718,2.7067013970677993,0.4619623262746835,32.78114543530413,32.01292343139649,31.244701427488838,-1.2482757568359375,-0.3711910833570382,-0.12089533683581521,92.85714285714286,42.85714285714286,-50.0,0.21276215830140455,-0.0018657177975116568,1.0147520782077581,1.0031249523162842,0.04492753623188406,0.013777777777777778,0.7785507246376812,0.016919550267438053,0.9152930902739875,0.8143111111111111,3.260869565217391,0.7231726283048211,-51282115.41798076,14642977.331957424,-8272331.349872052,-62755617.13696039,294380894.9333778,237995923.77850282,-56384971.15487502,237995923.77850282,14738061.600346759,18953464.16560723,871066982.7146881,797281590.4445649,14910671.242229529,15371956.722942317,14738061.600346759,14738061.600346759,14738061.600346759,14738061.600346759,15371956.722942317,14738061.600346759,0.02472190978122682,0.024088014658631262,20379728.19144724,18953464.16560723,28148481.655648634,18804932.237587348,28144943.44324284,28144943.44324284,1069698019.3800067,741657293.4368047,328040725.943202,328040725.943202,328040725.943202,488701444.7650466,540363897.2565846,287788385.658384,287788385.658384,255396344.8937509,193338012.39164564,0.00703623586081071,-49253.651025674975,31.550960540771484,2025-01-17,0,0,0,0,0,0,0,1,0,0,0,-19.118148640503826,0
32.1328369140625,32.320570373535155,32.67079467773438,32.23467029571533,32.19626459657218,32.31123305215971,32.42481670409168,31.95554855221438,53.02904715317397,53.036391027064404,44.726979749688276,-0.04149802950374237,0.08608163219562069,-0.12757966169936308,17.02495765020614,-10.653388355557151,-35.51400388754262,54.73065548047461,-1.0115979723698598,0.879345639909628,2.689052223769347,1.208965192044957,33.08420072500711,32.1328369140625,31.181473103117895,-0.3341827392578125,-0.4598160868392909,-0.14976102877885467,85.71428571428572,35.714285714285715,-50.0,0.9191902066483529,0.03644865519390583,1.030612296654166,1.0281211319607024,0.04492753623188406,0.013777777777777778,0.7785507246376812,0.016919550267438053,0.9152930902739875,0.8143111111111111,3.260869565217391,0.7231726283048211,-49478683.9280394,14128029.650651548,-7981419.348095355,-60548698.50279234,284028440.2494623,229626352.04922614,-54402088.20023616,229626352.04922614,14219770.102928506,18286930.15387365,840434283.3092132,769243692.3422937,14386309.603961945,14831373.118108226,14219770.102928506,14219770.102928506,14219770.102928506,14219770.102928506,14831373.118108226,14219770.102928506,0.02385251759200911,0.023240914576829388,19663036.93802802,18286930.15387365,27158587.658529427,18143621.628868043,27155173.8739796,27155173.8739796,1032080088.1157787,715575527.7602732,316504560.35550547,316504560.35550547,316504560.35550547,471515344.55280566,521360990.2899529,277667768.8915932,277667768.8915932,246414854.81590948,186538919.6298148,0.0067887934684948996,-47521.5542794643,32.700950622558594,2025-01-21,0,0,0,0,0,0,0,1,0,0,0,-24.834864572851483,0
31.883180999755858,32.12693977355957,32.63402328491211,32.24714305877686,31.90253216146804,32.13011200472336,32.31912628382198,31.930431640020082,41.88708756203315,48.74234428033848,47.0026534415729,-0.12127985212850234,0.04460933533079608,-0.16588918745929843,16.540445915313537,-74.47568328551947,-79.43925925806836,45.20909979078457,-5.82323617977919,0.9513325426039294,3.0379386822184866,1.887162277629848,32.9042135509514,31.883180999755858,30.86214844856032,-1.9363059997558558,-0.6615264288399164,-0.21507148253612485,78.57142857142857,28.571428571428573,-50.0,-0.9374986340616352,-0.042380521205483856,1.0603394720948058,0.9465240865947617,0.04492753623188406,0.013777777777777778,0.7785507246376812,0.016919550267438053,0.9152930902739875,0.8143111111111111,3.260869565217391,0.7231726283048211,-51668418.43100858,14753281.40613471,-8334645.989179999,-63228348.883434474,296598436.58047444,239788723.1139947,-56809713.46647976,239788723.1139947,14849081.934745975,19096238.703178693,877628642.6077927,803287432.4054515,15022991.827684956,15487752.125487737,14849081.934745975,14849081.934745975,14849081.934745975,14849081.934745975,15487752.125487737,14849081.934745975,0.024908137438928734,0.02426946724818697,20533246.63234766,19096238.703178693,28360521.334337912,18946587.8990973,28356956.46893425,28356956.46893425,1077755946.876724,747244123.1678619,330511823.708862,330511823.708862,330511823.708862,492382783.55236167,544434404.0978153,289956266.5967601,289956266.5967601,257320219.84985605,194794408.17623752,0.007089239117233562,-49624.67382063493,31.31506729125977,2025-01-22,0,0,0,0,0,0,0,1,0,0,0,-21.887233819913796,0
31.712156677246092,32.03356437683105,32.57624835968018,32.26353401184082,31.729644498026218,31.994431489526853,32.230054177852516,31.90899781771116,42.53263381612766,46.17665803540004,49.31846444760092,-0.17691640248911966,0.0003041877668129262,-0.1772205902559326,16.099990834984307,-118.33565289726491,-77.2585994033949,44.62853757087981,-2.8893027289957685,0.9142712723671902,2.913188515353172,0.4324747592895797,32.72392718231153,31.712156677246092,30.700386172180657,-0.9337539672851598,-0.9551152329624002,-0.31011478717510244,71.42857142857143,21.42857142857143,-50.0,-0.3181800448226431,0.0021970854874071577,1.0138321452827657,0.9956345684134499,0.04492753623188406,0.013777777777777778,0.7785507246376812,0.016919550267438053,0.9152930902739875,0.8143111111111111,3.260869565217391,0.7231726283048211,-51555147.36493194,14720938.246352632,-8316374.204108305,-63089735.34151128,295948213.0565438,239263041.75727686,-56685171.29926695,239263041.75727686,14816528.75444583,19054374.613244317,875704644.6417952,801526410.3614728,14990057.390137685,15453798.80840049,14816528.75444583,14816528.75444583,14816528.75444583,14816528.75444583,15453798.80840049,14816528.75444583,0.024853532104231718,0.024216262050277056,20488232.2346423,19054374.613244317,28298347.445847034,18905051.883964363,28294790.395586878,28294790.395586878,1075393216.0484877,745605963.1269515,329787252.9215362,329787252.9215362,329787252.9215362,491303348.09634465,543240857.4936494,289320604.4954154,289320604.4954154,256756104.73833227,194367366.45617113,0.007073697598896719,-49515.88319227703,31.383869171142575,2025-01-23,0,0,0,0,0,0,0,1,0,0,0,-24.2637709334269,0
31.714122009277343,31.96377830505371,32.501913452148436,32.27447429656982,31.693017138902245,31.926309840640933,32.17193115335745,31.897655253120696,44.796852932079766,25.276578550267587,40.06519362200198,-0.19967245591614358,-0.039691140969778375,-0.1599813149463652,15.751379273594868,-96.33945274289144,-69.7820167856685,45.659498346843705,-2.1593813220243785,0.8791551513855784,2.7803977135872056,0.4226455786246248,32.725128523136114,31.714122009277343,30.703115495418572,-0.6978607177734375,-1.296079719288478,-0.4204902893457714,64.28571428571429,14.285714285714286,-50.0,0.32557974485903435,0.007516385192193775,1.0135433166984498,1.0043708833900715,0.04492753623188406,0.013777777777777778,0.7785507246376812,0.016919550267438053,0.9152930902739875,0.8143111111111111,3.260869565217391,0.7231726283048211,-51170529.95132907,14611115.474359721,-8254331.469281142,-62619066.31868452,293740347.4585565,237478065.14495054,-56262282.31360594,237478065.14495054,14705992.84756985,18912223.059885528,869171615.9779831,795546774.3669238,14878226.905737301,15338508.668970704,14705992.84756985,14705992.84756985,14705992.84756985,14705992.84756985,15338508.668970704,14705992.84756985,0.024668117034633296,0.024035601213232442,20335383.658037446,18912223.059885528,28087232.98375822,18764014.32454921,28083702.470197905,28083702.470197905,1067370448.6139407,740043511.0389988,327326937.5749418,327326937.5749418,327326937.5749418,487638072.5089882,539188111.9531578,287162182.9159876,287162182.9159876,254840624.44240397,192917325.5272604,0.007020925617549477,-49146.47932284634,31.619762420654297,2025-01-24,0,0,0,0,0,0,0,1,0,0,0,-22.608675352708328,0
31.80848083496094,31.91070213317871,32.4237735748291,32.276461601257324,31.80292964899798,31.94384526401339,32.15772386915097,31.90256111257437,48.52793349973295,30.518057132500598,33.990431239389345,-0.18307827332292703,-0.0683685674404081,-0.11470970588251893,14.688030217842114,-31.347094682471194,-57.009269592974036,49.34230395759779,-1.630428222945024,0.8844590945178721,2.7619706788337304,0.9534103552376898,32.82898354553746,31.80848083496094,30.787978124384416,-0.53076171875,-1.3788644892647648,-0.44738031044984083,57.142857142857146,7.142857142857143,-50.0,0.525774736510934,0.012744948655019517,1.0303789919020416,1.015902779578535,0.04492753623188406,0.013777777777777778,0.7785507246376812,0.016919550267438053,0.9152930902739875,0.8143111111111111,3.260869565217391,0.7231726283048211,-50526571.393208444,14427241.028221447,-8150454.347112116,-61831032.97809192,290043754.6972312,234489508.4002486,-55554246.29698259,234489508.4002486,14520924.411521588,18674221.071161095,858233474.4125758,785535168.9716678,14690990.980005773,15145480.300189182,14520924.411521588,14520924.411521588,14520924.411521588,14520924.411521588,15145480.300189182,14520924.411521588,0.02435767965803621,0.023733123769368616,20079471.820663184,18674221.071161095,27733767.540445,18527877.477413084,27730281.456841223,27730281.456841223,1053938062.1265668,730730389.7410862,323207672.38548046,323207672.38548046,323207672.38548046,481501362.36828244,532402667.29469144,283548373.4550882,283548373.4550882,251633567.54417408,190489546.0436165,0.006932570364210306,-48527.99254947214,32.02275466918945,2025-01-27,0,0,0,0,0,0,0,1,0,0,0,-21.205176248988483,0
31.529338073730468,31.831087493896483,32.30877475738525,32.27622261047363,31.63703203813407,31.827734637175727,32.076534626032426,31.8791366303717,42.96043439090072,23.236892532800223,26.343842738522742,-0.22522866241553174,-0.09974058643543283,-0.12548807598009892,13.82582777209772,-90.6992019615789,-79.2994337104853,44.95274987963352,-2.4800999621517494,0.882363770802589,2.8185820026768345,0.8551245625039101,32.07261041248383,31.529338073730468,30.9860657349771,-0.7961463928222656,-1.5484864653751158,-0.5019537852360685,50.0,0.0,-50.0,-0.7826044891640949,-0.022406500008993913,1.021759774876314,0.9833282180193157,0.04492753623188406,0.013777777777777778,0.7785507246376812,0.016919550267438053,0.9152930902739875,0.8143111111111111,3.260869565217391,0.7231726283048211,-51684643.35500726,14757914.233630009,-8337263.235881888,-63248203.85841433,296691574.4631072,239864021.60244098,-56827552.86066621,239864021.60244098,14853744.845536698,19102235.306733217,877904235.6771722,803539680.837582,15027709.349684639,15492615.591581287,14853744.845536698,14853744.845536698,14853744.845536698,14853744.845536698,15492615.591581287,14853744.845536698,0.024915959095738977,0.024277088349694387,20539694.48533354,19102235.306733217,28369427.109222956,18952537.509285346,28365861.124379758,28365861.124379758,1078094383.9502442,747478772.8721693,330615611.0780749,330615611.0780749,330615611.0780749,492537401.663076,544605367.46571,290047318.7042435,290047318.7042435,257401023.58136496,194855577.5435997,0.00709146528109494,-49640.25696766458,31.30523681640625,2025-01-28,0,0,0,0,0,0,0,1,0,0,0,-16.430363566352433,0
31.488056182861328,31.685618591308593,32.19131870269776,32.26520778656006,31.460907304394066,31.696993400764516,31.98435588421163,31.848921775726303,41.55384097574807,20.599902847912087,24.78495083773758,-0.27136727716364106,-0.1340659245810745,-0.13730135258256657,13.30713420476259,-111.59760415970379,-82.28354213276533,44.62846681067713,-4.467258946103724,0.8670784711676788,2.7872577329221473,0.6683695759138466,32.115093638473944,31.488056182861328,30.861018727248716,-1.4546890258789062,-1.8455380198808162,-0.597791940737995,42.85714285714286,0.0,-42.85714285714286,-0.44117795554757927,-0.006279427964242856,1.021614759216932,0.9906102930439623,0.04492753623188406,0.013777777777777778,0.7785507246376812,0.016919550267438053,0.9152930902739875,0.8143111111111111,3.260869565217391,0.7231726283048211,-52011244.21639476,14851171.092691211,-8389947.305611268,-63647876.11153376,298566400.66864926,241379748.34419546,-57186652.324453816,241379748.34419546,14947607.268617777,19222944.401362214,883451807.6632739,808617335.1442584,15122671.07331647,15590515.108128218,14947607.268617777,14947607.268617777,14947607.268617777,14947607.268617777,15590515.108128218,14947607.268617777,0.02507340574090724,0.024430497901396796,20669487.04026071,19222944.401362214,28548696.59295142,19072300.647312526,28545108.074263625,28545108.074263625,1084906979.1738708,752202172.2272172,332704806.9466537,332704806.9466537,332704806.9466537,495649798.87057525,548046787.7906762,291880159.1377407,291880159.1377407,259027568.5387571,196086891.0506848,0.0071362770185659065,-49953.93912996134,31.108657836914062,2025-01-29,0,0,0,0,0,0,0,1,0,0,0,-15.806930957744916,0
31.356348037719727,31.53425235748291,32.078285694122314,32.24574424743653,31.215714351407566,31.52032704524998,31.864448509090007,31.80485929218545,38.88051653558841,11.525669568418385,18.454154983043505,-0.33500224271492485,-0.17425318820784458,-0.16074905450708027,12.970643735698912,-91.32370374811958,-88.88891547452526,32.45474939601058,-4.695129411502997,0.9553869224743388,3.10944413229307,2.10339678946092,32.23981097592256,31.356348037719727,30.472885099516894,-1.513662338256836,-2.0454249898177377,-0.661495220966831,100.0,57.142857142857146,-42.85714285714286,-0.014019016449548616,-0.012322273544846607,1.0691437588657813,0.9990412053126333,0.04492753623188406,0.013777777777777778,0.7785507246376812,0.016919550267438053,0.9152930902739875,0.8143111111111111,3.260869565217391,0.7231726283048211,-52660136.82728967,15036454.396914603,-8494620.341114094,-64441947.41534831,302291316.96654296,244391203.60699517,-57900113.359547794,244391203.60699517,15134093.711180283,19462769.97695873,894473757.9878876,818705650.1177205,15311341.61301058,15785022.472951477,15134093.711180283,15134093.711180283,15134093.711180283,15134093.711180283,15785022.472951477,15134093.711180283,0.025386221709076603,0.02473529294730541,20927359.69094392,19462769.97695873,28904870.311710637,19310246.79048336,28901237.022641055,28901237.022641055,1098442285.4888916,761586651.2722981,336855634.2165934,336855634.2165934,336855634.2165934,501833528.8875028,554884222.9718552,295521657.8441225,295521657.8441225,262259198.11761445,198533272.34021446,0.007225309255660265,-50577.16478962185,30.72532844543457,2025-01-30,0,0,0,0,0,0,0,1,0,0,0,-14.24166149924008,0
31.069342422485352,31.391732215881348,31.93527421951294,32.21194892883301,30.872054349099187,31.27749200874679,31.70447573150833,31.74132498051082,35.419767783789005,11.81076661966955,14.645446345333283,-0.4241653235764744,-0.22423561528157054,-0.19992970829490386,12.144230753585683,-185.50947786453995,-93.80808997841979,35.63929217728437,-4.508713421039756,0.9545435159767789,3.1623386347651037,0.943579231508501,32.291492608718315,31.069342422485352,29.847192236252386,-1.4252014160156214,-2.384985925318102,-0.7691501103914717,100.0,50.0,-50.0,-0.6041691501958972,-0.017594412437679563,1.031465063168498,0.9814636684536859,0.04492753623188406,0.013777777777777778,0.7785507246376812,0.016919550267438053,0.9152930902739875,0.8143111111111111,3.260869565217391,0.7231726283048211,-53603254.59666535,15305750.076427313,-8646754.913306339,-65596071.75611705,307705209.3286945,248768132.73569846,-58937076.592996076,248768132.73569846,15405138.06393658,19811338.84351414,910493353.5724065,833368275.2652143,15585560.390595073,16067724.647331702,15405138.06393658,15405138.06393658,15405138.06393658,15405138.06393658,16067724.647331702,15405138.06393658,0.025840876752409748,0.025178290169014628,21302158.656153165,19811338.84351414,29422542.66227594,19656084.039992683,29418844.302743405,29418844.302743405,1118114859.4792678,775226302.5722924,342888556.9069755,342888556.9069755,342888556.9069755,510821126.4684691,564821933.0151715,300814308.8613853,300814308.8613853,266956134.44989455,202088907.93551213,0.007354711075685852,-51482.97752980096,30.184734344482425,2025-01-31,0,0,0,0,0,0,0,1,0,0,0,-10.707665744905036,0
30.65652542114258,31.232503128051757,31.79324588775635,32.178912048339846,30.567592786891318,31.037706127606572,31.538208486838545,31.671416928823167,34.05467888914737,13.038934496094788,12.125123561394183,-0.5072222951970211,-0.2808329512646607,-0.22638934393236043,11.779729228209538,-202.76718242912432,-86.01586710864393,37.87363838074794,-5.046727107525861,0.9530582702766471,3.1812436300213633,0.9337500761749347,31.69173497743956,30.65652542114258,29.6213158648456,-1.592290878295902,-2.6086039802497973,-0.8381079893845751,100.0,42.85714285714286,-57.142857142857146,0.326315620401022,-0.0074893712638609555,1.0317194935355847,1.0102750899953084,0.04492753623188406,0.013777777777777778,0.7785507246376812,0.016919550267438053,0.9152930902739875,0.8143111111111111,3.260869565217391,0.7231726283048211,-54007738.60217862,15421245.509398345,-8712002.333231533,-66091052.18313576,310027117.51361865,250645308.50664973,-59381809.00696895,250645308.50664973,15521383.46725158,19960832.932078376,917363831.8934951,839656776.599384,15703167.24007449,16188969.85293982,15521383.46725158,15521383.46725158,15521383.46725158,15521383.46725158,16188969.85293982,15521383.46725158,0.026035869041841363,0.02536828265615312,21462902.299876917,19960832.932078376,29644561.791486852,19804406.593632855,29640835.52455786,29640835.52455786,1126552025.848905,781076071.2552408,345475954.5936642,345475954.5936642,345475954.5936642,514675724.04634863,569084014.4799402,303084219.102461,303084219.102461,268970554.7937919,203613847.6349132,0.007410208881139464,-51871.46216797625,29.958669662475582,2025-02-03,0,0,0,0,0,0,0,1,0,0,0,-7.723672501846463,0
30.448151779174804,30.988744926452636,31.654657649993897,32.15138259887695,30.46618472678334,30.896917487417628,31.41679516490796,31.616199347558233,37.54835028173443,17.127482376970956,13.992394497578374,-0.5422086415796201,-0.33310808932765257,-0.20910055225196755,11.441263526074549,-152.86867966192563,-77.83641800873488,39.34214968177784,-7.4541625536404315,0.9313191943400723,3.077381128477445,0.6487112071645988,31.275785256012593,30.448151779174804,29.620518302337015,-2.437582015991211,-2.5703887609514497,-0.8225456262246134,92.85714285714286,35.714285714285715,-57.142857142857146,0.6969713608646682,0.010170643340463359,1.0218978055997832,1.0151665345525356,0.04492753623188406,0.013777777777777778,0.7785507246376812,0.016919550267438053,0.9152930902739875,0.8143111111111111,3.260869565217391,0.7231726283048211,-53463975.57504162,15265980.66481411,-8624287.778174205,-65425631.4206319,306905689.2095096,248121750.67551765,-58783938.53399199,248121750.67551765,15365110.409390826,19759862.418958522,908127590.0672861,831202908.2757553,15545063.939045755,16025975.37323559,15365110.409390826,15365110.409390826,15365110.409390826,15365110.409390826,16025975.37323559,15365110.409390826,0.0257737335899459,0.025112868626101133,21246808.58760925,19759862.418958522,29346093.14467633,19605011.01887403,29342404.39470764,29342404.39470764,1115209626.4880438,773212007.698377,341997618.7896668,341997618.7896668,341997618.7896668,509493843.87612283,563354338.4294714,300032693.5855241,300032693.5855241,266262493.9330565,201563813.97265384,0.00733560109867691,-51349.20769073837,30.263368606567383,2025-02-04,0,0,0,0,0,0,0,1,0,0,0,-6.6271411717644755,0
30.298751831054688,30.893404006958008,31.51017189025879,32.13735630035401,30.431342516626717,30.799597598125963,31.316305920279913,31.56700165143099,38.676956865715994,24.52228976227612,18.22956887844723,-0.5555998238474409,-0.3776064362316102,-0.17799338761583067,10.772333599823913,-91.17542304897863,-75.19789925432795,37.55018645535035,-3.0445701619564947,0.9181536244496752,3.0240562670757356,0.7470012158745121,30.801410878402724,30.298751831054688,29.79609278370665,-0.9534091949462926,-2.5000006482273793,-0.7969020452254867,85.71428571428572,28.571428571428573,-57.142857142857146,0.13157690000727784,0.0032478040043686374,1.0248528525434257,1.0032477580755987,0.04492753623188406,0.013777777777777778,0.7785507246376812,0.016919550267438053,0.9152930902739875,0.8143111111111111,3.260869565217391,0.7231726283048211,-53290897.185765296,15216560.259470684,-8596368.4582724,-65213829.68344579,305912146.515073,247318508.63282546,-58593637.88224751,247318508.63282546,15315369.092324391,19695894.015505344,905187717.7727983,828512063.4783226,15494740.060231484,15974094.644682428,15315369.092324391,15315369.092324391,15315369.092324391,15315369.092324391,15974094.644682428,15315369.092324391,0.025690296541963493,0.025031570989605456,21178026.508310933,19695894.015505344,29251091.333112497,19541543.91429763,29247414.5246969,29247414.5246969,1111599369.6041896,770708896.2589048,340890473.3452848,340890473.3452848,340890473.3452848,507844464.5904296,561530597.1076097,299061400.77054936,299061400.77054936,265400525.04505363,200911293.46920168,0.007311853631174225,-51182.975418219576,30.361658096313477,2025-02-05,0,0,0,0,0,0,0,1,0,0,0,-2.79366711912419,0
30.265333557128905,30.810840797424316,31.422202587127686,32.126870498657226,30.4736407030197,30.755713866795,31.24410888747284,31.527442256308426,40.974445741421235,43.89600553000479,28.5152592230839,-0.5440783549086348,-0.4109008199670151,-0.13317753494161966,10.15118438259118,-65.24043228430969,-69.92086174551409,39.609326302992095,-2.630753049710255,0.8918870255765049,2.9186468557201297,0.5504212402252904,30.660922966996146,30.265333557128905,29.869744147261663,-0.8256320953369105,-2.7198263263894975,-0.8639406668834191,78.57142857142857,21.42857142857143,-57.142857142857146,0.017857568605013176,0.006474579842398631,1.0182113647460938,1.0003217576868206,0.04492753623188406,0.013777777777777778,0.7785507246376812,0.016919550267438053,0.9152930902739875,0.8143111111111111,3.260869565217391,0.7231726283048211,-52948080.61035182,15118673.202708617,-8541068.627504218,-64794313.72589407,303944235.29601216,245727526.1453225,-58216709.15068967,245727526.1453225,15216846.405323608,19569191.721254874,899364709.1559327,823182303.9266996,15395063.492470687,15871334.42275688,15216846.405323608,15216846.405323608,15216846.405323608,15216846.405323608,15871334.42275688,15216846.405323608,0.025525032679897666,0.02487054466246439,21041789.76047974,19569191.721254874,29062921.129804246,19415834.543339975,29059267.97403734,29059267.97403734,1104448529.418649,765750980.3969299,338697549.021719,338697549.021719,338697549.021719,504577537.0401822,557918310.4609939,297137559.9147061,297137559.9147061,263693222.22386587,199618845.3171484,0.007264816993509335,-50853.718954565345,30.558237075805664,2025-02-06,0,0,0,0,0,0,0,1,0,0,0,-2.674823798817538,0
30.322341918945312,30.69584217071533,31.329810237884523,32.111095657348635,30.47235251986795,30.703725191662173,31.1703629128149,31.485965154240034,40.24376544236619,60.158633097007254,42.85897612976266,-0.5359079516178866,-0.43590224629718943,-0.10000570532069719,9.574402966589357,-58.980911406112966,-72.29553886479219,40.399547352702534,-3.636922541640175,0.8562635256807836,2.8102061576209354,0.39315802703640657,30.73674703674314,30.322341918945312,29.907936801147486,-1.1499862670898438,-2.6449732721357733,-0.8376041925870439,71.42857142857143,14.285714285714286,-57.142857142857146,-0.37499940395296866,-0.0028948306808984636,1.012982785636606,0.9951846028774576,0.04492753623188406,0.013777777777777778,0.7785507246376812,0.016919550267438053,0.9152930902739875,0.8143111111111111,3.260869565217391,0.7231726283048211,-53101801.33406465,15162566.264732921,-8565865.357349118,-64982426.848855376,304826656.85463065,246440930.9131591,-58385725.94147157,246440930.9131591,15261024.487231188,19626005.6846543,901975776.3066123,825572195.647958,15439758.980473038,15917412.637219625,15261024.487231188,15261024.487231188,15261024.487231188,15261024.487231188,15917412.637219625,15261024.487231188,0.02559913784954909,0.02494274969956065,21102879.022128288,19626005.6846543,29147297.621223442,19472203.274804574,29143633.859486654,29143633.859486654,1107655003.1054893,767974135.4864726,339680867.61901677,339680867.61901677,339680867.61901677,506042444.2335864,559538078.4576441,298000220.09475094,298000220.09475094,264458785.63034174,200198385.74647364,0.0072859084648716635,-51001.35925410164,30.469776153564453,2025-02-07,0,0,0,0,0,0,0,1,0,0,0,-3.1710420409769355,0
30.253539276123046,30.455032348632812,31.18286724090576,32.069223136901854,30.18645382936672,30.50571269288073,31.022200392391028,31.41258049910765,33.942616289656954,51.75464929816553,51.93642930839246,-0.5916141027124127,-0.4670446175802341,-0.12456948513217858,9.66991005723349,-103.45324615497495,-95.2506827490682,40.42320521276904,-7.5199596215316795,0.8603941982647798,2.905298596878719,0.9140929418567296,30.92260232183433,30.253539276123046,29.584476230411763,-2.408098220825199,-2.7051877348002735,-0.8531036866016883,64.28571428571429,7.142857142857143,-57.142857142857146,-0.8695663892027519,-0.02806452206575083,1.0305952805331189,0.9741351071284887,0.04492753623188406,0.013777777777777778,0.7785507246376812,0.016919550267438053,0.9152930902739875,0.8143111111111111,3.260869565217391,0.7231726283048211,-54635109.572218895,15600383.573773257,-8813203.707261516,-66858786.744742535,313628490.54806495,253556883.6698342,-60071606.87823079,253556883.6698342,15701684.765810747,20192704.279472746,928020220.2554339,849410495.2343427,15885580.1964228,16377026.046060672,15701684.765810747,15701684.765810747,15701684.765810747,15701684.765810747,16377026.046060672,15701684.765810747,0.02633830992974706,0.025662968649497134,21712222.160035074,20192704.279472746,29988922.395520624,20034460.843214385,29985152.84309665,29985152.84309665,1139638410.4217477,790149297.8924117,349489112.529336,349489112.529336,349489112.529336,520654360.00867933,575694674.3490483,306604941.23346573,306604941.23346573,272095001.8126946,205979090.476227,0.007496288210774163,-52474.01747541914,29.614656448364254,2025-02-10,0,0,0,0,0,0,0,1,0,0,0,1.0938769695301909,1
30.05302848815918,30.250590133666993,31.04083881378174,32.0294645690918,29.877907441827162,30.279367597220244,30.85444937090122,31.328197525289628,31.728799517599736,30.183192264079448,47.36549155308401,-0.6567431768588463,-0.5049843294359565,-0.1517588474228898,10.278013793580158,-136.21086057797967,-94.85713247433117,42.97747880815581,-6.530607519911092,0.8459760699365154,2.8911569263240016,0.6585404016690788,31.08992360447257,30.05302848815918,29.016133371845786,-2.044422149658203,-2.9095442037576755,-0.9135895264454383,100.0,0.0,-100.0,-0.6119400010817736,-0.011948198090130147,1.0226427871861756,0.9864148494610255,0.04492753623188406,0.013777777777777778,0.7785507246376812,0.016919550267438053,0.9152930902739875,0.8143111111111111,3.260869565217391,0.7231726283048211,-55295794.68061404,15789034.080620326,-8919778.993597196,-67667288.91694425,317421100.7376658,256623066.90774465,-60798033.82992113,256623066.90774465,15891560.27594903,20436888.268854883,939242475.406252,859682147.8311782,16077679.495869068,16575068.244807051,15891560.27594903,15891560.27594903,15891560.27594903,15891560.27594903,16575068.244807051,15891560.27594903,0.02665681078546289,0.025973302816604867,21974781.19878543,20436888.268854883,30351568.953725986,20276731.244746953,30347753.81729621,30347753.81729621,1153419697.4479134,799704323.5638866,353715373.88402677,353715373.88402677,353715373.88402677,526950468.59109265,582656368.0530216,310312617.86154234,310312617.86154234,275385360.65289736,208469930.50169694,0.007586938454324053,-53108.56918026837,29.260814666748047,2025-02-11,0,0,0,0,0,0,0,1,0,0,0,4.985791756441881,1
29.85448341369629,30.076617622375487,30.88111810684204,31.98404640197754,29.708249202551116,30.113833983907295,30.712971595005776,31.251363611513526,33.16324975847998,13.510307205611971,31.816049589285583,-0.6916611742372147,-0.5423196983962082,-0.14934147584100654,11.04916653802368,-134.01122725872236,-86.75675851229931,46.16693980495175,-5.592414568431336,0.8206526376472055,2.794288254733219,0.491448017886178,30.95705255867993,29.85448341369629,28.75191426871265,-1.739725112915039,-3.179058569998046,-0.9937336383721771,100.0,35.714285714285715,-64.28571428571429,0.4599990844726582,0.003694977685424483,1.0170125896693998,1.0077571516086155,0.04492753623188406,0.013777777777777778,0.7785507246376812,0.016919550267438053,0.9152930902739875,0.8143111111111111,3.260869565217391,0.7231726283048211,-55092230.119681545,15730908.723914014,-8886941.941431943,-67418180.24534577,316252554.6054402,255678341.1425765,-60574213.462863706,255678341.1425765,15833057.481861508,20361652.41753372,935784771.5569888,856517335.3897338,16018491.52712219,16514049.201511465,15833057.481861508,15833057.481861508,15833057.481861508,15833057.481861508,16514049.201511465,15833057.481861508,0.026558677066348336,0.02587768534669838,21893883.786746126,20361652.41753372,30239833.443939675,20202084.991504293,30236032.352458104,30236032.352458104,1149173526.909303,796760311.99045,352413214.9188529,352413214.9188529,352413214.9188529,525010566.2641346,580511391.4156061,309170240.7210806,309170240.7210806,274371563.8469678,207702474.493237,0.007559008088114526,-52913.05661680168,29.368932723999023,2025-02-12,0,0,0,0,0,0,0,1,0,0,0,4.969619319773326,1
29.626451110839845,29.945892333984375,30.740072345733644,31.93961109161377,29.611524655541892,29.987332452564775,30.589648163245553,31.179469962494306,33.84365264316222,23.04661701646708,22.2467054953861,-0.7072161746116272,-0.575298993639292,-0.13191718097233518,11.494298676148158,-114.64768402860436,-83.1579139498931,45.81629793705816,-4.254642505230477,0.8160937666210648,2.774123565337673,0.7568284432812362,30.500413279408914,29.626451110839845,28.752488942270777,-1.3072528839111293,-3.2257166572786717,-1.0035625482216837,100.0,28.571428571428573,-71.42857142857143,0.10389620040575254,0.0016732932717116178,1.026288785467632,1.0026800644115141,0.04492753623188406,0.013777777777777778,0.7785507246376812,0.016919550267438053,0.9152930902739875,0.8143111111111111,3.260869565217391,0.7231726283048211,-55000198.65732545,15704630.271745583,-8872096.322349777,-67305558.30748108,315724255.33327484,255251230.9751896,-60473024.35808527,255251230.9751896,15806608.390393283,20327638.31710792,934221544.9315668,855086524.8609527,15991732.668445071,16486462.514711274,15806608.390393283,15806608.390393283,15806608.390393283,15806608.390393283,16486462.514711274,15806608.390393283,0.026514310848401636,0.025834456724083646,21857310.096823398,20327638.31710792,30189317.86148449,20168337.448150694,30185523.119718786,30185523.119718786,1147253834.7866092,795429325.452049,351824509.33456016,351824509.33456016,351824509.33456016,524133537.1429549,579541648.2748711,308653772.44036776,308653772.44036776,273913226.68771845,207355507.91698715,0.0075463807799296964,-52824.66545950787,29.41807556152344,2025-02-13,0,0,0,0,0,0,0,1,0,0,0,5.096753379119598,1
29.48491439819336,29.903628158569337,30.64768018722534,31.88954105377197,29.661713967138606,29.94637975034064,30.5108333467776,31.123886536135,38.55899798978514,39.02984261300292,25.195588945027254,-0.6839007432665447,-0.5970193435647426,-0.08688139970180209,11.466607420124818,-65.25145138361964,-73.9472969234725,49.12854309846134,-1.4001837794131555,0.795011038507032,2.6712202312188382,0.5209355730246052,29.84469279471143,29.48491439819336,29.12513600167529,-0.4226417541503942,-3.280837641322027,-1.0174866823049697,92.85714285714286,21.42857142857143,-71.42857142857143,0.3584911092477522,0.011694069793557027,1.0177792920543667,1.0063144078794988,0.04492753623188406,0.013777777777777778,0.7785507246376812,0.016919550267438053,0.9152930902739875,0.8143111111111111,3.260869565217391,0.7231726283048211,-54364456.90400123,15523102.033157336,-8769544.655095378,-66527580.14210286,312074830.48477346,252300807.7207325,-59774022.7640409,252300807.7207325,15623901.397009006,20092673.194433086,923422972.2451581,845202665.8962613,15806885.84218774,16295897.156020146,15623901.397009006,15623901.397009006,15623901.397009006,15623901.397009006,16295897.156020146,15623901.397009006,0.02620783460143446,0.02553583884242332,21604663.652208153,20092673.194433086,29840362.57882269,19935213.66816569,29836611.700094618,29836611.700094618,1133992843.3312988,786235038.0430338,347757805.288265,347757805.288265,347757805.288265,518075130.4096384,572842784.7690463,305086074.5910576,305086074.5910576,270747091.3055883,204958706.4983977,0.007459152925023654,-52214.07047516558,29.76209259033203,2025-02-14,0,0,0,0,0,0,0,1,0,0,0,3.9483954916934914,1
29.459358978271485,29.856449127197266,30.544476127624513,31.83435775756836,29.603435761010697,29.862834222779593,30.413313918394483,31.059690175845585,36.32820149809655,45.69384039688041,35.92343334211673,-0.6797942594237973,-0.6135743267365535,-0.0662199326872438,10.6980663579106,-49.30999451527446,-81.31578033124383,44.31337991644506,-1.574803951697612,0.8126437651898335,2.7559503858591543,1.0418692120662527,29.796055972333775,29.459358978271485,29.122661984209195,-0.4717903137206996,-3.274046753227984,-1.0118160125536768,85.71428571428572,14.285714285714286,-71.42857142857143,-0.783019190456055,-0.00924710655817762,1.035582391183811,0.9730781730210826,0.04492753623188406,0.013777777777777778,0.7785507246376812,0.016919550267438053,0.9152930902739875,0.8143111111111111,3.260869565217391,0.7231726283048211,-54871862.866977885,15667985.565231014,-8851394.442695443,-67148509.56527577,314987553.9607482,254655635.518008,-60331918.4427402,254655635.518008,15769725.731239008,20280206.424260058,932041660.7992294,853091291.9770263,15954418.045932185,16447993.504625631,15769725.731239008,15769725.731239008,15769725.731239008,15769725.731239008,16447993.504625631,15769725.731239008,0.026452443162078336,0.025774175388691714,21806308.91437996,20280206.424260058,30118875.025596816,20121277.263104253,30115089.138366107,30115089.138366107,1144576867.589928,793573294.8623501,351003572.7275779,351003572.7275779,351003572.7275779,522910539.8924178,578189363.4234276,307933569.1175273,307933569.1175273,273274085.89747083,206871670.88292032,0.007528772284591526,-52701.40599214069,29.486879348754883,2025-02-18,0,0,0,0,0,0,0,1,0,0,0,5.220362186204225,1
29.54388771057129,29.798458099365234,30.393601512908937,31.76022678375244,29.630109950089487,29.83022042377368,30.34380386218997,31.00572029946917,39.04104152855371,54.02718156029973,46.25028819006095,-0.6531484716168698,-0.6214891557126168,-0.03165931590425308,10.053827534822465,-51.493310125586035,-76.05262896394758,46.6455451073374,-1.916211925576805,0.8051466681360759,2.712442260711551,0.7076844064372274,29.849542711332713,29.54388771057129,29.238232709809868,-0.5799102783203125,-3.062965861456396,-0.9432021654569169,78.57142857142857,7.142857142857143,-71.42857142857143,0.5555582046534026,0.006666659335738956,1.0242097955244007,1.0134228703395887,0.04492753623188406,0.013777777777777778,0.7785507246376812,0.016919550267438053,0.9152930902739875,0.8143111111111111,3.260869565217391,0.7231726283048211,-54508473.443618104,15564224.184766108,-8792776.00048475,-66703817.93471189,312901545.94828486,252969176.19785434,-59932369.75043053,252969176.19785434,15665290.575576277,20145900.56816046,925869206.211963,847441686.9432715,15848759.763693672,16339066.514310742,15665290.575576277,15665290.575576277,15665290.575576277,15665290.575576277,16339066.514310742,15665290.575576277,0.02627726161064408,0.025603485671909617,21661896.430313002,20145900.56816046,29919412.494967416,19988023.916855972,29915651.67981018,29915651.67981018,1136996896.6144073,788317848.3193223,348679048.2950849,348679048.2950849,348679048.2950849,519447559.9673347,574360298.9741935,305894276.18544644,305894276.18544644,271464325.71611536,205501661.3140114,0.0074789129199525455,-52352.39043966782,29.68345832824707,2025-02-19,0,0,0,0,0,0,0,1,0,0,0,6.0890665303748115,1
29.68739013671875,29.77093677520752,30.332170391082762,31.68066272735596,29.78222158497177,29.876806683948708,30.319293480527715,30.969670282028666,44.28200002009569,62.820480792408325,54.18050091652941,-0.5926817813745018,-0.6157276808449937,0.02304589947049196,9.438366934582472,4.624439748116821,-39.449555482073826,57.33008766244776,-0.9064499728707709,0.7869521252427634,2.6156368060179043,0.5504230676297013,30.158622988009796,29.68739013671875,29.216157285427705,-0.27521324157714844,-2.783726635844201,-0.8550566037495919,71.42857142857143,0.0,-71.42857142857143,0.7857133125796127,0.01357613125913204,1.0186356534944723,1.0145840415294975,0.04492753623188406,0.013777777777777778,0.7785507246376812,0.016919550267438053,0.9152930902739875,0.8143111111111111,3.260869565217391,0.7231726283048211,-53778371.21707279,15355752.47360175,-8675003.02080099,-65810367.7440075,308710452.32643515,249580834.03522843,-59129618.29120674,249580834.03522843,15455465.15200176,19876060.56106893,913467846.822504,836090808.3840953,15636476.900857247,16120216.34133517,15455465.15200176,15455465.15200176,15455465.15200176,15455465.15200176,16120216.34133517,15455465.15200176,0.025925296384002955,0.025260545194669547,21371750.7370691,19876060.56106893,29518663.248116866,19720298.55520129,29514952.80640336,29514952.80640336,1121767632.0001278,777758891.5200886,344008740.4800392,344008740.4800392,344008740.4800392,512489929.4165917,566667151.3472645,301797039.9573677,301797039.9573677,267828254.1824305,202749112.74668977,0.007378738201600841,-51651.16741120588,30.086444854736328,2025-02-20,0,0,0,0,0,0,0,1,0,0,0,7.362817280782089,1
29.66380081176758,29.645125961303712,30.227983379364012,31.59827854156494,29.62152403557037,29.771956184461228,30.222230190645796,30.904198072410583,37.50610892451138,50.24433263398461,55.697331662230816,-0.6012794416621823,-0.6128380330084314,0.011558591346249147,9.852641863165632,-14.673276480817782,-74.75728326937552,49.1247921567966,-4.117083508178521,0.8479867147452291,2.8941398741802944,1.6414363782772838,30.19463722007927,29.66380081176758,29.13296440345589,-1.2581081390380895,-2.647265116952971,-0.8098181944627036,64.28571428571429,0.0,-64.28571428571429,-0.5329348840343532,-0.02613522208307606,1.0562668483531894,0.9710097304599592,0.04492753623188406,0.013777777777777778,0.7785507246376812,0.016919550267438053,0.9152930902739875,0.8143111111111111,3.260869565217391,0.7231726283048211,-55221599.9967712,15767848.701179415,-8907810.629887072,-67576494.43362607,316995192.0704641,256278735.70813036,-60716456.36233372,256278735.70813036,15870237.32910915,20409466.500660803,937982220.4643158,858528645.1908402,16056106.818344267,16552828.18197406,15870237.32910915,15870237.32910915,15870237.32910915,15870237.32910915,16552828.18197406,15870237.32910915,0.02662104326173148,0.02593845240886657,21945295.91960685,20409466.500660803,30310843.884565428,20249524.371733192,30307033.86720199,30307033.86720199,1151872064.2095351,798631297.8519444,353240766.3575908,353240766.3575908,353240766.3575908,526243418.01620215,581874572.5246923,309896247.20066905,309896247.20066905,275015854.6192721,208190210.12379748,0.007576758466800499,-53037.30926760349,29.300128936767575,2025-02-21,0,0,0,0,0,0,0,1,0,0,0,9.974126571619077,1
29.661834716796875,29.573374557495118,30.134608364105226,31.530412330627442,29.665103395539752,29.76837544464619,30.17747132634415,30.859024113315208,42.91507910017033,42.57634425945354,51.88038589528208,-0.5650957089230317,-0.6032895681913515,0.03819385926831975,10.237325725421424,-15.508076124388744,-52.42714840477789,47.41166461753457,-2.3548385602498167,0.8442838887429873,2.837713265183125,0.7961471507138427,30.191271335372353,29.661834716796875,29.132398098221397,-0.7175140380859375,-2.508460944356005,-0.764957782549736,57.142857142857146,92.85714285714286,35.714285714285715,0.1944459161615736,0.0154310986032411,1.024080308691941,1.0046465748721085,0.04492753623188406,0.013777777777777778,0.7785507246376812,0.016919550267438053,0.9152930902739875,0.8143111111111111,3.260869565217391,0.7231726283048211,-54382419.51889234,15528231.036914872,-8772442.209166193,-66549561.58677802,312177943.44343144,252384170.6844021,-59793772.75902934,252384170.6844021,15629063.705985747,20099312.034794573,923728081.358293,845481930.1592935,15812108.611239078,16301281.499791587,15629063.705985747,15629063.705985747,15629063.705985747,15629063.705985747,16301281.499791587,15629063.705985747,0.026216493958427706,0.025544276164621866,21611802.07085771,20099312.034794573,29850222.16303892,19941800.482166715,29846470.044979233,29846470.044979233,1134367527.0473526,786494818.7528311,347872708.29452145,347872708.29452145,347872708.29452145,518246308.13461125,573032058.3297871,305186878.3878507,305186878.3878507,270836549.12437236,205026427.11078078,0.007461617511244809,-52231.32257871366,29.752262115478516,2025-02-24,0,0,0,0,0,0,0,1,0,0,0,8.003805945013301,1
29.710979843139647,29.585169410705568,30.02010087966919,31.47114833831787,29.68760392384942,29.761871723886653,30.135103102927445,30.814850813987896,42.74187065133725,25.748509062992564,39.523061985476836,-0.5318748839695111,-0.5890066313469834,0.057131747377472286,10.594532168944662,-21.891109345557194,-53.39798287676053,44.68082071222819,0.3982775633752489,0.8218895311645863,2.764270173112927,0.530762882645373,30.211141215945023,29.710979843139647,29.21081847033427,0.11794853210449574,-2.5032309352251705,-0.7615554271600189,50.0,85.71428571428572,35.714285714285715,-0.03703795277536869,-0.0006606937964404036,1.0180480951471174,0.9993392647023056,0.04492753623188406,0.013777777777777778,0.7785507246376812,0.016919550267438053,0.9152930902739875,0.8143111111111111,3.260869565217391,0.7231726283048211,-54418373.40061051,15538497.225637857,-8778241.939159049,-66593559.53844796,312384333.83490133,252551029.58293217,-59833304.25196915,252551029.58293217,15639396.558271868,20112600.305046402,924338786.2601844,846040904.1361911,15822562.480113478,16312058.775831949,15639396.558271868,15639396.558271868,15639396.558271868,15639396.558271868,16312058.775831949,15639396.558271868,0.026233826484843136,0.025561164267283054,21626090.294556584,20112600.305046402,29869957.058367323,19954984.616711043,29866202.45966757,29866202.45966757,1135117492.1326356,787014794.545294,348102697.5873416,348102697.5873416,348102697.5873416,518588936.627944,573410907.3590906,305388646.7722765,305388646.7722765,271015607.4549564,205161976.35582453,0.007466550614916892,-52265.854304418244,29.73260498046875,2025-02-25,0,0,0,0,0,0,0,1,0,0,0,5.614413955770324,1
29.807304000854494,29.675595855712892,29.96309299468994,31.41779602050781,29.84676232150671,29.83518215896568,30.137957961393525,30.789369570961753,47.73942936873622,43.31341322255341,37.21275551499976,-0.46528655856789314,-0.5642626167911653,0.09897605822327216,11.508203243948477,78.27585662269678,-32.03877668504538,44.59760677071333,3.0903597879003986,0.8095196063652573,2.683631636536421,0.6487105839739797,30.421638599155255,29.807304000854494,29.192969402553732,0.9042644500732422,-2.4157177153737974,-0.7336437151982231,42.85714285714286,78.57142857142857,35.714285714285715,0.4833345519164092,0.014545450579813934,1.0197954599815784,1.0095395039199466,0.04492753623188406,0.013777777777777778,0.7785507246376812,0.016919550267438053,0.9152930902739875,0.8143111111111111,3.260869565217391,0.7231726283048211,-53638181.87692857,15315723.131731147,-8652389.041952012,-65638813.42170492,307905706.5963613,248930227.26443547,-58975479.33192579,248930227.26443547,15415175.879339792,19824247.689989667,911086620.842786,833911288.6984785,15595715.76716535,16078194.19673075,15415175.879339792,15415175.879339792,15415175.879339792,15415175.879339792,16078194.19673075,15415175.879339792,0.025857714378247392,0.025194696060856434,21316038.904119324,19824247.689989667,29441714.06150075,19668891.72417731,29438013.29215857,29438013.29215857,1118843410.5972428,775731431.3474218,343111979.2498212,343111979.2498212,343111979.2498212,511153971.7925597,565189964.6599228,301010316.0954953,301010316.0954953,267130080.0768173,202220586.80424243,0.007359503323039643,-51516.5232612775,30.16507911682129,2025-02-26,0,0,0,0,0,0,0,1,0,0,0,2.297487560850522,1
29.81320152282715,29.75029582977295,29.91345672607422,31.37030502319336,29.936485702537677,29.886227669080938,30.1358602950322,30.76296027267304,47.23488185928027,50.698618723741184,39.920180336428984,-0.4117343378912288,-0.533756961011178,0.12202262311994916,12.608796735478704,100.3254216575968,-34.46605126680132,47.096009565201314,2.543503189648333,0.8162870904616361,2.710482537511191,0.9042643837145583,30.438608114949144,29.81320152282715,29.187794930705156,0.7469997406005859,-1.9571971063269145,-0.5924469385391617,35.714285714285715,71.42857142857143,35.714285714285715,-0.2500015549036488,-0.0016292565330708886,1.0304635779156317,0.992549353957495,0.04492753623188406,0.013777777777777778,0.7785507246376812,0.016919550267438053,0.9152930902739875,0.8143111111111111,3.260869565217391,0.7231726283048211,-53725714.84883994,15340717.095280625,-8666509.00837282,-65745930.408345535,308408182.64278454,249336460.3213468,-59071722.32143773,249336460.3213468,15440332.141353875,19856599.183934662,912573437.0770507,835272161.324208,15621166.654992184,16104432.448508881,15440332.141353875,15440332.141353875,15440332.141353875,15440332.141353875,16104432.448508881,15440332.141353875,0.02589991197904521,0.025235811671890207,21350824.875033423,19856599.183934662,29489760.446366686,19700989.690338254,29486053.63768224,29486053.63768224,1120669268.3240716,776997359.3713564,343671908.9527153,343671908.9527153,343671908.9527153,511988131.80115145,566112306.8342844,301501539.4483725,301501539.4483725,267566013.75275168,202550593.68227667,0.0073715134094205605,-51600.59386594392,30.11593246459961,2025-02-27,0,0,0,0,0,0,0,1,0,0,0,1.6108379394761885,1
30.05892562866211,29.861363220214844,29.903627777099608,31.33517688751221,30.133906957005912,30.003049813964836,30.17327831130936,30.75377553515419,51.839214804194846,70.25468395720321,54.75557196783253,-0.3321540698705867,-0.49343638278305973,0.16128231291247302,13.66752483438285,170.63875054700597,-14.077679547068813,49.33976552603293,3.7754811734579174,0.8050194697121658,2.6369225199028827,0.658540399969052,30.64936983854216,30.05892562866211,29.46848141878206,1.1106739044189418,-1.5097347141960957,-0.4565427119915313,28.571428571428573,64.28571428571429,35.714285714285715,0.6417914271805674,0.013707594869527107,1.0219816301298013,1.0140385346704992,0.04492753623188406,0.013777777777777778,0.7785507246376812,0.016919550267438053,0.9152930902739875,0.8143111111111111,3.260869565217391,0.7231726283048211,-52999222.97194083,15133276.275053563,-8549318.415127663,-64856898.32165813,304237813.9452327,245964873.48350045,-58272940.46173222,245964873.48350045,15231544.302813651,19588093.53351089,900233402.3101668,823977412.7683384,15409933.529207464,15886664.487880904,15231544.302813651,15231544.302813651,15231544.302813651,15231544.302813651,15886664.487880904,15231544.302813651,0.0255496872176229,0.024894567032555645,21062113.94991221,19588093.53351089,29090992.901323058,19434588.228446625,29087336.21698607,29087336.21698607,1105515312.3009908,766490616.528687,339024695.7723039,339024695.7723039,339024695.7723039,505064906.6775993,558457201.7605805,297424564.0205332,297424564.0205332,263947922.56359658,199811656.4455124,0.0072718340542465175,-50902.838379725625,30.528749465942383,2025-02-28,0,0,0,0,0,0,0,1,0,0,0,5.774954755624769,1
30.12576217651367,29.893798446655275,29.898713302612304,31.297655868530274,30.118086256249384,30.018212548650563,30.165008458302406,30.727605704549568,47.097194403497994,67.51920670648254,62.824169795808906,-0.30130318419711344,-0.4550097430658705,0.15370655886875706,14.00919296174409,97.94712213038892,-35.92239717567495,46.27551630577355,1.089816730526727,0.821937304393478,2.731919003265304,1.041869155250538,30.631852787427036,30.12576217651367,29.619671565600306,0.3243522644042969,-1.148886293257154,-0.346849099183693,21.42857142857143,57.142857142857146,35.714285714285715,0.07547166416251835,-0.014488133937470504,1.0351225796959516,1.0026203708452928,0.04492753623188406,0.013777777777777778,0.7785507246376812,0.016919550267438053,0.9152930902739875,0.8143111111111111,3.260869565217391,0.7231726283048211,-53778371.21707279,15355752.47360175,-8675003.02080099,-65810367.7440075,308710452.32643515,249580834.03522843,-59129618.29120674,249580834.03522843,15455465.15200176,19876060.56106893,913467846.822504,836090808.3840953,15636476.900857247,16120216.34133517,15455465.15200176,15455465.15200176,15455465.15200176,15455465.15200176,16120216.34133517,15455465.15200176,0.025925296384002955,0.025260545194669547,21371750.7370691,19876060.56106893,29518663.248116866,19720298.55520129,29514952.80640336,29514952.80640336,1121767632.0001278,777758891.5200886,344008740.4800392,344008740.4800392,344008740.4800392,512489929.4165917,566667151.3472645,301797039.9573677,301797039.9573677,267828254.1824305,202749112.74668977,0.007378738201600841,-51651.16741120588,30.086444854736328,2025-03-03,0,0,0,0,0,0,0,1,0,0,0,8.085806216599229,1
29.968498992919923,29.839739418029787,29.848094272613526,31.23498504638672,29.727487191666256,29.823317369350463,30.048939944416464,30.657750149959387,37.559345586736754,50.12122968966437,62.63170678444997,-0.36465120666327877,-0.4369380357853522,0.0722868291220734,13.15880473099908,-132.11877531560162,-92.23286897046093,47.004697809053766,-1.833324848862683,0.8516879091481847,2.942304304739183,1.2384457709593732,31.039231577415887,29.968498992919923,28.89776640842396,-0.5405902862548828,-0.9417251124352509,-0.28333874237843304,14.285714285714286,50.0,35.714285714285715,-0.8969067502492333,-0.03789599594572368,1.033049379923242,0.9713061035408493,0.04492753623188406,0.013777777777777778,0.7785507246376812,0.016919550267438053,0.9152930902739875,0.8143111111111111,3.260869565217391,0.7231726283048211,-55896629.66836476,15960595.121622078,-9016699.84143585,-68402550.52123748,320870146.0814412,259411490.84039,-61458655.24105125,259411490.84039,16064235.349684559,20658952.127121218,949448129.2803886,869023312.3039033,16252376.91036065,16755170.203434432,16064235.349684559,16064235.349684559,16064235.349684559,16064235.349684559,16755170.203434432,16064235.349684559,0.026946459296245066,0.026255524442495192,22213555.54805843,20658952.127121218,30681364.09756756,20497054.86319625,30677507.506494384,30677507.506494384,1165952565.7029116,808393778.887352,357558786.8155595,357558786.8155595,357558786.8155595,532676225.49846494,588987416.0790796,313684423.60244256,313684423.60244256,278377652.575824,210735130.39371142,0.007669376876623596,-53685.63813636517,28.9462890625,2025-03-04,0,0,0,0,0,0,0,1,0,0,0,15.144049310920686,1
29.823030090332033,29.815167045593263,29.80681257247925,31.188791885375977,29.630902995738115,29.75321141199253,29.990729911984594,30.609906403054385,42.92471208434886,31.234131066987924,49.62485582104487,-0.37092364595914873,-0.4237351578201115,0.05281151186096278,12.568016675774926,-124.47497842597753,-65.727666590034,49.90163475884823,-0.8278136652675738,0.8498268265109479,2.886862178582467,0.8256327522268698,30.943867783429162,29.823030090332033,28.702192397234903,-0.24572372436523438,-0.7034356487921538,-0.21094472591693503,100.0,42.85714285714286,-57.142857142857146,0.3809542190998158,0.01697784266303426,1.0287474391624638,1.0107999193802395,0.04492753623188406,0.013777777777777778,0.7785507246376812,0.016919550267438053,0.9152930902739875,0.8143111111111111,3.260869565217391,0.7231726283048211,-54963468.547156505,15694142.440535419,-8866171.378744034,-67260610.4594375,315513409.0642705,255080769.66662437,-60432639.39764612,255080769.66662437,15796052.456383051,20314063.15896143,933597655.1801621,854515482.8823992,15981053.105151786,16475452.562033935,15796052.456383051,15796052.456383051,15796052.456383051,15796052.456383051,16475452.562033935,15796052.456383051,0.026496604120384473,0.02581720401473359,21842713.39667592,20314063.15896143,30169156.898468956,20154868.67395571,30165364.690899245,30165364.690899245,1146487678.2858665,794898123.6115341,351589554.67433244,351589554.67433244,351589554.67433244,523783511.45154893,579154620.062096,308447647.9655013,308447647.9655013,273730302.5667411,207217032.2235196,0.007541341172724811,-52789.38820907368,29.437734603881836,2025-03-05,0,0,0,0,0,0,0,1,0,0,0,12.11343170281999,1
29.60482749938965,29.7090145111084,29.73997564315796,31.128280372619628,29.428908500454643,29.620794702518925,29.898747968927747,30.54775005430275,39.82876427001994,18.925467671509246,33.42694280938711,-0.4045420187636033,-0.4198965300088099,0.015354511245206592,11.880841630985648,-138.09531432555417,-85.44589858706628,46.117143239887724,-3.5282511774784253,0.8459924270346085,2.914710673862199,0.7961452338421964,30.83233660717819,29.60482749938965,28.37731839160111,-1.0615253448486328,-0.540924634997567,-0.16173686736669524,92.85714285714286,35.714285714285715,-57.142857142857146,-0.06172749385998461,-0.014023330923694899,1.0276167564967396,0.9983096944831132,0.04492753623188406,0.013777777777777778,0.7785507246376812,0.016919550267438053,0.9152930902739875,0.8143111111111111,3.260869565217391,0.7231726283048211,-55745201.96167326,15917356.802406086,-8992272.99876188,-68217243.43888322,320000887.4042158,258708727.76897684,-61292159.63523901,258708727.76897684,16020716.262161968,20602985.64467281,946876010.8236502,866669070.0530846,16208348.13477215,16709779.327201193,16020716.262161968,16020716.262161968,16020716.262161968,16020716.262161968,16709779.327201193,16020716.262161968,0.026873459536529753,0.02618439647149053,22153377.541011065,20602985.64467281,30598246.231051695,20441526.971259315,30594400.087741565,30594400.087741565,1162793922.2536912,806203786.0958927,356590136.15779865,356590136.15779865,356590136.15779865,531233169.9919901,587391809.7926869,312834631.5278079,312834631.5278079,277623508.90430355,210164234.83696347,0.007648600021935392,-53540.20015354774,29.024919509887695,2025-03-06,0,0,0,0,0,0,0,1,0,0,0,12.788247834701513,1
29.239190673828126,29.649058151245118,29.647092056274413,31.0515043258667,29.186127446348017,29.453480272630898,29.784635337423655,30.475311437982437,37.537872864256805,25.216340514486202,25.12531308432772,-0.4521454411432373,-0.42634631223569536,-0.025799128907541935,12.37020055612643,-204.24851580100693,-76.78565405967842,46.57800294195365,-2.0462831406876103,0.8543671181347064,2.976830275184507,0.9632381024359802,30.210408497838795,29.239190673828126,28.267972849817458,-0.5995635986328054,-0.5066708071802145,-0.15102567428197844,100.0,28.571428571428573,-71.42857142857143,0.2500005960455991,-0.011175023987316512,1.0280210565950105,1.006896578032395,0.04492753623188406,0.013777777777777778,0.7785507246376812,0.016919550267438053,0.9152930902739875,0.8143111111111111,3.260869565217391,0.7231726283048211,-56375196.13072377,16097243.888995292,-9093897.521705132,-68988188.09569411,323617318.7034378,261632476.97503385,-61984841.72840395,261632476.97503385,16201771.44671604,20835826.50566923,957576956.2797784,876463571.4884773,16391523.80649844,16898621.83152103,16201771.44671604,16201771.44671604,16201771.44671604,16201771.44671604,16898621.83152103,16201771.44671604,0.02717716500739465,0.026480314622589658,22403739.87148046,20835826.50566923,30944046.695134465,20672543.13669067,30940157.0853416,30940157.0853416,1175935024.3584223,815314950.2218394,360620074.13658285,360620074.13658285,360620074.13658285,537236804.1654078,594030110.5270146,316370074.7014659,316370074.7014659,280761020.03793085,212539367.36552224,0.0077350392713354,-54145.2748993478,28.70056533813477,2025-03-07,0,0,0,0,0,0,0,1,0,0,0,12.305957682150519,1
28.761503601074217,29.443632888793946,29.508503723144532,30.943335304260255,28.69008812788761,29.13430376687379,29.585909066332526,30.366397636138686,31.50573736219291,19.786843290144265,21.309550492046498,-0.5642648802045755,-0.4539300258294714,-0.11033485437510415,13.800507753322005,-220.17767070595943,-85.67565922562244,45.158895157748894,-6.904525835845609,0.902161709724757,3.2571355353856046,1.5234914003954145,29.92616841845452,28.761503601074217,27.596838783693915,-2.0542526245117188,-0.7868594971714765,-0.23362661019349673,100.0,21.42857142857143,-78.57142857142857,-0.37599945068359153,-0.03493157139437475,1.0452079572240678,0.9835951371863019,0.04492753623188406,0.013777777777777778,0.7785507246376812,0.016919550267438053,0.9152930902739875,0.8143111111111111,3.260869565217391,0.7231726283048211,-58415750.07502548,16679898.97074275,-9423059.80814688,-71485281.30318321,335330955.9312958,271102513.7907085,-64228442.140587345,271102513.7907085,16788210.0030203,21589999.100658365,992237366.6946385,908188005.6472595,16984830.630281482,17510283.5515373,16788210.0030203,16788210.0030203,16788210.0030203,16788210.0030203,17510283.5515373,16788210.0030203,0.028160868392163085,0.027438794843646083,23214664.58482162,21589999.100658365,32064095.952080652,21420805.534545667,32060065.554154895,32060065.554154895,1218499113.122441,844826051.7648926,373673061.3575486,373673061.3575486,373673061.3575486,556682602.2291828,615531596.4333185,327821391.026719,327821391.026719,290923432.69750017,220232432.29768565,0.008015016388538724,-56105.11471977107,27.698009490966797,2025-03-10,0,0,0,0,0,0,0,1,0,0,0,15.19299967896396,1
28.973808670043944,29.471153831481935,29.52816162109375,30.871780548095703,29.129330221041283,29.29312388332376,29.626090527381677,30.352335548735155,51.030266873558496,33.53179368075331,26.178325828461187,-0.46141943451329226,-0.4554279075662356,-0.00599152694705668,14.62229264218846,96.86662268899325,-43.41847775949035,45.69727231083548,0.9256149168923145,1.1578648710422859,3.8585444955255905,4.482005968170164,30.52024532728788,28.973808670043944,27.427372012800006,0.2752094268798828,-0.5654459993999116,-0.16784820801172273,92.85714285714286,100.0,7.142857142857143,-0.5537965572376295,0.08339245161769249,1.1068289980700186,0.9457869219693481,0.04492753623188406,0.013777777777777778,0.7785507246376812,0.016919550267438053,0.9152930902739875,0.8143111111111111,3.260869565217391,0.7231726283048211,-53919288.42387691,15395989.648844954,-8697734.412009811,-65982812.78076409,309519376.3170388,250234818.77310985,-59284557.54392894,250234818.77310985,15495963.607603686,19928142.445907537,915861436.1887572,838281644.1919801,15677449.667403707,16162456.665995242,15495963.607603686,15495963.607603686,15495963.607603686,15495963.607603686,16162456.665995242,15495963.607603686,0.0259932292772707,0.025326736218879143,21427751.82728854,19928142.445907537,29596011.95688913,19771972.291814197,29592291.792585105,29592291.792585105,1124707036.0357513,779796878.318121,344910157.71763045,344910157.71763045,344910157.71763045,513832823.3669704,568152007.6258823,302587848.50976664,302587848.50976664,268530053.22595805,203280382.8094247,0.007398072948146276,-51786.51063702393,30.007814407348633,2025-03-11,0,0,0,0,0,0,0,1,0,0,0,6.952223252699133,1
29.038388442993163,29.430709266662596,29.553152561187744,30.794888954162598,29.3397646369035,29.378125626106335,29.638904140833702,30.329131545593697,49.407183463416956,42.69084512531801,32.00316069873846,-0.395302314801107,-0.44340278901320984,0.04810047421210284,15.270659646312593,12.671489335169282,-48.35918989181308,47.16869090772381,-1.3407743657062876,1.1697953889950499,3.930680407821916,1.3248921223809802,30.680909961827762,29.038388442993163,27.395866924158565,-0.4044456481933594,-0.5375744740422616,-0.15953381856282434,85.71428571428572,92.85714285714286,7.142857142857143,-0.23880571521295388,-0.008237218991202888,1.0457337947945395,0.98948061492368,0.04492753623188406,0.013777777777777778,0.7785507246376812,0.016919550267438053,0.9152930902739875,0.8143111111111111,3.260869565217391,0.7231726283048211,-54367122.31631794,15523863.108862106,-8769974.613448072,-66530841.89512331,312090131.07166934,252313177.67196006,-59776953.39970928,252313177.67196006,15624667.414763808,20093658.309739262,923468246.3654919,845244104.9857712,15807660.831410697,16296696.120775154,15624667.414763808,15624667.414763808,15624667.414763808,15624667.414763808,16296696.120775154,15624667.414763808,0.026209119534442517,0.02553709082843117,21605722.89826479,20093658.309739262,29841825.60953213,19936191.06345433,29838074.54690379,29838074.54690379,1134048441.3941474,786273586.0332755,347774855.36087185,347774855.36087185,347774855.36087185,518100530.8994476,572870870.4393724,305101032.5291513,305101032.5291513,270760365.6519715,204968755.3334607,0.007459518636725947,-52216.63045708163,29.76063346862793,2025-03-12,0,0,0,0,0,0,0,1,0,0,0,11.229231187588296,1
29.36350212097168,29.484164810180665,29.617230319976805,30.738743133544922,29.776672391195756,29.60946422131978,29.735245451209565,30.341733755561798,54.96098728133606,59.21658904417196,45.14640928341436,-0.2680107442816748,-0.40832438006690286,0.14031363578522804,16.452066396187966,98.26624562064714,-30.572565216181122,52.62056879576995,1.7749921434742744,1.1942920526187157,3.8964862697251785,1.5127486797263714,31.450132879522606,29.36350212097168,27.276871362420756,0.5345554351806641,-0.329834529304831,-0.09793277887197505,78.57142857142857,85.71428571428572,7.142857142857143,0.31372544130846675,0.029900386095288667,1.0509659812114092,1.0157273766394792,0.04492753623188406,0.013777777777777778,0.7785507246376812,0.016919550267438053,0.9152930902739875,0.8143111111111111,3.260869565217391,0.7231726283048211,-52788719.22986907,15073169.520518856,-8515362.00185156,-64599297.94508081,303029433.9969245,244987943.570511,-58041490.42641351,244987943.570511,15171047.244678069,19510293.015736528,896657831.0225534,820704717.0750039,15348727.939935094,15823565.405739492,15171047.244678069,15171047.244678069,15171047.244678069,15171047.244678069,15823565.405739492,15171047.244678069,0.02544820828139547,0.024795690120334047,20978458.87812473,19510293.015736528,28975448.511746746,19357397.407179717,28971806.35112715,28971806.35112715,1101124396.79115,763446248.4418641,337678148.349286,337678148.349286,337678148.349286,503058876.27030355,556239106.3968095,296243245.1218857,296243245.1218857,262899567.09164706,199018039.1237338,0.007242951587781788,-50700.66111447251,30.650487899780273,2025-03-13,0,0,0,0,0,0,0,1,0,0,0,8.29031288296104,1
29.897840118408205,29.568515396118165,29.714939308166503,30.7064684677124,30.308533369236297,29.92997169477389,29.891151153505547,30.382146366140447,58.9018138776528,68.30751360080882,56.73831592343286,-0.1076497391961766,-0.34818945189275763,0.24053971269658103,17.75450029247374,138.9927364540531,-16.14570408957977,53.34259108112202,2.7629885734953064,1.1810212148017907,3.764540363946062,1.0085003231817637,32.365317159204615,29.897840118408205,27.430363077611794,0.843505859375,-0.12177413759258401,-0.03620388568975841,71.42857142857143,78.57142857142857,7.142857142857143,0.24509792921869797,0.02354831766127563,1.0330311038045492,1.0079415503060787,0.04492753623188406,0.013777777777777778,0.7785507246376812,0.016919550267438053,0.9152930902739875,0.8143111111111111,3.260869565217391,0.7231726283048211,-51574232.812464565,14726387.861161081,-8319452.882603987,-63113090.833547495,296057771.54645914,239351615.69146875,-56706155.8549904,239351615.69146875,14822013.756363425,19061428.443667375,876028825.9486797,801823131.2716602,14995606.631454082,15459519.724379057,14822013.756363425,14822013.756363425,14822013.756363425,14822013.756363425,15459519.724379057,14822013.756363425,0.02486273275260962,0.024225226784593986,20495816.871702544,19061428.443667375,28308823.346955698,18912050.43588933,28305264.979894027,28305264.979894027,1075791321.0263777,745881982.5782886,329909338.4480892,329909338.4480892,329909338.4480892,491485226.0416509,543441962.4349248,289427709.4790966,289427709.4790966,256851154.51349783,194439320.24476752,0.007076316244973507,-49534.21371481455,31.372255325317383,2025-03-14,0,0,0,0,0,0,0,1,0,0,0,8.288697470594926,1
30.71178779602051,29.736645698547363,29.81522207260132,30.68092414855957,30.79493820583364,30.264112819183786,30.06987465117438,30.436483680371342,60.919635563696716,80.14665257145349,69.22358507214467,0.050765266100697204,-0.26839850829406664,0.31916377439476384,19.290451541498555,152.87978479191995,-8.240503678593276,54.66402752796539,5.588240925139787,1.15881095050066,3.647759214513461,0.8700775145859616,32.24939628140757,30.71178779602051,29.174179310633445,1.6813030242919922,0.18446445356969493,0.054927752568172394,64.28571428571429,71.42857142857143,7.142857142857143,0.4886371764277501,0.012606443164823178,1.0278480743716267,1.0135646780702448,0.04492753623188406,0.013777777777777778,0.7785507246376812,0.016919550267438053,0.9152930902739875,0.8143111111111111,3.260869565217391,0.7231726283048211,-50932159.43923217,14543051.706381498,-8215879.860098638,-62327364.4559207,292372000.5386826,236371807.92904472,-56000192.60963784,236371807.92904472,14637487.107072286,18824123.20436393,865122705.7283175,791840834.7922653,14808918.837792965,15267056.445010878,14637487.107072286,14637487.107072286,14637487.107072286,14637487.107072286,15267056.445010878,14637487.107072286,0.024553204179605125,0.02392363484166653,20240654.214725763,18824123.20436393,27956392.671647098,18676604.877983175,27952878.604473528,27952878.604473528,1062398257.7713757,736596125.3881538,325802132.38322186,325802132.38322186,325802132.38322186,485366481.08375823,536676382.1257536,285824479.4241212,285824479.4241212,253653486.2554591,192018648.07127085,0.006988219651118382,-48917.53755782867,31.76774787902832,2025-03-17,0,0,0,0,0,0,0,1,0,0,0,4.232794924952189,1
31.11518783569336,30.044498252868653,29.942118835449218,30.66543571472168,31.204897005793388,30.584240416734534,30.256059408749476,30.49877116763964,62.2181176478422,86.68716347407901,78.38044321544703,0.1948078123668111,-0.1757572441618911,0.3705650565287022,20.874278861339075,144.37224358495467,-7.192873907350983,54.15525427860175,10.635302979825244,1.1374810193525262,3.5518738620569925,0.8601919144267853,32.757162921714034,31.11518783569336,29.473212749672687,3.0785255432128906,0.40148787817921494,0.11979067631256868,57.142857142857146,100.0,42.85714285714286,0.0804593417242003,0.008092066446242274,1.0272727539071198,1.002165832162289,0.04492753623188406,0.013777777777777778,0.7785507246376812,0.016919550267438053,0.9152930902739875,0.8143111111111111,3.260869565217391,0.7231726283048211,-50523321.36565642,14426313.022826495,-8149930.084324058,-61827055.812113546,290025098.1731872,234474425.29957607,-55550672.873611115,234474425.29957607,14519990.380117575,18673019.88668884,858178270.1435943,785484640.8857152,14690046.009386651,15144506.09539145,14519990.380117575,14519990.380117575,14519990.380117575,14519990.380117575,15144506.09539145,14519990.380117575,0.024356112895681094,0.02373159718040722,20078180.246055055,18673019.88668884,27731983.617527958,18526685.706219796,27728497.758160014,27728497.758160014,1053870269.5246627,730683386.8704329,323186882.6542299,323186882.6542299,323186882.6542299,481470390.6903933,532368421.48521405,283530134.7343389,283530134.7343389,251617381.6838439,190477293.15853164,0.006932124439540004,-48524.87107678003,32.02481460571289,2025-03-18,0,0,0,0,0,0,0,1,0,0,0,0.5866031821132127,1
31.807294845581055,30.42284164428711,30.119004344940187,30.66915641784668,31.876987509884394,31.063681889703965,30.538450752493944,30.605531848048532,67.61155825652453,90.72856717855625,85.85412774136284,0.40087726683864133,-0.0604303419617846,0.46130760880042593,22.833118495533718,161.3314836204226,-2.3950356318941974,59.44273861283248,12.852327005100662,1.1614611146974043,3.4961476868755414,1.4732023541808204,33.49853800122827,31.807294845581055,30.11605168993384,3.7834339141845703,0.8083483929931536,0.24230564557588963,50.0,100.0,50.0,0.7919456214237273,0.03735709096470763,1.0461872831987171,1.0363972970950408,0.04492753623188406,0.013777777777777778,0.7785507246376812,0.016919550267438053,0.9152930902739875,0.8143111111111111,3.260869565217391,0.7231726283048211,-48703885.87084454,13906795.594765253,-7856436.472367384,-59600552.54899394,279580773.77528065,226030580.3486846,-53550193.42659607,226030580.3486846,13997099.462263728,18000570.921362817,827273730.1535356,757197928.9747185,14161031.083062628,14599125.2455869,13997099.462263728,13997099.462263728,13997099.462263728,13997099.462263728,14599125.2455869,13997099.462263728,0.023479005549603676,0.022876979766280503,19355128.93383995,18000570.921362817,26733305.106863573,17859506.497411218,26729944.779548798,26729944.779548798,1015918509.3578513,704370166.4881102,311548342.8697411,311548342.8697411,311548342.8697411,464131777.65299875,513196878.99383724,273319705.6287197,273319705.6287197,242556188.10090566,183617863.9135672,0.0066824861948872,-46777.4033642104,33.221168518066406,2025-03-19,0,0,0,0,0,0,0,1,0,0,0,-5.565467065806381,0
32.43019180297851,30.896846961975097,30.302930736541747,30.67942840576172,32.50631590217879,31.554825670988258,30.8457385557581,30.729431488782613,69.72701931342881,92.38006251436133,89.93193105566546,0.6011396817561092,0.07188366278179417,0.5292560189743151,24.948371160687337,161.82653004902676,-4.032809239512477,63.53872136159134,16.330977852548823,1.1448853553821121,3.3907486495044328,0.9294004842833132,34.24781143023833,32.43019180297851,30.612572175718697,4.740053176879883,1.561018515307961,0.47062576734102635,42.85714285714286,100.0,57.142857142857146,0.48936550128847867,0.016369206531836378,1.0280680376111588,1.0136539898462695,0.04492753623188406,0.013777777777777778,0.7785507246376812,0.016919550267438053,0.9152930902739875,0.8143111111111111,3.260869565217391,0.7231726283048211,-47919481.97352136,13682818.709373837,-7729904.07607483,-58640651.61160216,275077965.7416974,222390228.76339424,-52687736.97830315,222390228.76339424,13771668.181512628,17710661.44633237,813950014.2634656,745002823.8837638,13932959.589935247,14363997.995771235,13771668.181512628,13771668.181512628,13771668.181512628,13771668.181512628,14363997.995771235,13771668.181512628,0.0231008627560857,0.02250853294182709,19043403.528414235,17710661.44633237,26302749.960406426,17571868.945492096,26299443.75308218,26299443.75308218,999556561.5614004,693025882.6825709,306530678.8788295,306530678.8788295,306530678.8788295,456656670.3026736,504931550.1647501,268917735.67340785,268917735.67340785,238649682.164793,180660593.34887534,0.006574860938270545,-46024.026567893816,33.76497268676758,2025-03-20,0,0,0,0,0,0,0,1,0,0,0,-5.710108758219863,0
33.04320182800293,31.470520973205566,30.55978956222534,30.721822052001954,33.14997908493235,32.078912903615745,31.187792545727753,30.87483831080837,72.14905913125868,95.42252820568962,92.84371929953566,0.8048232223774505,0.21847157470092546,0.586351647676525,27.100123407505585,141.0622202632618,-0.8104471637478883,68.0996652994813,19.988247773928734,1.1485618841302834,3.3352257649287904,1.1963567578565133,35.07495880872775,33.04320182800293,31.011444847278106,5.736740112304684,2.2816010575865966,0.6923192586654281,35.714285714285715,100.0,64.28571428571429,0.8760348556403925,0.019912137051286916,1.0359263382870787,1.0313888468736256,0.04492753623188406,0.013777777777777778,0.7785507246376812,0.016919550267438053,0.9152930902739875,0.8143111111111111,3.260869565217391,0.7231726283048211,-46983931.49047475,13415683.77540132,-7578990.184804642,-57495787.608862795,269707512.7833928,218048418.76512665,-51659094.01826612,218048418.76512665,13502798.605111718,17364889.38893937,798058954.9769577,730457847.1216887,13660941.05931266,14083564.136514373,13502798.605111718,13502798.605111718,13502798.605111718,13502798.605111718,14083564.136514373,13502798.605111718,0.022649855724703526,0.02206909019330087,18671611.83459534,17364889.38893937,25789231.25324449,17228806.587491844,25785989.594277862,25785989.594277862,980041834.2419795,679495671.7411058,300546162.50087374,300546162.50087374,300546162.50087374,447741186.4348765,495073577.24419284,263667551.25680515,263667551.25680515,233990432.60212952,177133487.07780963,0.0064464973985694654,-45125.481789986254,34.43730545043945,2025-03-21,0,0,0,0,0,0,0,1,0,0,0,-9.732991283443662,0
33.57909088134765,32.145439338684085,30.794536113739014,30.76441345214844,33.582383771872216,32.50950931127687,31.498211650491964,31.014930657276746,72.18430526536818,95.0425979142259,94.28172954475887,0.9560213313521224,0.36598152603116485,0.5900398053209576,29.1431812287074,124.41767239133706,-2.1296338512461257,70.8877391871512,24.36703495601833,1.1145455763270018,3.235519281966369,0.6723335748843411,35.38321260513284,33.57909088134765,31.774969157562463,6.749183654785156,3.1134289859054096,0.9507477955940438,28.571428571428573,100.0,71.42857142857143,0.0588248493756213,0.000287121631125542,1.0198135288817713,1.0011494516208133,0.04492753623188406,0.013777777777777778,0.7785507246376812,0.016919550267438053,0.9152930902739875,0.8143111111111111,3.260869565217391,0.7231726283048211,-46970445.25961711,13411832.948048891,-7576814.7174042445,-57479284.063066676,269630096.1503855,217985830.31796348,-51644265.83242203,217985830.31796348,13498922.772386871,17359904.984703977,797829880.7602332,730248177.0739608,13657019.83350175,14079521.601306736,13498922.772386871,13498922.772386871,13498922.772386871,13498922.772386871,14079521.601306736,13498922.772386871,0.022643354327874753,0.022062755498954888,18666252.349773675,17359904.984703977,25781828.73252541,17223861.244357083,25778588.004042026,25778588.004042026,979760523.8022729,679300629.8362426,300459893.96603036,300459893.96603036,300459893.96603036,447612667.15577024,494931471.7127393,263591868.3296189,263591868.3296189,233923268.1718138,177082642.82055897,0.006444647001010506,-45112.52900707354,34.44719314575195,2025-03-24,0,0,0,0,0,0,0,1,0,0,0,-10.047579629296383,0
34.02994918823242,32.57256851196289,31.021861171722414,30.798925247192383,33.81462456129372,32.83125418925139,31.763058744743844,31.14293753895753,70.54978223430932,91.29582630557547,93.92031747516359,1.0501779082336071,0.5028208024716533,0.5473571057619538,31.14123472309638,106.43005820188586,-7.35201745223947,66.38980321139813,14.233931451342507,1.094965093170216,3.194263843094039,0.8404188121320004,34.97924347343281,34.02994918823242,33.080654903032034,4.271291732788086,4.043846796114301,1.24189490538377,21.42857142857143,100.0,78.57142857142857,-0.3882364028847972,-0.00487955593084255,1.0247165543444068,0.9905713762555804,0.04492753623188406,0.013777777777777778,0.7785507246376812,0.016919550267438053,0.9152930902739875,0.8143111111111111,3.260869565217391,0.7231726283048211,-47200764.027668625,13477597.63954444,-7613967.497664717,-57761132.74090475,270952222.67551684,219054720.0764918,-51897502.599025026,219054720.0764918,13565114.50733369,17445028.979323756,801742025.8173157,733828936.412858,13723986.794660442,14148560.292595355,13565114.50733369,13565114.50733369,13565114.50733369,13565114.50733369,14148560.292595355,13565114.50733369,0.0227543856252049,0.022170939839943237,18757781.9961625,17445028.979323756,25908249.484957483,17308318.15084294,25904992.865617886,25904992.865617886,984564762.6290582,682631568.756147,301933193.87291116,301933193.87291116,301933193.87291116,449807528.14747995,497358359.64630556,264884386.5087955,264884386.5087955,235070306.88192448,177950964.50480756,0.006476248216404472,-45333.7375148313,34.27910614013672,2025-03-25,0,0,0,0,0,0,0,1,0,0,0,-8.939282858275405,0
34.1861686706543,32.996731758117676,31.213720512390136,30.836942901611327,33.87717168425441,33.04416541487401,31.97631657192784,31.255068064103344,67.82568765667764,75.71321362578543,87.35054594852886,1.08989534735203,0.6202357114477286,0.4696596359043015,32.417656789110325,82.80838817515492,-10.963474878794269,64.93316735803782,14.252493872548634,1.081726824373585,3.1813374632000375,0.9096293300173812,34.71612497586769,34.1861686706543,33.6562123654409,4.241632461547852,5.1598247550350775,1.593580893981155,14.285714285714286,92.85714285714286,78.57142857142857,-0.44565104717360576,-0.008076062684633123,1.0270509270522392,0.9882183949310127,0.04492753623188406,0.013777777777777778,0.7785507246376812,0.016919550267438053,0.9152930902739875,0.8143111111111111,3.260869565217391,0.7231726283048211,-47585063.9872822,13587329.766455114,-7675959.023906461,-58231413.28480764,273158265.9541885,220838223.41192955,-52320042.54225898,220838223.41192955,13675559.180523004,17587063.204199478,808269662.2759435,739803636.9592606,13835724.976860914,14263755.27430894,13675559.180523004,13675559.180523004,13675559.180523004,13675559.180523004,14263755.27430894,13675559.180523004,0.022939647657651493,0.022351451563865556,18910504.41521783,17587063.204199478,26119189.69823223,17449239.30123891,26115906.564095546,26115906.564095546,992580908.2637665,688189429.7295448,304391478.5342217,304391478.5342217,304391478.5342217,453469778.50426716,501407760.1478209,267041026.5788148,267041026.5788148,236984206.1863535,179399808.6047104,0.0065289766410238865,-45702.8364871672,34.00226593017578,2025-03-26,0,0,0,0,0,0,0,1,0,0,0,-6.764847439106343,0
34.1426643371582,33.28642807006836,31.385296440124513,30.85662498474121,33.76726479593197,33.135671888403664,32.12594842405729,31.344965434894863,63.488466671248524,49.442180106103024,72.15040667915457,1.0723110079311624,0.7106507707444154,0.361660237186747,33.43445465010477,62.00331913606334,-16.896661708368335,61.37846671045008,9.451605237016803,1.051071949218126,3.133090346011217,0.6525585721971581,34.81921922950936,34.1426643371582,33.466109444807046,2.896963119506836,5.606724087117762,1.7399355081411514,7.142857142857143,85.71428571428572,78.57142857142857,-0.7878796636129767,-0.013376017699015752,1.0194690211712312,0.9849056474238725,0.04492753623188406,0.013777777777777778,0.7785507246376812,0.016919550267438053,0.9152930902739875,0.8143111111111111,3.260869565217391,0.7231726283048211,-48230191.88759763,13771538.10387522,-7780024.772968468,-59020877.58803666,276861571.2311538,223832206.97402385,-53029364.25712991,223832206.97402385,13860963.675978305,17825497.372548446,819227666.0363694,749833422.0843748,14023300.89786944,14457134.156665545,13860963.675978305,13860963.675978305,13860963.675978305,13860963.675978305,14457134.156665545,13860963.675978305,0.02325064874680232,0.02265447826611508,19166880.95409473,17825497.372548446,26473296.98728546,17685804.941153113,26469969.34251341,26469969.34251341,1006037686.1597158,697519462.4040695,308518223.75564617,308518223.75564617,308518223.75564617,459617632.0858269,508205526.2618368,270661398.2320065,270661398.2320065,240197086.66888857,181831996.60960788,0.006617492335628352,-46322.446349398466,33.54745101928711,2025-03-27,0,0,0,0,0,0,0,1,0,0,0,-5.560102080185684,0
33.89746017456055,33.470331001281735,31.51942319869995,30.876070861816405,33.58193807643837,33.149419660957754,32.22931377771385,31.418154423230405,60.41339760508695,26.717540498484848,50.62431141012436,1.0194973439315334,0.772420085381839,0.2470772585496943,33.55602409212861,39.2159470957875,-27.777793473595715,54.00954202220868,5.861960809204869,1.050149998147384,3.162027634917704,1.0381646342277406,34.81492952252549,33.89746017456055,32.97999082659561,1.839029312133789,6.1223359948376,1.9073036267207222,0.0,78.57142857142857,78.57142857142857,-0.7047614549576362,-0.010020623672501006,1.0314843508185643,0.9784444614332238,0.04492753623188406,0.013777777777777778,0.7785507246376812,0.016919550267438053,0.9152930902739875,0.8143111111111111,3.260869565217391,0.7231726283048211,-48718380.443960294,13910934.341847748,-7858774.595719182,-59618290.03649034,279663978.7166274,226097848.42626566,-53566130.29036178,226097848.42626566,14001265.084327277,18005928.00091981,827519931.8549819,757423275.690866,14165245.492175119,14603470.034190817,14001265.084327277,14001265.084327277,14001265.084327277,14001265.084327277,14603470.034190817,14001265.084327277,0.023485993044678015,0.022883788094814474,19360889.138112772,18005928.00091981,26741261.101309776,17864821.595336348,26737899.773941122,26737899.773941122,1016220852.8947217,704579791.3403404,311641061.5543813,311641061.5543813,311641061.5543813,464269906.0972952,513349609.51117367,273401047.23804665,273401047.23804665,242628374.3000198,183672509.70837933,0.006684474943485281,-46791.32460439696,33.21128463745117,2025-03-28,0,0,0,0,0,0,0,1,0,0,0,-6.161175464807075,0
33.648301696777345,33.6136962890625,31.675170993804933,30.907900161743164,33.45509230323756,33.15887076929924,32.32189349001119,31.48808565199925,60.32088824886611,20.505893196807623,32.22187126713176,0.965712456088653,0.8110785595232018,0.15463389656545112,32.87856656680414,15.270709401113468,-27.946086142351046,55.52355097539675,4.5129194655755045,1.0542372405946054,3.1752794055761195,1.1073713924084814,34.50810639260126,33.648301696777345,32.78849700095343,1.4336528778076172,6.292735735848944,1.96983078198555,7.142857142857143,71.42857142857143,64.28571428571429,0.6071437086385955,-0.00029760609151774364,1.0341775683930277,1.0206687013263784,0.04492753623188406,0.013777777777777778,0.7785507246376812,0.016919550267438053,0.9152930902739875,0.8143111111111111,3.260869565217391,0.7231726283048211,-48732883.64699086,13915075.553096278,-7861114.11116478,-59636038.084698334,279747233.1973122,226165156.55454534,-53582076.64276683,226165156.55454534,14005433.186557941,18011288.270025052,827766280.1423051,757648756.5760539,14169462.410502017,14607817.409635702,14005433.186557941,14005433.186557941,14005433.186557941,14005433.186557941,14607817.409635702,14005433.186557941,0.023492984700032676,0.022890600476954917,19366652.771950014,18011288.270025052,26749221.83267054,17870139.85781431,26745859.504652586,26745859.504652586,1016523376.4437215,704789541.0009803,311733835.4427413,311733835.4427413,311733835.4427413,464408116.7817998,513502430.9626373,273482437.27730346,273482437.27730346,242700603.47802988,183727188.0387171,0.006686464876163147,-46805.25413314202,33.20140075683594,2025-03-31,0,0,0,0,0,0,0,1,0,0,0,-5.594115181532865,0
33.03924751281738,33.5345983505249,31.789548301696776,30.90155765533447,32.71467327560401,32.80886430585154,32.21826889289935,31.47811504683602,45.41292606114601,17.911267266016473,21.711566987102913,0.7556112338575396,0.7999850943900694,-0.044373860532529785,30.621706265829793,-76.9594609919774,-69.92338734032987,42.298355750867245,-2.4698952831248455,1.1406618947775213,3.652007147795977,2.264182399155427,34.936841625118376,33.03924751281738,31.141653400516393,-0.7909793853759801,6.062812650898484,1.9013121922810896,0.0,64.28571428571429,64.28571428571429,-0.6042789912057961,-0.05926152185292721,1.059763466831885,0.9654645163215871,0.04492753623188406,0.013777777777777778,0.7785507246376812,0.016919550267438053,0.9152930902739875,0.8143111111111111,3.260869565217391,0.7231726283048211,-51802796.18516048,14791651.321102684,-8356322.499583984,-63392791.37615436,297369821.3645059,240412358.80987024,-56957462.55463566,240412358.80987024,14887701.005005948,19145903.65805066,879911154.2378032,805376599.5288701,15062063.197851673,15528032.23102771,14887701.005005948,14887701.005005948,14887701.005005948,14887701.005005948,15528032.23102771,14887701.005005948,0.02497291781484869,0.024332586588826925,20586648.916599624,19145903.65805066,28434280.572170485,18995863.646411337,28430706.4353662,28430706.4353662,1080558943.911722,749187534.4454606,331371409.46626145,331371409.46626145,331371409.46626145,493663358.7014768,545850353.6222503,290710376.61387956,290710376.61387956,257989450.9641676,195301023.93663716,0.0071076766088415495,-49753.736261890845,31.23383522033691,2025-04-01,0,0,0,0,0,0,0,1,0,0,0,2.3905737373305707,1
32.53895225524902,33.36256046295166,31.892701053619383,30.87755443572998,32.31004539784733,32.57103254884835,32.14993753570265,31.47900424665947,47.31543433492625,20.14611277673686,19.52109107985358,0.6036865693758671,0.7607253893872289,-0.15703882001136182,28.449512631872818,-106.12023646438324,-77.52293745486385,43.33233433189917,-5.178562201377234,1.1192159590206543,3.5529774704966046,0.8404187941813817,34.47576421146024,32.53895225524902,30.602140299037806,-1.7203788757324219,5.762519780277845,1.8110585701771242,0.0,57.142857142857146,57.142857142857146,0.7411757314101305,0.008546962616465814,1.0272349347565746,1.0201729451600923,0.04492753623188406,0.013777777777777778,0.7785507246376812,0.016919550267438053,0.9152930902739875,0.8143111111111111,3.260869565217391,0.7231726283048211,-51363791.777002506,14666299.011727538,-8285506.584547375,-62855567.19311802,294849751.56044453,238374976.79450667,-56474774.76593786,238374976.79450667,14761534.7195959,18983651.10175989,872454319.7820518,798551410.4762039,14934419.27461293,15396439.438718304,14761534.7195959,14761534.7195959,14761534.7195959,14761534.7195959,15396439.438718304,14761534.7195959,0.024761284045773768,0.024126379326651362,20412186.719785295,18983651.10175989,28193313.376705475,18834882.608867824,28189769.52903475,28189769.52903475,1071401713.5190572,742838521.373213,328563192.1458442,328563192.1458442,328563192.1458442,489479793.20741755,541224527.8158935,288246742.48157156,288246742.48157156,255803111.3344167,193645939.3323333,0.0070474423822586875,-49332.09667581081,31.500789642333984,2025-04-02,0,0,0,0,0,0,0,1,0,0,0,2.406759328789961,1
31.536384963989256,32.83952465057373,31.868185806274415,30.82194538116455,31.051568452894315,31.837138369601064,31.805621062110802,31.363537984554718,33.39025446211661,9.274979330219034,15.777453124324053,0.2411596997700478,0.6568122514637926,-0.4156525516937448,28.202889384227014,-205.04398945837679,-99.84350191801687,33.4656838906282,-15.490485279820954,1.251847859038551,4.387120268525721,2.976062559271206,34.963453147872066,31.536384963989256,28.109316780106443,-5.230358123779297,5.046682552308337,1.5829187417641677,100.0,50.0,-50.0,-0.8981475758126998,-0.09416192778099297,1.0748700110520437,0.9370130300401225,0.04492753623188406,0.013777777777777778,0.7785507246376812,0.016919550267438053,0.9152930902739875,0.8143111111111111,3.260869565217391,0.7231726283048211,-56703061.34426213,16190861.768262735,-9146785.544408169,-69389407.57826886,325499402.82169753,263154071.46728328,-62345331.35441429,263154071.46728328,16295997.234290414,20957002.8948509,963146004.2795773,881560882.6420976,16486853.150285996,16996900.341141615,16295997.234290414,16295997.234290414,16295997.234290414,16295997.234290414,16996900.341141615,16295997.234290414,0.027335221167196826,0.02663431806034562,22534034.8852661,20957002.8948509,31124010.175064817,20792769.907240175,31120097.944193307,31120097.944193307,1182773992.8114011,820056635.0159047,362717357.7954963,362717357.7954963,362717357.7954963,540361250.2269331,597484853.435306,318210010.51044506,318210010.51044506,282393861.75034875,213775447.58961618,0.0077800244860483266,-54460.17140233829,28.53461456298828,2025-04-03,0,0,0,0,0,0,0,1,0,0,0,16.432362973180584,1
30.009793090820313,31.95362663269043,31.712073802947998,30.70583450317383,29.227154059131692,30.69917235178386,31.212545272538957,31.136666897772432,25.37469773486341,7.806716257481539,12.409269454812408,-0.28144892729369175,0.46916001571229576,-0.7506089430059875,29.445713426676043,-248.27584560440755,-96.69761091016169,28.053978556100624,-25.72495165622768,1.396193225036135,5.458501329584692,3.272682983004728,35.35557782774591,30.009793090820313,24.664008353894715,-8.858980178833008,3.592505031212248,1.120538491469162,100.0,42.85714285714286,-57.142857142857146,-0.8287929310883526,-0.10360361745402313,1.1005871498596773,0.9239286014011928,0.04492753623188406,0.013777777777777778,0.7785507246376812,0.016919550267438053,0.9152930902739875,0.8143111111111111,3.260869565217391,0.7231726283048211,-63256682.47702214,18062167.678853046,-10203951.870520877,-77409290.05222735,363119942.4268119,293568868.1829167,-69551074.24389517,293568868.1829167,18179454.481962483,23379169.419814117,1074464403.2855375,983449844.0726155,18392369.125207145,18961366.50269205,18179454.481962483,18179454.481962483,18179454.481962483,18179454.481962483,18961366.50269205,18179454.481962483,0.030494568808453196,0.029712656787723626,25138471.466455646,23379169.419814117,34721258.118718974,23195954.72728684,34716893.72039287,34716893.72039287,1319476534.9811478,914837064.2535958,404639470.727552,404639470.727552,404639470.727552,602815072.3814613,666540902.0709212,354988057.41122437,354988057.41122437,315032353.1519434,238483166.3225186,0.008679223430098217,-60754.56401068752,25.578325271606445,2025-04-04,0,0,0,0,0,0,0,1,0,0,0,32.144261968445555,1
28.502974700927734,31.075638198852538,31.61053876876831,30.586785430908204,28.040538975212144,29.784288070981894,30.68442751395173,30.922182266776378,25.950908159907566,6.958747146337413,8.013480911345924,-0.6805943339372469,0.23920914578238722,-0.9198034797196342,30.93407098153848,-189.79594286710415,-86.40597041549385,32.992042378157564,-25.487952824573302,1.4723169846322184,5.736156430273239,2.4619258593812994,33.644186233207506,28.502974700927734,23.361763168647958,-8.779884338378906,2.040740148410757,0.6327116550543366,100.0,35.714285714285715,-64.28571428571429,0.3493971935162395,0.0034788648131462985,1.1016326437191086,1.0346751266079617,0.04492753623188406,0.013777777777777778,0.7785507246376812,0.016919550267438053,0.9152930902739875,0.8143111111111111,3.260869565217391,0.7231726283048211,-63037383.94012006,17999549.678822912,-10168576.766607748,-77140927.19495533,361861076.6599723,292551122.37723213,-69309954.28274018,292551122.37723213,18116429.87154254,23298118.415446106,1070739445.504524,980040415.9540917,18328606.381392907,18895631.15634007,18116429.87154254,18116429.87154254,18116429.87154254,18116429.87154254,18895631.15634007,18116429.87154254,0.030388850107103616,0.029609648822306087,25051321.306240544,23298118.415446106,34600886.31282163,23115538.892397165,34596537.04501027,34596537.04501027,1314902168.0958295,911665503.2131084,403236664.88272107,403236664.88272107,403236664.88272107,600725230.5146546,664230135.2256533,353757383.298078,353757383.298078,313940197.6449243,237656391.86324623,0.008649134261252567,-60543.93982876797,25.667308807373047,2025-04-07,0,0,0,0,0,0,0,1,0,0,0,32.03483791632973,1
27.15039825439453,30.094822883605957,31.333695697784425,30.43574939727783,26.850676979365062,28.81822714674353,30.092668035258317,30.669192883282047,23.341407341225818,8.338475977133136,7.701313126983959,-1.0809948252275277,-0.02483164841959578,-1.0561631768079318,32.34101147002637,-150.99763457465193,-96.95009336384024,29.904122339544585,-28.61262809003543,1.5373534856327045,6.282360504747253,2.382827998639023,32.264485052694546,27.15039825439453,22.036311456094516,-9.80815315246582,0.05899282611087828,0.018162739582553655,100.0,28.571428571428573,-71.42857142857143,-0.6597511424306752,-0.0466100995893457,1.0986895921327884,0.9396355298641987,0.04492753623188406,0.013777777777777778,0.7785507246376812,0.016919550267438053,0.9152930902739875,0.8143111111111111,3.260869565217391,0.7231726283048211,-66119206.75157974,18879526.278881237,-10665706.404303035,-80912255.48091958,379552034.8014046,306853599.1950632,-72698435.60634138,306853599.1950632,19002120.605367478,24437135.74625753,1123086624.940461,1027953427.5871373,19224670.1727155,19819416.115275756,19002120.605367478,19002120.605367478,19002120.605367478,19002120.605367478,19819416.115275756,19002120.605367478,0.03187452488642287,0.031057229376514586,26276050.643551156,24437135.74625753,36292482.53827523,24245630.127233982,36287920.639927566,36287920.639927566,1379186172.97022,956235746.5926859,422950426.37753415,422950426.37753415,422950426.37753415,630093973.3637874,696703557.4213121,371052161.4983585,371052161.4983585,329288360.94204545,249275130.52202496,0.009071980159981893,-63503.86111987325,24.4709529876709,2025-04-08,0,0,0,0,0,0,0,1,0,0,0,37.39267100016236,1
26.495862197875976,29.5174072265625,31.257069492340086,30.37420684814453,27.309821106157113,28.7109330036522,29.9150910185424,30.573464117652996,42.79575665692447,28.135725857123575,14.47764966019797,-1.0826637066689777,-0.23639806006947217,-0.8462656465995055,31.776910818272416,-84.78706952885487,-61.263741659161916,40.61850000912274,-16.981681698190044,1.762296676688542,6.243056005734202,4.686558160414428,29.694089641645263,26.495862197875976,23.29763475410669,-5.77415657043457,-1.5359733699377554,-0.47247194632505796,100.0,21.42857142857143,-78.57142857142857,0.8375526381972739,0.1535353516458171,1.194901308823903,1.1615133981154184,0.04492753623188406,0.013777777777777778,0.7785507246376812,0.016919550267438053,0.9152930902739875,0.8143111111111111,3.260869565217391,0.7231726283048211,-57318752.006380685,16366664.664368281,-9246102.764935328,-70142848.56157835,329033725.9797675,266011439.31762213,-63022286.66214539,266011439.31762213,16472941.707643399,21184557.292840328,973603993.4433625,891133007.8618703,16665869.96686883,17181455.329477523,16472941.707643399,16472941.707643399,16472941.707643399,16472941.707643399,17181455.329477523,16472941.707643399,0.027632031251530863,0.02692351762969674,22778712.941967107,21184557.292840328,31461959.51991813,21018541.03789824,31458004.809435137,31458004.809435137,1195616736.8450854,828960937.5459259,366655799.2991595,366655799.2991595,366655799.2991595,546228576.7530184,603972436.9324996,321665184.3126926,321665184.3126926,285460138.2369688,216096654.65940803,0.007864501202358784,-55051.50841651149,28.22810935974121,2025-04-09,0,0,0,0,0,0,0,1,0,0,0,19.70459589643248,1
25.88878479003906,28.71258487701416,30.99950647354126,30.262018241882323,26.706289912039313,28.126986552770656,29.49453259047205,30.374474447305964,35.70769035900162,32.85357488875982,23.109258907672103,-1.289321766429584,-0.44698280134149454,-0.8423389650880895,31.253103070215165,-87.1542172997389,-86.53846371595026,38.53407369975147,-23.990566349903343,1.873712444027413,7.348114535149307,3.322117419432736,28.383559817873206,25.88878479003906,23.394009762204917,-8.048223495483398,-3.4390191165355013,-1.0526474561446761,92.85714285714286,14.285714285714286,-78.57142857142857,-0.5958187180751592,-0.09667249765687169,1.1139340560157767,0.9378182151100852,0.04492753623188406,0.013777777777777778,0.7785507246376812,0.016919550267438053,0.9152930902739875,0.8143111111111111,3.260869565217391,0.7231726283048211,-63452902.58262081,18118195.916669227,-10235604.186689759,-77649411.07143955,364246328.2987528,294479508.95729274,-69766819.34146008,294479508.95729274,18235846.539504744,23451690.818545885,1077797355.796148,986500472.4757888,18449421.63682548,19020184.02507484,18235846.539504744,18235846.539504744,18235846.539504744,18235846.539504744,19020184.02507484,18235846.539504744,0.030589161937233763,0.029804824451663665,25216450.161078602,23451690.818545885,34828962.29585549,23267907.80019267,34824584.35931228,34824584.35931228,1323569506.8995378,917674858.1170129,405894648.78252494,405894648.78252494,405894648.78252494,604684984.5002658,668608489.5742288,356089218.4488238,356089218.4488238,316009572.93619186,239222933.09887943,0.008706146089828072,-60943.0226287965,25.49922752380371,2025-04-10,0,0,0,0,0,0,0,1,0,0,0,34.699066246019974,1
25.952063369750977,27.980928230285645,30.725629615783692,30.165406036376954,26.435765998081546,27.721119574115267,29.151693121871478,30.198797730555377,37.327777326000664,44.56427964398529,35.184526796622826,-1.4049911147780314,-0.638584464028802,-0.7664066507492294,30.862569716484835,-83.63822324809007,-82.87545565483619,40.45402901427643,-22.030362713023532,1.8281548924635234,7.0599528461745855,1.235906722132956,28.428109774573482,25.952063369750977,23.476016964928473,-7.316566467285156,-5.273730494831649,-1.6078840769254228,85.71428571428572,7.142857142857143,-78.57142857142857,0.41600036621093656,0.015509906956715058,1.0500200084613314,1.020257127238729,0.04492753623188406,0.013777777777777778,0.7785507246376812,0.016919550267438053,0.9152930902739875,0.8143111111111111,3.260869565217391,0.7231726283048211,-62483784.89263267,17841476.27960216,-10079275.560554467,-76463469.76972353,358683185.4652486,289981916.4145728,-68701269.05067585,289981916.4145728,17957330.021677498,23093512.587017514,1061336131.1521778,971433627.301715,18167643.181458265,18729688.302179758,17957330.021677498,17957330.021677498,17957330.021677498,17957330.021677498,18729688.302179758,17957330.021677498,0.030121972939588064,0.029349614659085803,24831318.718147594,23093512.587017514,34297018.72651453,22912536.491073776,34292707.65430026,34292707.65430026,1303354598.3475604,903659188.1876419,399695410.1599185,399695410.1599185,399695410.1599185,595449616.3532158,658396816.2141498,350650659.34802514,350650659.34802514,311183151.21435976,235569275.55318868,0.008573176913575063,-60012.238395025444,25.894718170166016,2025-04-11,0,0,0,0,0,0,0,1,0,0,0,43.43285242139053,1
25.872965621948243,27.18797016143799,30.400833225250246,30.06714775085449,26.04778402150749,27.275792391250558,28.782181402489375,30.00558292027318,35.79774554602549,32.2081541253529,36.5420028860326,-1.5292938304113548,-0.8167263373053125,-0.7125674931060423,30.314779732102973,-74.53526538498076,-88.31292078931122,43.42227319798177,-23.88327151180185,1.7879700625468804,7.074955653017807,1.26556727363052,28.40497996129134,25.872965621948243,23.340951282605147,-7.9295806884765625,-7.133999354796955,-2.165645171434452,78.57142857142857,0.0,-78.57142857142857,-0.6640634313234645,-0.0240550253419749,1.0508339461391416,0.9678152068769126,0.04492753623188406,0.013777777777777778,0.7785507246376812,0.016919550267438053,0.9152930902739875,0.8143111111111111,3.260869565217391,0.7231726283048211,-64023880.97190339,18281231.77318873,-10327708.858879348,-78348136.17080885,367523984.21943057,297129370.9629311,-70394613.25649947,297129370.9629311,18399941.07041723,23662719.914213985,1087495871.9102724,995377457.2609578,18615438.014652696,19191336.385273885,18399941.07041723,18399941.07041723,18399941.07041723,18399941.07041723,19191336.385273885,18399941.07041723,0.030864417279409546,0.03007302196455289,25443359.37264146,23662719.914213985,35142369.31086442,23477283.131769203,35137951.979635485,35137951.979635485,1335479593.8206053,925932518.3822863,409547075.43831897,409547075.43831897,409547075.43831897,610126217.9887382,674624936.1495556,359293472.9449214,359293472.9449214,318853172.35574627,241375571.03127977,0.008784487994908871,-61491.415964362095,25.271820068359375,2025-04-14,0,0,0,0,0,0,0,1,0,0,0,46.1025115111936,1
26.082575225830077,26.616486740112304,30.075542545318605,29.978354377746584,25.871523016698355,26.956375775946835,28.4714023172123,29.82963853152051,36.902993524902975,32.34879382012499,36.37374252982099,-1.5895360104493577,-0.9712882719341216,-0.6182477385152361,29.657759301408504,-61.02045214544962,-85.44923014860875,46.60909121310109,-18.296933991429263,1.7400621171324457,6.818692144922432,1.117258826744795,28.265021808912003,26.082575225830077,23.90012864274815,-5.714834213256829,-8.994392808924717,-2.722860788687683,71.42857142857143,0.0,-71.42857142857143,0.26548624766856344,0.009780891841271844,1.0443136925790824,1.0117600640677729,0.04492753623188406,0.013777777777777778,0.7785507246376812,0.016919550267438053,0.9152930902739875,0.8143111111111111,3.260869565217391,0.7231726283048211,-63403735.88884206,18104156.971968498,-10227673.094553633,-77589244.16557927,363964090.81308097,294251330.5249166,-69712760.2881644,294251330.5249166,18221716.43282544,23433519.197483037,1076962220.9104118,985736079.2854277,18435126.040767733,19005446.171871692,18221716.43282544,18221716.43282544,18221716.43282544,18221716.43282544,19005446.171871692,18221716.43282544,0.03056545982280396,0.029781730083757705,25196911.11033711,23433519.197483037,34801974.95793817,23249878.584016237,34797600.41365374,34797600.41365374,1322543934.6405559,916963794.6841187,405580139.9564372,405580139.9564372,405580139.9564372,604216442.3177105,668090416.0499804,355813301.52699995,355813301.52699995,315764711.8617363,239037570.4091079,0.008699400103413435,-60895.80072389404,25.51900100708008,2025-04-15,0,0,0,0,0,0,0,1,0,0,0,46.9085018311114,1
25.35289611816406,25.92437915802002,29.64346981048584,29.864681282043456,25.440919951602613,26.524255420576708,28.100765317612186,29.623759131124064,34.47429845298581,21.968127321209227,28.841691755562298,-1.6935488214675445,-1.1157403818408063,-0.5778084396267382,29.556768009320955,-71.64307514344,-94.64284991373911,43.93312115323929,-21.971118500539433,1.7224130778065874,7.0074578179433935,1.4929755665704292,26.223279500496258,25.35289611816406,24.482512735831865,-6.921075820922852,-10.752232722440274,-3.23256160051395,64.28571428571429,0.0,-64.28571428571429,-0.7682117030347039,-0.03680736504569082,1.0614570715358993,0.9554189151804571,0.04492753623188406,0.013777777777777778,0.7785507246376812,0.016919550267438053,0.9152930902739875,0.8143111111111111,3.260869565217391,0.7231726283048211,-65826641.097447485,18795987.754648168,-10618512.562690848,-80554233.23420644,377872584.9895502,305495826.9473011,-72376758.04224911,305495826.9473011,18918039.623184845,24329005.7949775,1118117167.6644926,1023404917.6800318,19139604.448535092,19731718.74676269,18918039.623184845,18918039.623184845,18918039.623184845,18918039.623184845,19731718.74676269,18918039.623184845,0.03173348581953587,0.03091980669595803,26159783.823027648,24329005.7949775,36131894.79962029,24138347.55403745,36127353.08685622,36127353.08685622,1373083521.0376098,952004574.5860761,421078946.4515337,421078946.4515337,421078946.4515337,627305920.3223379,693620768.8939321,369410322.1043406,369410322.1043406,327831318.8895129,248172132.69124207,0.009031838271714056,-63222.86790199838,24.579713821411133,2025-04-16,0,0,0,0,0,0,0,1,0,0,0,50.21641054380323,1
25.145263671875,25.51702423095703,29.17827444076538,29.746669425964356,25.114301731854543,26.149129942718833,27.754127219968968,29.421300549211686,34.1683948333607,19.772834403482648,24.696585181605553,-1.765205478326827,-1.2456334011380104,-0.5195720771888166,29.61392648422797,-79.11102960864606,-95.21332895247062,47.74699963906571,-14.275816698479638,1.6601194673295754,6.786783189889094,0.8503025311284205,26.24266140036563,25.145263671875,24.04786594338437,-4.073549270629883,-12.033146181477562,-3.593129549271019,100.0,0.0,-100.0,-0.1511642606684157,-0.004827091556671492,1.0354200444267676,0.9947727758854695,0.04492753623188406,0.013777777777777778,0.7785507246376812,0.016919550267438053,0.9152930902739875,0.8143111111111111,3.260869565217391,0.7231726283048211,-66145933.5749151,18887157.79456785,-10670017.715113005,-80944961.97671935,379705457.99988353,306977636.102619,-72727821.89726451,306977636.102619,19009801.676350757,24447013.76872635,1123540601.0132213,1028368948.7496845,19232441.20308066,19827427.554903477,19009801.676350757,19009801.676350757,19009801.676350757,19009801.676350757,19827427.554903477,19009801.676350757,0.031887409263556106,0.031069783385003387,26286671.995469972,24447013.76872635,36307152.75010712,24255430.73896092,36302589.0077408,36302589.0077408,1379743670.0577161,956622277.9066832,423121392.151033,423121392.151033,423121392.151033,630348671.07022,696985180.1722668,371202148.8629352,371202148.8629352,329421466.4688912,249375892.9585798,0.0090756472519352,-63529.5307635464,24.4610652923584,2025-04-17,0,0,0,0,0,0,0,1,0,0,0,52.08331335227031,1
24.720111846923828,25.3360876083374,28.644857120513915,29.610883865356445,24.665854169706414,25.716371597753618,27.37458739382051,29.199640098082213,32.364334907490836,11.904385471045986,17.881782398579215,-1.8564411866959034,-1.367794958249589,-0.48864622844631445,29.905257239110597,-95.34285047817143,-97.64452666606657,36.069612134047034,-7.073826010824879,1.6065128652013347,6.758869255200119,0.9096270375342073,25.96401352363106,24.720111846923828,23.476210170216596,-1.809366226196289,-13.423534498561606,-3.9727745789747964,100.0,0.0,-100.0,-0.42222146870145305,-0.02829419891064411,1.0377833597842503,0.9844390188542428,0.04492753623188406,0.013777777777777778,0.7785507246376812,0.016919550267438053,0.9152930902739875,0.8143111111111111,3.260869565217391,0.7231726283048211,-68071975.59257185,19437115.40405945,-10980708.052942678,-83301923.16025479,390761748.64264977,315916232.83351177,-74845515.80913801,315916232.83351177,19563330.439150747,25158863.6615315,1156255936.4713547,1058313069.2405097,19792452.79951981,20404764.006426048,19563330.439150747,19563330.439150747,19563330.439150747,19563330.439150747,20404764.006426048,19563330.439150747,0.03281590912373674,0.031974475556461435,27052089.187900927,25158863.6615315,37364347.016765825,24961702.103423428,37359650.38702336,37359650.38702336,1419919144.7770703,984477273.7121022,435441871.0649682,435441871.0649682,435441871.0649682,648703208.6908933,717280044.4238303,382010839.54298663,382010839.54298663,339013584.25521874,256637238.0189668,0.009339912596755841,-65379.388177290886,23.768959045410156,2025-04-21,0,0,0,0,0,0,0,1,0,0,0,52.57903766556623,1
24.559938430786133,25.216452026367186,28.146045112609862,29.490907402038573,24.60088710902791,25.48993185046585,27.09805078371102,29.014201387870006,36.052378589942904,20.166591237294586,17.28127037060767,-1.8507666131101779,-1.4643892892217067,-0.3863773238884711,30.12253739066008,-86.44925245672468,-88.71359075054039,44.522257581469304,-4.66100995893457,1.5433168678532456,6.306729732310829,0.7217689023280869,25.67834257455613,24.559938430786133,23.441534287016136,-1.1963558197021484,-13.794601299654502,-4.045978338290485,92.85714285714286,0.0,-92.85714285714286,0.3857145192669201,0.02953406335210529,1.0290818766852738,1.011029430670447,0.04492753623188406,0.013777777777777778,0.7785507246376812,0.016919550267438053,0.9152930902739875,0.8143111111111111,3.260869565217391,0.7231726283048211,-66119206.75157974,18879526.278881237,-10665706.404303035,-80912255.48091958,379552034.8014046,306853599.1950632,-72698435.60634138,306853599.1950632,19002120.605367478,24437135.74625753,1123086624.940461,1027953427.5871373,19224670.1727155,19819416.115275756,19002120.605367478,19002120.605367478,19002120.605367478,19002120.605367478,19819416.115275756,19002120.605367478,0.03187452488642287,0.031057229376514586,26276050.643551156,24437135.74625753,36292482.53827523,24245630.127233982,36287920.639927566,36287920.639927566,1379186172.97022,956235746.5926859,422950426.37753415,422950426.37753415,422950426.37753415,630093973.3637874,696703557.4213121,371052161.4983585,371052161.4983585,329288360.94204545,249275130.52202496,0.009071980159981893,-63503.86111987325,24.4709529876709,2025-04-22,0,0,0,0,0,0,0,1,0,0,0,48.36455705910922,1
24.502592849731446,25.292584037780763,27.69370346069336,29.403259735107422,24.81134910662082,25.443084805255086,26.920357671148697,28.86589047469105,39.88106828230361,34.39881460204782,22.15659710346273,-1.7644972758329267,-1.5244108865439507,-0.24008638928897597,28.651978459495183,-10.459397216847698,-76.35602606899728,39.39359204445249,3.1111175544300096,1.5602018120782102,6.183358137347122,1.7797060870027508,25.43181837339231,24.502592849731446,23.57336732607058,0.7613201141357422,-13.148590951222658,-3.8234516045986098,85.71428571428572,0.0,-85.71428571428572,-0.09302249933834049,0.031111175544300096,1.0510688438832136,0.995319854339263,0.04492753623188406,0.013777777777777778,0.7785507246376812,0.016919550267438053,0.9152930902739875,0.8143111111111111,3.260869565217391,0.7231726283048211,-64124226.67873512,18309884.255609162,-10343895.650896085,-78470932.52403927,368100010.74912965,297595066.82980347,-70504943.9193262,297595066.82980347,18428779.607918315,23699806.89362398,1089200322.504127,996937529.1122262,18644614.304143526,19221415.289979316,18428779.607918315,18428779.607918315,18428779.607918315,18428779.607918315,19221415.289979316,18428779.607918315,0.03091279160037911,0.030120155918318105,25483237.17826124,23699806.89362398,35197448.53809508,23514079.472987257,35193024.283508524,35193024.283508524,1337572713.4779422,927383748.0113732,410188965.46656895,410188965.46656895,410188965.46656895,611082479.0849301,675682287.1729017,359856599.65569526,359856599.65569526,319352916.302378,241753883.02860585,0.008798256070877131,-61587.79249613991,25.23227310180664,2025-04-23,0,0,0,0,0,0,0,1,0,0,0,45.26741219162962,1
24.818984603881837,25.08594036102295,27.301673793792723,29.341276893615724,25.26145693513491,25.57373713014745,26.848101949340542,28.759842714591915,44.267900150864484,62.45107674658298,39.005494195308394,-1.6026589778712257,-1.5400605048094058,-0.06259847306181987,27.692915850147877,29.425255372483118,-49.618336312318704,49.11614197368099,-7.320492992439876,1.5942427995109392,6.093810683910576,2.036775636136415,26.45003440797258,24.818984603881837,23.187934799791094,-2.0664367675781214,-12.327015075965571,-3.5567491604731636,78.57142857142857,0.0,-78.57142857142857,0.8786399317058597,0.036833759947291655,1.0836378986391688,1.0734279713571173,0.04492753623188406,0.013777777777777778,0.7785507246376812,0.016919550267438053,0.9152930902739875,0.8143111111111111,3.260869565217391,0.7231726283048211,-61846198.64422136,17659421.368127484,-9976426.357318774,-75683234.43483207,355023172.4397577,287022933.0157344,-68000239.42402336,287022933.0157344,17774092.935452987,22857865.75355029,1050506228.2689342,961521092.0243438,17982260.05400455,18538570.050956342,17774092.935452987,17774092.935452987,17774092.935452987,17774092.935452987,18538570.050956342,17774092.935452987,0.029814607504630816,0.029050130389127463,24577939.26343284,22857865.75355029,33947051.01026454,22678736.34263473,33942783.92834893,33942783.92834893,1290055132.4119103,894438225.1389245,395616907.2729858,395616907.2729858,395616907.2729858,589373632.1973109,651678517.1108344,347072610.4385228,347072610.4385228,308007829.83630145,233165520.22852305,0.008485695982087232,-59399.871874610624,26.16167259216309,2025-04-24,0,0,0,0,0,0,0,1,0,0,0,41.2850785538993,1
25.165038299560546,25.155150985717775,26.933867931365967,29.27772491455078,25.57141588034059,25.68602742843918,26.785552598998773,28.659116873657016,44.407321087027555,82.42947237904242,59.75978790922434,-1.4552325366990324,-1.523094911187331,0.06786237448829868,26.80235771289681,74.87960987743558,-49.045828509908944,54.26320828157753,2.7142243673937028,1.5298046342229452,5.8408809861042235,0.6921084854790251,27.058579855495193,25.165038299560546,23.2714967436259,0.6921062469482422,-10.996101745097743,-3.1430058357043116,71.42857142857143,21.42857142857143,-50.0,0.15714355780077555,0.0011337646125022527,1.0270374963090705,1.0041698488950357,0.04492753623188406,0.013777777777777778,0.7785507246376812,0.016919550267438053,0.9152930902739875,0.8143111111111111,3.260869565217391,0.7231726283048211,-61776159.021226786,17639422.415208142,-9965128.247552652,-75597524.63660632,354621115.5680806,286697885.09912974,-67923230.46895084,286697885.09912974,17753964.119203,22831979.662975043,1049316550.2968948,960432187.996885,17961895.492521666,18517575.47916872,17753964.119203,17753964.119203,17753964.119203,17753964.119203,18517575.47916872,17753964.119203,0.0297808430386631,0.029017231678697377,24550105.222897913,22831979.662975043,33908606.63200591,22653053.112650473,33904344.38247799,33904344.38247799,1288594169.9421532,893425291.1598929,395168878.78226036,395168878.78226036,395168878.78226036,588706177.9655722,650940503.8027784,346679557.4244371,346679557.4244371,307659016.9301888,232901464.78954473,0.008476086095619497,-59332.60266933648,26.191333770751953,2025-04-25,0,0,0,0,0,0,0,1,0,0,0,42.15019995190726,1
25.681152725219725,25.200632286071777,26.59078025817871,29.216354026794434,25.830787644795745,25.806664473033155,26.744026748970896,28.568544885423645,45.194801878906304,87.42093650144761,77.4338285423576,-1.3105239077763429,-1.4805807105051334,0.17005680272879053,25.261693791999928,108.05674684175848,-45.99236766239603,55.87923266231598,1.7563929468212613,1.501749575873752,5.699340781335546,1.1370338173342383,27.124479469440676,25.681152725219725,24.237825980998775,0.45481300354003906,-10.652260366914108,-3.0143447289100074,64.28571428571429,14.285714285714286,-50.0,0.1478262023349257,0.006040066700641278,1.0437928259142,1.006419942569213,0.04492753623188406,0.013777777777777778,0.7785507246376812,0.016919550267438053,0.9152930902739875,0.8143111111111111,3.260869565217391,0.7231726283048211,-61405267.11209901,17533518.79220627,-9905299.57741523,-75143651.96659829,352492040.1342247,284976607.38241744,-67515432.75180726,284976607.38241744,17647372.810337476,22694900.947487768,1043016660.1000105,954665942.0301919,17854055.804585,18406399.597878873,17647372.810337476,17647372.810337476,17647372.810337476,17647372.810337476,18406399.597878873,17647372.810337476,0.02960204471411448,0.02884301792657308,24402711.21945591,22694900.947487768,33705026.02665804,22517048.63698152,33700789.36683802,33700789.36683802,1280857703.9761074,888061341.4234344,392796362.5526729,392796362.5526729,392796362.5526729,585171701.85504,647032385.0396638,344598161.5437942,344598161.5437942,305811892.7004288,231503170.20012605,0.008425197341709505,-58976.38139196654,26.349531173706055,2025-04-28,0,0,0,0,0,0,0,1,0,0,0,25.52162570089071,1
26.177492904663087,25.368715667724608,26.278342914581298,29.160165252685548,26.20474305815973,26.015026184279435,26.76389600001059,28.505176610892825,48.20700601237701,88.29370445949924,86.04803777999636,-1.1341011029389314,-1.411284788991893,0.2771836860529615,23.83107729402425,116.547465824386,-34.351142519317705,59.22866494699734,6.65102003726572,1.4580426388985601,5.409644056298597,0.8898524582210676,27.28179505130725,26.177492904663087,25.073190758018924,1.6808338165283203,-9.301572780909046,-2.6053546514266586,57.142857142857146,7.142857142857143,-50.0,0.7666675850201002,0.02288931469807287,1.0339622497558594,1.0259691585240034,0.04492753623188406,0.013777777777777778,0.7785507246376812,0.016919550267438053,0.9152930902739875,0.8143111111111111,3.260869565217391,0.7231726283048211,-60031194.21598812,17141169.176629487,-9683647.521862114,-73462153.61412638,344604284.22626555,278599652.26690656,-66004631.959359005,278599652.26690656,17252475.469984226,22187054.475377563,1019676953.4227451,933303269.7794693,17454533.494520858,17994517.42568247,17252475.469984226,17252475.469984226,17252475.469984226,17252475.469984226,17994517.42568247,17252475.469984226,0.028939636272231607,0.028197594316533358,23856648.87569862,22187054.475377563,32950804.688586254,22013181.986975685,32946662.833002135,32946662.833002135,1252195800.2407906,868189088.1669481,384006712.07384247,384006712.07384247,384006712.07384247,572077245.7455629,632553665.1349701,336887047.8870038,336887047.8870038,298968703.9508234,226322796.4879651,0.008236665708250534,-57656.659957753734,26.952653884887695,2025-04-29,0,0,0,0,0,0,0,1,0,0,0,22.52835318325664,1
26.659990310668945,25.581291580200194,26.09888916015625,29.123322868347167,26.684748749385133,26.311341447471527,26.847787822089195,28.471434788184713,51.50117330036449,88.55086911092047,88.08850335728904,-0.9277431238603135,-1.314576455965577,0.3868333321052635,22.411367783057248,160.75576512536574,-5.045899442957634,62.3427507166867,8.330103220600504,1.464775201253044,5.298563613023346,1.5522985118613342,27.798328729616593,26.659990310668945,25.521651891721298,2.125759124755856,-7.920823710962682,-2.1978857822907294,50.0,0.0,-50.0,0.6114645038705816,0.025678593651822457,1.0590003629768228,1.0355555216471355,0.04492753623188406,0.013777777777777778,0.7785507246376812,0.016919550267438053,0.9152930902739875,0.8143111111111111,3.260869565217391,0.7231726283048211,-58528270.53965636,16712027.805513745,-9441210.513504518,-71622976.30934462,335976870.68747115,271624711.67013574,-64352159.01733539,271624711.67013574,16820547.46658851,21631585.774236407,994148615.1059183,909937358.1119009,17017546.824659564,17544011.873753607,16820547.46658851,16820547.46658851,16820547.46658851,16820547.46658851,17544011.873753607,16820547.46658851,0.02821511187943879,0.027491647472273693,23259380.690357875,21631585.774236407,32125857.839411788,21462066.307341006,32121819.678130314,32121819.678130314,1220846187.0911014,846453356.3831637,374392830.7079378,374392830.7079378,374392830.7079378,557754884.7039317,616717233.8878871,328452840.8529541,328452840.8529541,291483809.6468176,220656644.18535465,0.008030454919532578,-56213.18443672805,27.644760131835938,2025-04-30,0,0,0,0,0,0,0,1,0,0,0,16.97874459010657,1
27.07921028137207,25.949097442626954,25.936738300323487,29.094809150695802,27.209089981482993,26.665237992600105,26.982072071954864,28.46305587279232,54.27518147428413,91.82071368139903,89.55509575060618,-0.706592806111999,-1.1929797259948614,0.4863869198828623,21.69648659869832,190.87928779251772,-7.7519293585392415,62.413963007685695,14.963797589309834,1.4321842658006168,5.06828437575458,1.0085021049190637,28.640140319077318,27.07921028137207,25.518280243666823,3.678058624267578,-6.24156398758495,-1.7174666600349617,42.85714285714286,100.0,57.142857142857146,0.4761899355588718,0.022174629510958388,1.0298507523385696,1.0141944504683629,0.04492753623188406,0.013777777777777778,0.7785507246376812,0.016919550267438053,0.9152930902739875,0.8143111111111111,3.260869565217391,0.7231726283048211,-57258582.68235262,16349484.053922689,-9236396.835657623,-70069217.37395437,328688328.7723678,265732198.6166785,-62956130.155689314,265732198.6166785,16455649.534792315,21162319.18667915,972581970.2466607,890197557.0918294,16648375.271064313,17163419.407256503,16455649.534792315,16455649.534792315,16455649.534792315,16455649.534792315,17163419.407256503,16455649.534792315,0.02760302502610324,0.026895255153639053,22754801.399723567,21162319.18667915,31428932.896506976,20996477.204300363,31424982.337409843,31424982.337409843,1194361659.7833133,828090750.7830971,366270909.00021607,366270909.00021607,366270909.00021607,545655183.1762639,603338427.7820951,321327522.0987403,321327522.0987403,285160481.6158204,215869811.10157663,0.00785624558435246,-54993.719090467224,28.25777244567871,2025-05-01,0,0,0,0,0,0,0,1,0,0,0,9.443942445369155,1
27.74363441467285,26.4543363571167,25.985680294036865,29.083349342346192,27.977211466740616,27.18309552799206,27.223156106745435,28.50424797335952,59.39810590040941,91.86026943765306,90.74395074332413,-0.42510618397697186,-1.0394050175912835,0.6142988336143116,21.73623855008173,187.08436233396571,-3.21025413219169,67.12138266795905,20.654820566935083,1.4337015286648884,4.857789628499323,1.4534259459004204,29.930056331146233,27.74363441467285,25.55721249819947,5.052389144897461,-4.432236252342166,-1.2119489449721108,35.714285714285715,100.0,64.28571428571429,0.5079382139321404,0.0444366941517067,1.0437651365566176,1.0219103497794109,0.04492753623188406,0.013777777777777778,0.7785507246376812,0.016919550267438053,0.9152930902739875,0.8143111111111111,3.260869565217391,0.7231726283048211,-54822454.05870017,15653877.487712903,-8843424.29500664,-67088046.37591244,314703926.6360984,254426333.45289218,-60277593.18320618,254426333.45289218,15755526.042827923,20261945.319593757,931202413.4086877,852323134.6394331,15940052.053213386,16433183.076928047,15755526.042827923,15755526.042827923,15755526.042827923,15755526.042827923,16433183.076928047,15755526.042827923,0.026428624329904903,0.025750967295804776,21786673.646319043,20261945.319593757,30091754.79231282,20103159.264577296,30087972.314045582,30087972.314045582,1143546245.043962,792858729.897147,350687515.14681506,350687515.14681506,350687515.14681506,522439690.4394919,577668738.7186521,307656293.48145705,307656293.48145705,273028019.03894067,206685395.40053833,0.0075219930785113956,-52653.95154957977,29.51345443725586,2025-05-02,0,0,0,0,0,0,0,1,0,0,0,3.473469242675404,1
28.421899795532227,27.051526260375976,26.19380693435669,29.092163925170897,28.565093670494722,27.64814326435767,27.462937246865195,28.552742487267103,60.26632067514209,89.76952632233991,91.15016981379728,-0.18158325587452495,-0.8678406652479318,0.6862574093734068,22.092991303314466,162.17813656772404,-7.533238874755619,63.66661530484446,25.124781532012275,1.3990926555234455,4.704278040176147,0.9491773046846887,30.561191243946702,28.421899795532227,26.28260834711775,5.971899032592773,-2.33640930767401,-0.635446169437504,28.571428571428573,100.0,71.42857142857143,0.4479165217944231,0.007705083836611504,1.0323996293962923,1.014502539990154,0.04492753623188406,0.013777777777777778,0.7785507246376812,0.016919550267438053,0.9152930902739875,0.8143111111111111,3.260869565217391,0.7231726283048211,-54403272.28476009,15534185.28773743,-8775805.974241275,-66575079.80458898,312297647.0833447,252480946.59225187,-59816700.49109283,252480946.59225187,15635056.620774686,20107019.052093036,924082281.9543025,845806127.5173919,15818171.714014985,16307532.174356394,15635056.620774686,15635056.620774686,15635056.620774686,15635056.620774686,16307532.174356394,15635056.620774686,0.02622654658968657,0.025554071036104863,21620089.047651876,20107019.052093036,29861668.135825213,19949447.1021611,29857914.579027787,29857914.579027787,1134802496.6691303,786796397.690597,348006098.9785333,348006098.9785333,348006098.9785333,518445028.03381693,573251785.6507261,305303901.3260949,305303901.3260949,270940400.5380697,205105043.8424206,0.007464478644756947,-52251.350513298625,29.74085807800293,2025-05-05,0,0,0,0,0,0,0,1,0,0,0,3.417890657692425,1
28.93208236694336,27.554787635803223,26.385619831085204,29.087190017700195,28.877918027644267,27.98549298755507,27.657282913063117,28.590029712940684,58.85211649862319,87.80312596130364,89.81097390709881,-0.007648837521241347,-0.6958022997025937,0.6881534621813523,22.362307541043698,121.30368044162785,-11.078249863724487,62.166342496451975,20.565663122347644,1.3422376880475853,4.549408211514341,0.6031231108614001,30.58872920504215,28.93208236694336,27.275435528844568,5.032613754272461,-0.2684654152726227,-0.072633180862816,21.42857142857143,92.85714285714286,71.42857142857143,0.22950696650573973,-0.007978631128840119,1.0206290367482937,1.0047137840421585,0.04492753623188406,0.013777777777777778,0.7785507246376812,0.016919550267438053,0.9152930902739875,0.8143111111111111,3.260869565217391,0.7231726283048211,-54840827.01430778,15659123.6592152,-8846388.041244952,-67110529.96806514,314809395.1229238,254511600.77282888,-60297794.3500949,254511600.77282888,15760806.280378936,20268735.81863786,931514492.4809769,852608778.4579185,15945394.13199817,16438690.421470502,15760806.280378936,15760806.280378936,15760806.280378936,15760806.280378936,16438690.421470502,15760806.280378936,0.02643748150257112,0.02575959736147955,21793975.136093885,20268735.81863786,30101839.61037591,20109896.54876281,30098055.86446558,30098055.86446558,1143929488.0920196,793124445.0771335,350805043.014886,350805043.014886,350805043.014886,522614778.5745437,577862336.0735064,307759400.0555715,307759400.0555715,273119520.4457924,206754663.032928,0.007524513966116395,-52671.59776281477,29.50356674194336,2025-05-06,0,0,0,0,0,0,0,1,0,0,0,0.4409903411905304,1
29.39085121154785,28.0254207611084,26.65900239944458,29.09131000518799,29.231480136715643,28.340604145246584,27.874551621805526,28.64291499301589,60.67410511981075,85.34445447870972,87.63903558745103,0.1634155885723736,-0.5239587220476002,0.6873743106199738,22.854497536890282,111.05360799553601,-4.579010810127366,66.25388208331456,18.65203041383847,1.3028621051671856,4.351779694619461,0.7909795277219871,30.568694034333323,29.39085121154785,28.21300838876238,4.706331253051758,2.105486581676859,0.5669960975646973,14.285714285714286,85.71428571428572,71.42857142857143,0.5625014901175422,0.014745254928671736,1.026872664587142,1.0150855100264964,0.04492753623188406,0.013777777777777778,0.7785507246376812,0.016919550267438053,0.9152930902739875,0.8143111111111111,3.260869565217391,0.7231726283048211,-54043935.409348264,15431581.06249623,-8717841.249592025,-66135347.41069812,310234902.3992748,250813294.80148092,-59421607.59779392,250813294.80148092,15531786.134330621,19974210.985655293,917978663.0748569,840219527.3313694,15713691.741400652,16199819.946559895,15531786.134330621,15531786.134330621,15531786.134330621,15531786.134330621,16199819.946559895,15531786.134330621,0.026053318676941686,0.02538528486471241,21477287.06317116,19974210.985655293,29664430.027309485,19817679.807900526,29660701.262979764,29660701.262979764,1127307058.1369,781599560.3082505,345707497.8286493,345707497.8286493,345707497.8286493,515020667.5381588,569465423.2348446,303287350.7520904,303287350.7520904,269150822.9471745,203750312.72992855,0.007415175315744941,-51906.22721021459,29.9386043548584,2025-05-07,0,0,0,0,0,0,0,1,0,0,0,-1.1845926190576455,0
29.88323631286621,28.48122329711914,26.783581829071046,29.102402381896972,29.7275527419006,28.77316665561457,28.14551793899267,28.724357462006267,63.775529252136124,84.63202536815935,85.92653526939085,0.3578875986834653,-0.34758945790138707,0.7054770565848524,23.82198513342526,117.58034893720748,-5.104704102834579,65.34839638071388,17.42253039843029,1.2931359477192481,4.209468301831632,1.166695900896059,30.77940275930281,29.88323631286621,28.98706986642961,4.558025360107418,4.115616627029954,1.1074993549249115,7.142857142857143,100.0,92.85714285714286,0.4574478014731206,0.026089846679354434,1.0307994302952204,1.0140339527983493,0.04492753623188406,0.013777777777777778,0.7785507246376812,0.016919550267438053,0.9152930902739875,0.8143111111111111,3.260869565217391,0.7231726283048211,-52669788.69759404,15039210.369770363,-8496177.286818322,-64453758.72758727,302346722.7585003,244435997.11386505,-57910725.64463523,244435997.11386505,15136867.579963677,19466337.231867265,894637702.5809499,818855707.4709382,15314147.968867939,15787915.647919104,15136867.579963677,15136867.579963677,15136867.579963677,15136867.579963677,15787915.647919104,15136867.579963677,0.02539087465026165,0.024739826582306224,20931195.384766977,19466337.231867265,28910168.172221866,19313786.090014204,28906534.21722096,28906534.21722096,1098643614.674783,761726239.5078496,336917375.1669335,336917375.1669335,336917375.1669335,501925507.9902364,554985925.5286037,295575822.85176384,295575822.85176384,262307266.5792415,198569660.72640523,0.007226633554305239,-50586.43488013667,30.719697952270508,2025-05-08,0,0,0,0,0,0,0,1,0,0,0,-3.1468146995688366,0
30.14623680114746,28.944935607910157,27.050043296813964,29.11665287017822,30.09452078748777,29.146855787077758,28.401035933246902,28.806871164620222,64.19890442030649,85.97513326087115,85.31720436924668,0.5148491437683127,-0.1751017375674471,0.6899508813357598,24.72036647306488,106.63819648094156,-3.78890749131069,62.2296310191924,17.70479941379872,1.2318433574785579,3.9957996027079035,0.43503968434958296,31.210097646536887,30.14623680114746,29.08237595575803,4.637123107910156,5.950444401767814,1.599706955445118,0.0,92.85714285714286,92.85714285714286,-0.15909002241131603,0.0035403644450078264,1.0141889884169628,0.9977600097656251,0.04492753623188406,0.013777777777777778,0.7785507246376812,0.016919550267438053,0.9152930902739875,0.8143111111111111,3.260869565217391,0.7231726283048211,-52483976.29399016,14986153.923253061,-8466203.839759847,-64226373.95679884,301280081.47007453,243573657.59676892,-57706423.87330562,243573657.59676892,15083466.611066394,19397662.437457427,891481533.0579305,815966887.3147852,15260121.577010194,15732217.86315527,15083466.611066394,15083466.611066394,15083466.611066394,15083466.611066394,15732217.86315527,15083466.611066394,0.025301298831466208,0.02465254757937733,20857352.7546574,19397662.437457427,28808176.72760993,19245649.476885155,28804555.592746142,28804555.592746142,1094767737.89998,759038964.9439862,335728772.9559939,335728772.9559939,335728772.9559939,500154777.7979198,553028004.8431633,294533068.4483502,294533068.4483502,261381879.46660858,197869131.88710752,0.007201138898186536,-50407.972287305754,30.82845687866211,2025-05-09,0,0,0,0,0,0,0,1,0,0,0,-4.165893810489272,0
30.381553649902344,29.401726722717285,27.301179504394533,29.12442672729492,30.368827965584295,29.46878061156859,28.640693684535517,28.889638660979326,64.56383377765668,74.512646679224,81.70660176941811,0.6390560404363654,-0.012270181966684586,0.65132622240305,26.231403802955363,109.76059744897363,-18.527588894140425,53.37296395957084,17.33583462247543,1.2639139728722224,4.088028885823968,1.6808319729898606,31.501662866817604,30.381553649902344,29.261444432987084,4.567911148071289,7.059650285757008,1.9043738780877533,0.0,100.0,100.0,-0.4294117845053618,0.0028864708819344997,1.0546975180104219,0.9771875143051147,0.04492753623188406,0.013777777777777778,0.7785507246376812,0.016919550267438053,0.9152930902739875,0.8143111111111111,3.260869565217391,0.7231726283048211,-52332918.84757,14943021.327303672,-8441836.72386636,-64041519.97415859,300412948.2424167,242872612.8716954,-57540335.37072128,242872612.8716954,15040053.933325125,19341832.800276183,888915703.7625256,813618401.4898785,15216200.457456067,15686937.97346814,15040053.933325125,15040053.933325125,15040053.933325125,15040053.933325125,15686937.97346814,15040053.933325125,0.02522847756557763,0.02458159352543461,20797321.89059797,19341832.800276183,28725262.09499678,19190257.35780502,28721651.382349916,28721651.382349916,1091616817.7413397,756854326.9673288,334762490.77401084,334762490.77401084,334762490.77401084,498715250.74825823,551436300.019914,293685354.22492933,293685354.22492933,260629579.77362117,197299632.24361992,0.007180412845587479,-50262.88991911235,30.917442321777344,2025-05-12,0,0,0,0,0,0,0,1,0,0,0,-4.924173535211508,0
30.66828384399414,29.80018310546875,27.58444938659668,29.14144218444824,30.558291214523646,29.735769175356545,28.859410258618073,28.96993587868219,64.65007041729743,62.881023743416655,74.45626789450388,0.7306639702354225,0.13631664847373684,0.5943473217616857,27.634509894996523,87.4245180589368,-18.28217912869064,47.01514703360143,14.783567675867303,1.2089460237155474,3.907739975049198,0.4943626846787694,31.414011054741042,30.66828384399414,29.922556633247236,3.9845638275146484,7.702837092461529,2.0937529588356973,7.142857142857143,92.85714285714286,85.71428571428572,-0.3199996948242229,0.0006396192291453495,1.0160205067179497,0.9949125645936182,0.04492753623188406,0.013777777777777778,0.7785507246376812,0.016919550267438053,0.9152930902739875,0.8143111111111111,3.260869565217391,0.7231726283048211,-52299467.10273704,14933469.592994137,-8436440.61422396,-64000583.96997487,300220921.16824573,242717366.17704105,-57503554.991204694,242717366.17704105,15030440.174766826,19329469.300022714,888347499.6196057,813098328.1639988,15206474.104211513,15676910.719918087,15030440.174766826,15030440.174766826,15030440.174766826,15030440.174766826,15676910.719918087,15030440.174766826,0.025212351260899192,0.024565880715747928,20784028.02661305,19329469.300022714,28706900.60935787,19177990.746147413,28703292.204716,28703292.204716,1090919044.9427533,756370537.8269757,334548507.11577773,334548507.11577773,334548507.11577773,498396466.7843649,551083816.2141927,293497627.4986726,293497627.4986726,260462982.64144316,197173516.2711347,0.007175823051179001,-50230.761358253,30.937217712402344,2025-05-13,0,0,0,0,0,0,0,1,0,0,0,-4.792086467013699,0
30.88580322265625,30.138327217102052,27.859809398651123,29.183040428161622,30.714261225738746,29.970393188595164,29.065771305241967,29.050573736309122,65.06208383940529,47.17031896697093,61.52132979653714,0.8012083115894519,0.2692949810968799,0.5319133304925721,29.309599534975842,89.78585391813627,-20.31929148118852,42.19596883726729,12.231761462957724,1.2257026029841047,3.9505403616127235,1.44353813347535,31.094102338234535,30.88580322265625,30.677504107077965,3.381441116333008,8.315283146444166,2.27736421731802,0.0,85.71428571428572,85.71428571428572,0.07534162464400528,0.0028762617438260474,1.046990637232477,1.0035177071120132,0.04492753623188406,0.013777777777777778,0.7785507246376812,0.016919550267438053,0.9152930902739875,0.8143111111111111,3.260869565217391,0.7231726283048211,-52149471.57269176,14890640.21420494,-8412244.796336558,-63817029.48944974,299359883.78687334,242021249.71529198,-57338634.071581356,242021249.71529198,14987332.68312835,19274032.138732802,885799707.807347,810766351.922782,15162861.74504731,15631949.14261774,14987332.68312835,14987332.68312835,14987332.68312835,14987332.68312835,15631949.14261774,14987332.68312835,0.025140041920086263,0.02449542546059687,20724419.17258393,19274032.138732802,28624568.857020907,19122988.02725697,28620970.801328976,28620970.801328976,1087790275.3883479,754201257.6025878,333589017.78576005,333589017.78576005,333589017.78576005,496967059.44334626,549503300.8917316,292655872.6081837,292655872.6081837,259715971.52827576,196608020.14426437,0.007155242700332244,-50086.698902325705,31.026201248168945,2025-05-14,0,0,0,0,0,0,0,1,0,0,0,-6.859998653688399,0
31.040044403076173,30.46164035797119,28.20536890029907,29.224103813171386,30.973142101949204,30.24684967328152,29.29673630992084,29.14627295662524,67.21137916365959,45.33639066637458,51.79591112558733,0.8844178090243062,0.3923195466823652,0.49209826234194104,30.86503991495664,86.53209325999002,-14.263770087867496,44.54337161695619,11.441565023947353,1.1890011025926577,3.775696969801822,0.7118815975038473,31.508095474564374,31.040044403076173,30.571993331587972,3.2331314086914062,8.625281112680595,2.385553604517227,0.0,78.57142857142857,78.57142857142857,0.4305552244183251,0.014977747436244693,1.0229958264335863,1.009828771621556,0.04492753623188406,0.013777777777777778,0.7785507246376812,0.016919550267438053,0.9152930902739875,0.8143111111111111,3.260869565217391,0.7231726283048211,-51379916.16507583,14670903.132425856,-8288107.613773048,-62875299.13896795,294942312.32461333,238449808.70429817,-56492503.62031514,238449808.70429817,14766168.737181868,18989610.548031736,872728205.1698264,798802095.879161,14939107.565015614,15401272.768888615,14766168.737181868,14766168.737181868,14766168.737181868,14766168.737181868,15401272.768888615,14766168.737181868,0.024769057236563134,0.024133953204856385,20418594.619371917,18989610.548031736,28202163.967953343,18840795.35296233,28198619.007779565,28198619.007779565,1071738053.5051355,743071717.096894,328666336.40824157,328666336.40824157,328666336.40824157,489633453.2443166,541394431.8284165,288337230.3948631,288337230.3948631,255883414.37464836,193706729.67055783,0.007049654751944892,-49347.583263614244,31.490903854370117,2025-05-15,0,0,0,0,0,0,0,1,0,0,0,-2.9924950499091385,0
31.334683990478517,30.74046039581299,28.597398376464845,29.28963851928711,31.415979673190744,30.62045060826194,29.582919024754457,29.270013421685967,70.60854837356094,59.15487171474056,50.55386044936196,1.0042068901496357,0.5146970153758192,0.48950987477381647,32.644831139476146,109.29816406382591,-2.218751149174471,48.003775997415715,9.447217994577839,1.1754020737204416,3.6388292811243153,0.9986146983816333,32.38793377178045,31.334683990478517,30.28143420917658,2.7882003784179688,9.408639210539738,2.6169533362755395,0.0,100.0,100.0,0.7029679037338626,0.025745560211705376,1.0317610742283725,1.0222152410766996,0.04492753623188406,0.013777777777777778,0.7785507246376812,0.016919550267438053,0.9152930902739875,0.8143111111111111,3.260869565217391,0.7231726283048211,-50090312.99581881,14302672.808447646,-8080081.391785358,-61297169.17906134,287539448.14905137,232464870.38665232,-55074577.76239905,232464870.38665232,14395547.3072038,18512983.418726604,850823283.1051226,778752672.0703474,14564145.48061247,15014710.632244822,14395547.3072038,14395547.3072038,14395547.3072038,14395547.3072038,15014710.632244822,14395547.3072038,0.02414736967659992,0.023528206351558896,19906100.90006891,18512983.418726604,27494307.61575283,18367903.39026546,27490851.63182145,27490851.63182145,1044838111.0067273,724421090.2979976,320417020.70872974,320417020.70872974,320417020.70872974,477343965.4403772,527805776.4312206,281100149.56862473,281100149.56862473,249460903.6590284,188844814.1375122,0.006872712907955362,-48108.990355687536,32.30165481567383,2025-05-16,0,0,0,0,0,0,0,1,0,0,0,-4.657689793609469,0
31.59570770263672,30.98863067626953,29.020078468322755,29.360078430175783,31.684840076316615,30.911743385408563,29.8343134874034,29.38579959662253,69.84823981502689,74.61869381336307,59.703318731492665,1.0803052936308717,0.6278186710268298,0.45248662260404193,34.322417036003536,102.44932953681864,-4.472824392910591,47.6491704899512,8.344422336627066,1.154299425672342,3.582270912231531,0.8799650010470472,32.748178700494094,31.59570770263672,30.443236704779345,2.4817028045654297,9.577768233995904,2.688762628115139,0.0,100.0,100.0,0.2359541893119855,-0.002448603130607685,1.0278298749964958,1.0064854563787968,0.04492753623188406,0.013777777777777778,0.7785507246376812,0.016919550267438053,0.9152930902739875,0.8143111111111111,3.260869565217391,0.7231726283048211,-50213265.35456403,14337780.342279717,-8099914.86869049,-61447630.03834165,288245246.3616754,233035481.79692295,-55209764.564752415,233035481.79692295,14430882.81203478,18558425.637842577,852911725.426133,780664208.8962041,14599894.828796806,15051565.9437352,14430882.81203478,14430882.81203478,14430882.81203478,14430882.81203478,15051565.9437352,14430882.81203478,0.024206642136316407,0.023585959004615985,19954962.684168525,18558425.637842577,27561795.51453489,18412989.49398428,27558331.047498677,27558331.047498677,1047402784.7444599,726199264.0894922,321203520.65496767,321203520.65496767,321203520.65496767,478515660.3844393,529101335.6180236,281790141.791991,281790141.791991,250073233.76209947,189308355.1686283,0.006889582761874669,-48227.07933312269,32.22256088256836,2025-05-19,0,0,0,0,0,0,0,1,0,0,0,-5.256902756982964,0
31.834979248046874,31.25163154602051,29.403209590911864,29.448789749145508,31.83441853069545,31.13389466796212,30.05329081617004,29.49355551202765,68.94870252256442,84.98994143607605,72.92116898805983,1.120516824615457,0.7263583017445552,0.3941585228709019,35.88902652037641,103.69126705138704,-8.210514571987282,45.23709547800265,8.914205934873799,1.1121046934959644,3.4608806467597093,0.5635731752030537,32.826815937823156,31.834979248046874,30.843142558270593,2.6300086975097656,9.420260356775586,2.667149996146179,0.0,100.0,100.0,-0.17543601343844878,-0.002761588175425711,1.0176361293380674,0.99693256199995,0.04492753623188406,0.013777777777777778,0.7785507246376812,0.016919550267438053,0.9152930902739875,0.8143111111111111,3.260869565217391,0.7231726283048211,-50352317.71978427,14377485.034944579,-8122345.441819341,-61617793.00690534,289043465.3778469,233680811.96406677,-55362653.4137801,233680811.96406677,14470845.327379284,18609818.291984543,855273638.994333,782826052.065002,14640325.378245752,15093247.276943985,14470845.327379284,14470845.327379284,14470845.327379284,14470845.327379284,15093247.276943985,14470845.327379284,0.024273676033023318,0.023651274083458615,20010222.67850512,18609818.291984543,27638120.621634584,18463979.40116985,27634646.5606727,27634646.5606727,1050303289.890432,728210280.9906995,322093008.8997325,322093008.8997325,322093008.8997325,479840783.0169058,530566541.9064289,282570485.102374,282570485.102374,250765745.4796178,189832594.61723363,0.0069086616401681745,-48360.631481177224,32.133575439453125,2025-05-20,0,0,0,0,0,0,0,1,0,0,0,-2.5188268137324377,0
31.910122299194335,31.397962760925292,29.711691761016844,29.47667179107666,31.690251188432384,31.182625910861052,30.181731357859203,29.568393197983674,61.89096712047992,63.8323047169151,74.48031332211802,1.0808862078832249,0.7972638829722891,0.28362232491093575,36.07933425166767,53.520468220414166,-27.56102986372872,48.0364488070381,4.887709967049236,1.1082354864262027,3.5291969720648844,1.0579357945193024,32.676862996212876,31.910122299194335,31.143381602175793,1.4633121490478516,9.001460574391361,2.569798591809395,0.0,92.85714285714286,92.85714285714286,-0.4018677761378135,-0.02276929739504041,1.033989825615741,0.9866418634305139,0.04492753623188406,0.013777777777777778,0.7785507246376812,0.016919550267438053,0.9152930902739875,0.8143111111111111,3.260869565217391,0.7231726283048211,-51525517.55236749,14712477.81779591,-8311594.611352235,-63053476.36198247,295778125.47984505,239125532.32430625,-56652593.1555388,239125532.32430625,14808013.388041338,19043423.668921977,875201359.0183657,801065756.5079137,14981442.293226872,15444917.189677525,14808013.388041338,14808013.388041338,14808013.388041338,14808013.388041338,15444917.189677525,14808013.388041338,0.024839248263811276,0.02420234446217509,20476457.2226034,19043423.668921977,28282083.798596278,18894186.758511845,28278528.792646684,28278528.792646684,1074775165.2610648,745177447.9143384,329597717.34672654,329597717.34672654,329597717.34672654,491020985.87141806,542928645.7047672,289154325.9428287,289154325.9428287,256608541.67921957,194255659.4990369,0.007069632198161671,-49487.4253871317,31.40191650390625,2025-05-21,0,0,0,0,0,0,0,1,0,0,0,-0.8492164069591381,0
31.78356513977051,31.41180477142334,29.94651403427124,29.49862148284912,31.41287347803858,31.123624482931948,30.24614913875366,29.618970643445138,57.20412238364607,47.2275736057633,65.34993991958477,0.994138854779969,0.8366388773338251,0.15749997744614386,34.82909677999745,-25.712686584451326,-50.60245607115363,49.6410187973447,0.45059070956861014,1.1364231676119427,3.68273646987655,1.5028630230265634,32.90988636150382,31.78356513977051,30.657243918037196,0.13842010498046875,8.615581038868532,2.477327212309227,0.0,85.71428571428572,85.71428571428572,-0.3026321403205841,-0.017317364899929855,1.0501319417237047,0.9854751818530745,0.04492753623188406,0.013777777777777778,0.7785507246376812,0.016919550267438053,0.9152930902739875,0.8143111111111111,3.260869565217391,0.7231726283048211,-52433528.09131553,14971749.059448563,-8458066.027091071,-64164638.82620812,300990487.5847581,243339531.79090747,-57650955.79385063,243339531.79090747,15068968.20918524,19379017.180844676,890624630.7377161,815182570.5420532,15245453.372340558,15717095.874096435,15068968.20918524,15068968.20918524,15068968.20918524,15068968.20918524,15717095.874096435,15068968.20918524,0.025276978931536534,0.02462885126662534,20837304.42689486,19379017.180844676,28780485.97624421,19227150.33688143,28776868.322056975,28776868.322056975,1093715434.5376384,758309367.9460961,335406066.5915425,335406066.5915425,335406066.5915425,499674023.2632844,552496427.9535466,294249959.8696817,294249959.8696817,261130636.19271973,197678937.7979139,0.007194217080514244,-50359.51956359971,30.858118057250977,2025-05-22,0,0,0,0,0,0,0,1,0,0,0,1.8003910241349945,1
31.443444442749023,31.389064216613768,30.166999912261964,29.497632751464845,31.142266095547857,31.028611182501848,30.27994934749773,29.657483611567542,55.08065788468881,29.208305240390942,46.75606118768973,0.8943384391968259,0.8481787897064252,0.046159649490400634,33.66816198487511,-59.18624145222286,-58.43372659663115,54.65468490251698,-0.7376481702952242,1.1053925210747495,3.612269752217985,0.7019941160912389,32.75104099279899,31.443444442749023,30.13584789269905,-0.22740554809570312,7.93821491646083,2.3009412227532806,7.142857142857143,78.57142857142857,71.42857142857143,0.5211286145646442,-0.008330602864621728,1.0232786585073002,1.012099438854039,0.04492753623188406,0.013777777777777778,0.7785507246376812,0.016919550267438053,0.9152930902739875,0.8143111111111111,3.260869565217391,0.7231726283048211,-52874000.39043207,15097520.507033138,-8529118.72799924,-64703659.31585631,303518983.699835,245383726.16301262,-58135257.53682241,245383726.16301262,15195556.354481405,19541812.258021247,898106398.4735751,822030580.8537198,15373524.096215826,15849128.670803186,15195556.354481405,15195556.354481405,15195556.354481405,15195556.354481405,15849128.670803186,15195556.354481405,0.025489320336549454,0.02483574802022767,21012349.969745256,19541812.258021247,29022258.889285084,19388669.643756915,29018610.84468707,29018610.84468707,1102903283.7930052,764679610.0964836,338223673.6965216,338223673.6965216,338223673.6965216,503871577.26827693,557137721.0485021,296721831.6100885,296721831.6100885,263324286.2460455,199339556.47814316,0.007254652711171768,-50782.56897820237,30.601051330566406,2025-05-23,0,0,0,0,0,0,0,1,0,0,0,1.3232306334099653,1
31.45728645324707,31.526497077941894,30.46411190032959,29.516023063659667,31.52543437538477,31.25827659205762,30.47155140345591,29.760788996802486,64.43223156027862,50.0648569843511,42.16691194350173,0.9408275585234023,0.8667085434698206,0.07411901505358165,33.65234804277503,81.03541241412225,-7.371793007410516,60.870322170363266,4.445156229217617,1.1542638148803523,3.5744828526179986,1.789590634353189,32.79861067255027,31.45728645324707,30.115962233943876,1.37432861328125,7.275516166918217,2.1307663183945884,0.0,71.42857142857143,71.42857142857143,0.9015170671864654,0.05525037640793018,1.0419846617383384,1.0378138087074134,0.04492753623188406,0.013777777777777778,0.7785507246376812,0.016919550267438053,0.9152930902739875,0.8143111111111111,3.260869565217391,0.7231726283048211,-50105644.66265821,14307050.577347398,-8082554.546943011,-61315931.045774564,287627458.3601789,232536023.3448087,-55091435.015370175,232536023.3448087,14399953.50317433,18518649.88150161,851083703.5005164,778991033.0588177,14568603.281192152,15019306.342020538,14399953.50317433,14399953.50317433,14399953.50317433,14399953.50317433,15019306.342020538,14399953.50317433,0.024154760715002103,0.023535407876155896,19912193.76890558,18518649.88150161,27502723.08651221,18373525.446876314,27499266.044771623,27499266.044771623,1045157915.5529755,724642821.450063,320515094.1029125,320515094.1029125,320515094.1029125,477490071.10848385,527967327.47444975,281186188.8361783,281186188.8361783,249537258.7711371,188902615.84809336,0.006874816511192906,-48123.71557835034,32.291770935058594,2025-05-27,0,0,0,0,0,0,0,1,0,0,0,-4.320560409606792,0
31.534406661987305,31.68469295501709,30.74243803024292,29.531051635742188,31.85668174464128,31.487531117711562,30.666563315808137,29.868961055090793,65.47339600192565,67.85929236406389,49.044151529601926,0.9846695896555815,0.8903007527069728,0.09436883694860865,33.91058695538326,136.86161425019014,-11.98637354912723,58.21320074740799,5.113448744674165,1.117721613288938,3.437115370581245,0.6426729926005521,33.05478670299929,31.534406661987305,30.014026620975326,1.5819587707519531,6.532389476468986,1.9351127942403146,0.0,100.0,100.0,0.03076986278860133,0.007042213589122603,1.0199448150609256,1.000608471506346,0.04492753623188406,0.013777777777777778,0.7785507246376812,0.016919550267438053,0.9152930902739875,0.8143111111111111,3.260869565217391,0.7231726283048211,-49755257.51207637,14207001.835957529,-8026033.504729253,-60887150.72553227,285616088.85795134,230909906.46364737,-54706182.39430399,230909906.46364737,14299255.094632577,18389149.562559746,845132102.7221229,773543573.9902849,14466725.510214016,14914276.819132904,14299255.094632577,14299255.094632577,14299255.094632577,14299255.094632577,14914276.819132904,14299255.094632577,0.023985847255512713,0.023370825531012385,19772948.442685477,18389149.562559746,27310397.434574116,18245039.978406295,27306964.567814473,27306964.567814473,1037849160.0943,719575417.6653813,318273742.42891866,318273742.42891866,318273742.42891866,474150998.5035263,524275269.05030286,279219862.923148,279219862.923148,247792252.80118132,187581625.97259942,0.006826741141953618,-47787.187993675325,32.5191764831543,2025-05-28,0,0,0,0,0,0,0,1,0,0,0,0.20886348351914033,1
31.920009231567384,31.91506576538086,31.026696491241456,29.55715393066406,32.347764280363066,31.822512614819757,30.92021722399847,30.004685302020825,68.96183308909258,87.86759948996284,68.59724961279257,1.0724728959945935,0.926735181364497,0.14573771463009655,34.702041662611876,191.23033690076178,-15.461414408896953,57.08327071737605,7.425105268965715,1.1395818750193174,3.419094781122141,1.4237652775142493,33.989278806217875,31.920009231567384,29.850739656916893,2.3037281036376953,5.991918818370673,1.7954235199170263,71.42857142857143,100.0,28.571428571428573,0.12359574641355674,0.024931531371107596,1.0266149294526241,1.0032738278377091,0.04492753623188406,0.013777777777777778,0.7785507246376812,0.016919550267438053,0.9152930902739875,0.8143111111111111,3.260869565217391,0.7231726283048211,-48544957.38414449,13861415.520070923,-7830799.676923185,-59406066.514589675,278668457.46843886,225293006.7969969,-53375450.671441935,225293006.7969969,13951424.711759696,17941832.209961932,824574205.0608424,754727072.3103552,14114821.397738714,14551485.989684844,13951424.711759696,13951424.711759696,13951424.711759696,13951424.711759696,14551485.989684844,13951424.711759696,0.023402389839080783,0.022802328561155633,19291970.085293517,17941832.209961932,26646070.101911575,17801228.101548303,26642720.73987658,26642720.73987658,1012603406.4986876,702071695.1724235,310531711.3262642,310531711.3262642,310531711.3262642,462617242.21639305,511522236.3672926,272427820.1780173,272427820.1780173,241764688.87604222,183018689.76717022,0.0066606801849691455,-46624.76129478402,33.32992935180664,2025-05-29,0,0,0,0,0,0,0,1,0,0,0,-2.974611779622423,0
32.349116516113284,32.06634082794189,31.263990592956542,29.552803649902344,32.5663943469022,32.03726568121262,31.11863981980628,30.122291936450615,66.06880085282711,82.58269296881657,79.43652827428105,1.103015121772703,0.9619911694461382,0.14102395232656495,35.002489721429654,118.55536546544081,-23.690727440063675,57.881702719386986,4.803770106460181,1.1026754363494466,3.341070719966219,0.6228917336411257,34.24191435334436,32.349116516113284,30.456318678882205,1.5127506256103516,5.5140874482348385,1.668727300105953,64.28571428571429,92.85714285714286,28.571428571428573,0.09259167685101827,-0.0097892458271438,1.0163239743331314,1.0015001270421162,0.04492753623188406,0.013777777777777778,0.7785507246376812,0.016919550267438053,0.9152930902739875,0.8143111111111111,3.260869565217391,0.7231726283048211,-49024873.926657274,13998449.786227232,-7908215.138972526,-59993356.22668813,281423380.1179189,227520258.53848547,-53903121.579433426,227520258.53848547,14089348.810813123,18119205.567454293,832725964.2313485,762188321.152697,14254360.840111377,14695342.308052396,14089348.810813123,14089348.810813123,14089348.810813123,14089348.810813123,14695342.308052396,14089348.810813123,0.02363374639233169,0.023027752895092415,19482690.936242662,18119205.567454293,26909493.75132731,17977211.443656802,26906111.27742377,26906111.27742377,1022614026.591275,709012391.7699506,313601634.82132435,313601634.82132435,313601634.82132435,467190686.6966184,516579156.7216192,275121047.74663043,275121047.74663043,244154780.03770354,184828016.6579786,0.006726527819355943,-47085.6947354916,33.00365447998047,2025-05-30,0,0,0,0,0,0,0,1,0,0,0,0.6360823467268321,1
32.77624588012695,32.10984516143799,31.42515277862549,29.532238159179688,32.62316228147972,32.16443522110755,31.272740613218517,30.22481767034019,63.71365256681717,72.50664958743586,80.98564734873837,1.093078581545381,0.9882086518659867,0.10486992967939424,34.97964610904548,87.04777294470524,-30.423906699444228,60.22565991383616,1.3468143890567497,1.078292564361844,3.2938342144347743,0.76131522852301,33.50323678970884,32.77624588012695,32.04925497054506,0.4350433349609375,5.106795989459509,1.5583831102420085,57.142857142857146,85.71428571428572,28.571428571428573,-0.4415605647758268,-0.008088689981518127,1.0234540542223802,0.9898355711559628,0.04492753623188406,0.013777777777777778,0.7785507246376812,0.016919550267438053,0.9152930902739875,0.8143111111111111,3.260869565217391,0.7231726283048211,-49424654.635447,14112602.250665339,-7972703.868882366,-60482581.074280016,283718289.4029863,229375606.7104892,-54342682.692497045,229375606.7104892,14204242.525020307,18266961.354757298,839516553.3658776,768403700.4664211,14370600.169732695,14815177.687386772,14204242.525020307,14204242.525020307,14204242.525020307,14204242.525020307,14815177.687386772,14204242.525020307,0.02382647133229213,0.023215536169925666,19641565.470081843,18266961.354757298,27128931.26586682,18123809.31851845,27125521.20907104,27125521.20907104,1030953086.4934094,714794139.9687638,316158946.52464557,316158946.52464557,316158946.52464557,471000463.42642605,520791679.15929294,277364563.714375,277364563.714375,246145776.9174487,186335224.5217718,0.0067813803022677595,-47469.66211587432,32.736698150634766,2025-06-02,0,0,0,0,0,0,0,1,0,0,0,0.818821009146292,1
32.764380645751956,32.11083354949951,31.54973211288452,29.48814094543457,32.49292310871434,32.17680059239411,31.364141008453284,30.303548144569344,59.405955973230675,46.65682165650451,67.24872140425225,1.0326114654846172,0.9970892145897128,0.03552225089490446,34.52504542094907,32.49152006936192,-43.142198332312255,58.426890934154784,0.03067378986807423,1.0464705931063574,3.2466373580872543,0.6327849667850316,33.523824911895325,32.764380645751956,32.00493637960859,0.009883880615234375,4.5135225577516165,1.3878277631906357,50.0,78.57142857142857,28.571428571428573,-0.7142934994161096,-0.015403306256816074,1.0150907867369314,0.9893777760026027,0.04492753623188406,0.013777777777777778,0.7785507246376812,0.016919550267438053,0.9152930902739875,0.8143111111111111,3.260869565217391,0.7231726283048211,-50197867.766087204,14333383.750267174,-8097431.079696391,-61428787.501145035,288156857.73264396,232964022.90206972,-55192834.83057425,232964022.90206972,14426457.670723455,18552734.810951885,852650185.2999843,780424823.0259107,14595417.860991756,15046950.473765323,14426457.670723455,14426457.670723455,14426457.670723455,14426457.670723455,15046950.473765323,14426457.670723455,0.024199219318632892,0.023578726515591023,19948843.61779609,18552734.810951885,27553343.859737724,18407343.264191125,27549880.455058984,27549880.455058984,1047081605.1331539,725976579.5589868,321105025.5741672,321105025.5741672,321105025.5741672,478368926.5051289,528939089.95304126,281703732.58100855,281703732.58100855,249996550.345569,189250304.92777005,0.0068874701137647465,-48212.29079635322,32.232444763183594,2025-06-03,0,0,0,0,0,0,0,1,0,0,0,1.7481775935311048,1
32.64177894592285,32.08809280395508,31.66986217498779,29.437320442199706,32.29733806714582,32.12759466359678,31.415762625172857,30.366395981410108,56.73312593890499,23.134776607760216,47.43274928390014,0.9474415150699649,0.9871596746857632,-0.039718159615798276,33.745930992648134,-3.2273626046723556,-51.37155947067421,56.45894854985539,-0.7076942180705093,1.009859308052539,3.1650911778521174,0.5339126023529026,33.670250627259726,32.64177894592285,31.613307264585977,-0.22740745544433594,3.6856666998651697,1.1411537268222922,42.85714285714286,71.42857142857143,28.571428571428573,-0.31481089023580433,-0.010122619663882393,1.0167858547175368,0.9947596123260823,0.04492753623188406,0.013777777777777778,0.7785507246376812,0.016919550267438053,0.9152930902739875,0.8143111111111111,3.260869565217391,0.7231726283048211,-50711197.93548801,14479958.866622657,-8180236.50257254,-62056966.571239956,291103588.6432711,235346344.43608123,-55757244.20718984,235346344.43608123,14573984.573548777,18742457.580606814,861369501.1501958,788405552.5755258,14744672.573521996,15200822.61972292,14573984.573548777,14573984.573548777,14573984.573548777,14573984.573548777,15200822.61972292,14573984.573548777,0.0244466838007915,0.023819845754617357,20152843.184498634,18742457.580606814,27835108.07205419,18595579.240269963,27831609.25013186,27831609.25013186,1057789202.9188629,733400514.023745,324388688.89511794,324388688.89511794,324388688.89511794,483260791.697954,534348092.4611465,284584472.96306,284584472.96306,252553048.8035614,191185604.08311298,0.006957902312532965,-48705.31618773076,31.90616798400879,2025-06-04,0,0,0,0,0,0,0,1,0,0,0,2.5393380364599016,1
32.39459800720215,32.15730361938476,31.77763319015503,29.393618812561034,32.22956693083159,32.12149102625248,31.480359009270977,30.43414612559807,57.90740732467301,10.539630201934374,26.77707615539964,0.8849015847370083,0.9667080566960122,-0.08180647195900392,33.170546742674375,6.009353766863081,-46.63343370485455,46.98628768774603,2.2040315730754267,0.9892814338126471,3.082447416141653,0.7217690686940514,33.215906327093265,32.39459800720215,31.573289687311036,0.692108154296875,2.9932828098920865,0.9326973450489504,35.714285714285715,64.28571428571429,28.571428571428573,0.3698638727039977,0.005887785530637402,1.0226848830116049,1.008387712621387,0.04492753623188406,0.013777777777777778,0.7785507246376812,0.016919550267438053,0.9152930902739875,0.8143111111111111,3.260869565217391,0.7231726283048211,-50414368.943486325,14395202.998696342,-8132354.94082196,-61693727.13727004,289399665.4802849,233968786.40088928,-55430879.07939566,233968786.40088928,14488678.342843723,18632751.93337752,856327627.7341377,783790760.6757717,14658367.250919264,15111847.303826248,14488678.342843723,14488678.342843723,14488678.342843723,14488678.342843723,15111847.303826248,14488678.342843723,0.024303589478318503,0.023680420517335977,20034882.0955882,18632751.93337752,27672180.209813654,18486733.319323696,27668701.86762414,27668701.86762414,1051597621.658012,729107684.349555,322489937.308457,322489937.308457,322489937.308457,480432110.4694782,531220380.789554,282918708.28606665,282918708.28606665,251074774.3798596,190066533.09967032,0.006917175466906035,-48420.228268342245,32.094024658203125,2025-06-05,0,0,0,0,0,0,0,1,0,0,0,-0.07485805733238118,0
32.41437187194824,32.38174419403076,31.89677448272705,29.37562397003174,32.5205525551247,32.299860622154014,31.634850894455735,30.53878838748485,63.61635941778494,38.74604729804813,24.140151369247516,0.9062687895623824,0.9546202032692863,-0.04835141370690388,33.077239865494235,85.86131060789887,-21.19704286789944,52.974961194825454,7.2733072778317975,0.9941852355389403,3.003351772916746,1.057934657980752,33.29593335617823,32.41437187194824,31.532810387718254,2.244405746459961,2.561490132837259,0.8035290546906282,28.571428571428573,57.142857142857146,28.571428571428573,0.7391294732943021,0.03142326823289343,1.0210109203259128,1.0154685563436667,0.04492753623188406,0.013777777777777778,0.7785507246376812,0.016919550267438053,0.9152930902739875,0.8143111111111111,3.260869565217391,0.7231726283048211,-48878448.35017127,13956639.763769547,-7884595.191220458,-59814170.4161552,280582835.77032804,226840709.9267219,-53742125.84360611,226840709.9267219,14047267.294703115,18065087.832757983,830238810.8824209,759911846.8779718,14211786.47252452,14651450.834260238,14047267.294703115,14047267.294703115,14047267.294703115,14047267.294703115,14651450.834260238,14047267.294703115,0.023563158042727805,0.022958974503170682,19424500.796761513,18065087.832757983,26829121.527599018,17923517.81145723,26825749.15633627,26825749.15633627,1019559723.0026454,706894741.2818341,312664981.72081125,312664981.72081125,312664981.72081125,465795299.82156414,515036258.2954697,274299326.95893395,274299326.95893395,243425548.08756495,184275979.56492257,0.0067064372890840674,-46945.061023588474,33.10252380371094,2025-06-06,0,0,0,0,0,0,0,1,0,0,0,-2.333725299125521,0
32.505334091186526,32.64078998565674,32.01492710113526,29.36850513458252,32.744204785691856,32.46197855391259,31.783104070871968,30.642816656478626,64.07929829081917,65.48563350487177,38.2571036682847,0.9197801815166748,0.9476521989187641,-0.027872017402089222,33.18609345044967,94.15800194769253,-18.952649781439256,52.50910546293277,8.465257903319934,0.9697833309480763,2.9217813620235082,0.6525585712668445,33.57495681194455,32.505334091186526,31.435711370428496,2.5904579162597656,2.4173584079444055,0.7629026755308459,21.42857142857143,50.0,28.571428571428573,-0.15151287460624507,0.0026881769995210636,1.0199034936806135,0.9970300421871325,0.04492753623188406,0.013777777777777778,0.7785507246376812,0.016919550267438053,0.9152930902739875,0.8143111111111111,3.260869565217391,0.7231726283048211,-48747406.69271362,13919222.430181514,-7863456.827440206,-59653810.415063635,279830601.5833894,226232556.77106708,-53598044.812322326,226232556.77106708,14009606.99141646,18016655.87283235,828012965.4733303,757874545.955013,14173685.098244963,14612170.732982758,14009606.99141646,14009606.99141646,14009606.99141646,14009606.99141646,14612170.732982758,14009606.99141646,0.023499985921085674,0.022897422179519376,19372424.291356523,18016655.87283235,26757193.455579992,17875465.396522567,26753830.12554369,26753830.12554369,1016826313.8931301,704999577.6325703,311826736.2605599,311826736.2605599,311826736.2605599,464546516.5605385,513655461.4981919,273563938.6710999,273563938.6710999,242772931.477062,183781941.1777213,0.006688457531385922,-46819.20271970146,33.19150924682617,2025-06-09,0,0,0,0,0,0,0,1,0,0,0,-6.241079283825741,0
32.853366470336915,32.80887355804443,32.16768531799316,29.383731575012206,33.153672076773084,32.73663820937131,31.991628126878023,30.773396656574977,67.93592122039279,88.61489354676526,64.282191449895,0.9821939695520747,0.9545605530454262,0.027633416506648523,33.78519408302614,129.60735436463284,-6.046470954763865,56.319801461077255,5.2051518860865675,0.9781985554024945,2.8793744478397465,1.0875964733099295,34.377283390381656,32.853366470336915,31.32944955029217,1.6808357238769531,2.681734960316704,0.8509375376579129,14.285714285714286,100.0,85.71428571428572,0.67272973179173,0.0235330489584189,1.0328161831473461,1.022010758535896,0.04492753623188406,0.013777777777777778,0.7785507246376812,0.016919550267438053,0.9152930902739875,0.8143111111111111,3.260869565217391,0.7231726283048211,-47626607.40883803,13599191.979532244,-7682660.404021462,-58282251.34085248,273396742.6534534,221031022.88811174,-52365719.76534169,221031022.88811174,13687498.420957778,17602417.324156456,808975309.8993175,740449511.353103,13847804.047625598,14276208.03046134,13687498.420957778,13687498.420957778,13687498.420957778,13687498.420957778,14276208.03046134,13687498.420957778,0.022959674770638854,0.022370965161135292,18927013.945539467,17602417.324156456,26141992.662385445,17464473.096118618,26138706.66195808,26138706.66195808,993447466.0372581,688790243.1191657,304657222.9180925,304657222.9180925,304657222.9180925,453865673.44676983,501845506.62131,267274162.7146164,267274162.7146164,237191101.66898447,179556430.89858592,0.00653467666548952,-45742.73665842664,33.97260665893555,2025-06-10,0,0,0,0,0,0,0,1,0,0,0,-7.602028585015343,0
33.09461517333985,32.86819705963135,32.27644500732422,29.381951789855957,33.139918550856535,32.8049606256717,32.098369400415685,30.86512272882786,60.262547774992036,75.97492299087789,76.69181668083826,0.9512810104466247,0.9539046445256659,-0.002623634079041204,33.950834024568714,82.36162432579877,-26.279118368982637,52.37889895771708,1.8242621124690883,1.0029623753424073,3.028962041535353,1.3248920345612731,34.28853917255616,33.09461517333985,31.900691174123534,0.5932350158691406,2.920674266632962,0.9305424201182859,7.142857142857143,92.85714285714286,85.71428571428572,-0.716417145638865,-0.025320257834435478,1.0403128786078237,0.9721335540431859,0.04492753623188406,0.013777777777777778,0.7785507246376812,0.016919550267438053,0.9152930902739875,0.8143111111111111,3.260869565217391,0.7231726283048211,-48863852.75949227,13952472.172364295,-7882240.7726993095,-59796309.31013269,280499050.94571334,226772973.03524566,-53726077.91046771,226772973.03524566,14043072.64101601,18059693.41790876,829990893.3183721,759684929.6446403,14207542.691775093,14647075.765360786,14043072.64101601,14043072.64101601,14043072.64101601,14043072.64101601,14647075.765360786,14043072.64101601,0.023556121849446214,0.022952118725101438,19418700.447684504,18059693.41790876,26821110.08514715,17918165.67082401,26817738.720907994,26817738.720907994,1019255272.3318073,706683655.4833864,312571616.8484209,312571616.8484209,312571616.8484209,465656208.71360403,514882463.34770316,274217418.4525277,274217418.4525277,243352858.79850972,184220952.92515627,0.006704434680226999,-46931.04276158899,33.11241149902344,2025-06-11,0,0,0,0,0,0,0,1,0,0,0,-4.235307400042855,0
33.11834487915039,32.75647144317627,32.33576860427856,29.401528549194335,32.83083676298964,32.69727200050518,32.109255475352846,30.917967844844643,53.46072082570049,50.2562221855284,71.61534624105714,0.844446649975751,0.932013045615683,-0.08756639563993196,33.0373333922799,-25.974117437793875,-49.51456822468329,49.311604240081465,-3.3521108093504615,1.0075953185179363,3.127946919091975,1.0678235797998141,34.23392291336491,33.11834487915039,32.00276684493588,-1.1172561645507812,2.564559522352724,0.8197545393919299,0.0,85.71428571428572,85.71428571428572,-0.5394746748716349,-0.027172237570015523,1.0234495009290747,0.9875719967701692,0.04492753623188406,0.013777777777777778,0.7785507246376812,0.016919550267438053,0.9152930902739875,0.8143111111111111,3.260869565217391,0.7231726283048211,-50228678.34017952,14342181.330755834,-8102401.141401023,-61466491.417525,288333723.3767536,233107012.14858344,-55226711.228170194,233107012.14858344,14435312.378358144,18564122.155393913,853173527.0847675,780903834.1453744,14604376.273438873,15056186.029040216,14435312.378358144,14435312.378358144,14435312.378358144,14435312.378358144,15056186.029040216,14435312.378358144,0.024214072376600757,0.02359319872591869,19961087.869428575,18564122.155393913,27570255.62073995,18418641.369842283,27566790.09028394,27566790.09028394,1047724285.5259943,726422171.2980227,321302114.2279716,321302114.2279716,321302114.2279716,478662540.9933424,529263743.5239312,281876637.4096601,281876637.4096601,250149993.8598063,189366463.45803156,0.006891697522570985,-48241.882657996895,32.21267318725586,2025-06-12,0,0,0,0,0,0,0,1,0,0,0,-3.795628537346648,0
32.77229118347168,32.593331527709964,32.329836177825925,29.398957862854004,32.344642950432224,32.456359877743765,32.03906498487328,30.9357830401573,48.00977907454839,23.876422673513222,50.035855949973126,0.6840793113328161,0.8824262987591096,-0.19834698742629353,31.100566338117122,-141.12921204997923,-89.75156132111198,47.84095667477687,-4.943086395637398,1.0189597355093687,3.247964562774258,1.1666971563979907,34.56236505013524,32.77229118347168,30.982217316808114,-1.631399154663086,2.0894442588097357,0.6690373542981263,0.0,78.57142857142857,78.57142857142857,0.06666630336256013,-0.02608966530200807,1.0334395272982593,1.0022109821592415,0.04492753623188406,0.013777777777777778,0.7785507246376812,0.016919550267438053,0.9152930902739875,0.8143111111111111,3.260869565217391,0.7231726283048211,-51574232.812464565,14726387.861161081,-8319452.882603987,-63113090.833547495,296057771.54645914,239351615.69146875,-56706155.8549904,239351615.69146875,14822013.756363425,19061428.443667375,876028825.9486797,801823131.2716602,14995606.631454082,15459519.724379057,14822013.756363425,14822013.756363425,14822013.756363425,14822013.756363425,15459519.724379057,14822013.756363425,0.02486273275260962,0.024225226784593986,20495816.871702544,19061428.443667375,28308823.346955698,18912050.43588933,28305264.979894027,28305264.979894027,1075791321.0263777,745881982.5782886,329909338.4480892,329909338.4480892,329909338.4480892,491485226.0416509,543441962.4349248,289427709.4790966,289427709.4790966,256851154.51349783,194439320.24476752,0.007076316244973507,-49534.21371481455,31.372255325317383,2025-06-13,0,0,0,0,0,0,0,1,0,0,0,-0.835944729654755,0
32.50138053894043,32.503357315063475,32.306601238250735,29.46500469207764,32.17541397501146,32.343740995275795,32.019816512425336,30.971123157177402,50.98570570579969,14.261840944566112,29.464828601202537,0.5877097506369005,0.8234829891346678,-0.23577323849776732,29.503210575384,-93.75538555266722,-75.15530376785321,46.7510428831317,-2.748420510598748,1.0132689257830336,3.1826815510056368,0.9392883993406755,34.36419577381936,32.50138053894043,30.638565304061505,-0.8997421264648473,1.5645881929306167,0.5016514460245745,92.85714285714286,71.42857142857143,-21.42857142857143,0.20731956940425286,0.014812473442976204,1.025737591937076,1.0053075863291152,0.04492753623188406,0.013777777777777778,0.7785507246376812,0.016919550267438053,0.9152930902739875,0.8143111111111111,3.260869565217391,0.7231726283048211,-50821441.55903755,14511437.57742605,-8198019.930104326,-62191875.33182593,291736433.3747471,235857975.6902429,-55878457.6845042,235857975.6902429,14605667.69156518,18783202.751733284,863242075.6285717,790119507.0566067,14776726.758765748,15233868.452492714,14605667.69156518,14605667.69156518,14605667.69156518,14605667.69156518,15233868.452492714,14605667.69156518,0.02449982967617385,0.023871628915246315,20196654.463820238,18783202.751733284,27895620.213369805,18636005.105185598,27892113.785182536,27892113.785182536,1060088784.0652146,734994890.2852155,325093893.77999914,325093893.77999914,325093893.77999914,484311376.6370828,535509738.6526769,285203145.4611007,285203145.4611007,253102086.57770368,191601232.08289805,0.006973028446295634,-48811.19912406944,31.83695602416992,2025-06-16,0,0,0,0,0,0,0,1,0,0,0,-0.3673614736491616,0
31.923964309692384,32.38866539001465,32.24974946975708,29.575148696899415,31.812117820906078,32.114974543897524,31.93083641721295,30.975609524060456,46.364199834190686,14.426763340405822,17.521675652828343,0.44556581184711774,0.7478995536771578,-0.30233374183004,27.465423136879185,-142.87786414926273,-91.9074997352581,40.50634416823796,-3.5582757029907652,1.0143407373846867,3.263064466999056,1.0282742882061768,33.34119891251969,31.923964309692384,30.50672970686508,-1.1469192504882812,1.0348982270955662,0.33192011026235946,100.0,64.28571428571429,-35.714285714285715,-0.31707356785976726,-0.023602460954625704,1.026315779808719,0.9917981002326725,0.04492753623188406,0.013777777777777778,0.7785507246376812,0.016919550267438053,0.9152930902739875,0.8143111111111111,3.260869565217391,0.7231726283048211,-52049948.43465682,14862222.606187547,-8396190.693105951,-63695239.74080377,298788579.1477704,241559371.32004824,-57229207.82772218,241559371.32004824,14958730.545188764,19237249.174242754,884109229.1901566,809219068.5252116,15133924.623788975,15602116.805196883,14958730.545188764,14958730.545188764,14958730.545188764,14958730.545188764,15602116.805196883,14958730.545188764,0.025092064140316638,0.02444867788030852,20684868.259261023,19237249.174242754,28569941.133447967,19086493.318496127,28566349.94436048,28566349.94436048,1085714313.7637007,752761924.2094991,332952389.55420154,332952389.55420154,332952389.55420154,496018637.1532593,548454617.343921,292097362.043686,292097362.043686,259220324.15727112,196232809.30247626,0.00714158748609012,-49991.11240263084,31.085525512695312,2025-06-17,0,0,0,0,0,0,0,1,0,0,0,1.848044468420461,1
31.498698806762697,32.29665699005127,32.19237489700318,29.681524200439455,31.536773208729052,31.90972171489343,31.84085999503791,30.976020287210044,45.772900814579714,14.893935258727913,14.527513181233239,0.3211891474381474,0.6625574724293557,-0.3413683249912083,25.63289979809996,-132.6013203499552,-93.1463780704047,38.26584046519805,-2.8837182832326724,0.9923189924532839,3.2024666071184384,0.7060363083450483,32.425478798861,31.498698806762697,30.571918814664397,-0.9200839996337891,0.5717643607671015,0.18339553246131146,100.0,57.142857142857146,-42.85714285714286,-0.22535218834957535,-0.003198965649774843,1.022962454163026,0.994891447989428,0.04492753623188406,0.013777777777777778,0.7785507246376812,0.016919550267438053,0.9152930902739875,0.8143111111111111,3.260869565217391,0.7231726283048211,-52216988.78812471,14909918.924668489,-8423136.015884146,-63899652.534293525,299747460.9790496,242334591.35354045,-57412869.62550918,242334591.35354045,15006736.580023479,19298985.967428043,886946540.7070651,811816040.1515927,15182492.897044571,15652187.615723414,15006736.580023479,15006736.580023479,15006736.580023479,15006736.580023479,15652187.615723414,15006736.580023479,0.02517259039229745,0.024527139356597515,20751250.7977529,19298985.967428043,28661628.699123062,19147746.30118422,28658025.985077098,28658025.985077098,1089198622.7436397,755177711.7689235,334020910.9747162,334020910.9747162,334020910.9747162,497610475.97286457,550214735.3824092,293034770.2077703,293034770.2077703,260052222.28350365,196862565.88848007,0.007164506496269274,-50151.54547388492,30.986083984375,2025-06-18,0,0,0,0,0,0,0,1,0,0,0,1.4326312451248433,1
31.29912414550781,32.2087345123291,32.18301906585693,29.816401138305665,31.429448766146518,31.783372290545795,31.781235222270627,30.985384192848137,47.43343281863976,16.572733993042338,15.297810864058647,0.23832791040898016,0.5777115600252806,-0.3393836496163004,23.83017553071563,-97.3638039027561,-86.57832852864816,34.60246552294948,-2.739527954456633,0.9668982934696883,3.097563646591885,0.6364292066829442,31.8960096616177,31.29912414550781,30.70223862939792,-0.8792247772216797,0.2739993429825173,0.08791555502475745,92.85714285714286,50.0,-42.85714285714286,0.14062495343396847,0.007381245617283483,1.020552386305114,1.002875404306123,0.04492753623188406,0.013777777777777778,0.7785507246376812,0.016919550267438053,0.9152930902739875,0.8143111111111111,3.260869565217391,0.7231726283048211,-51834386.450313754,14800671.532784274,-8361418.333456051,-63431449.426218316,297551162.76298773,240558966.53609765,-56992196.226890095,240558966.53609765,14896779.789490664,19157579.170140684,880447739.6872514,805867732.4830917,15071248.311498335,15537501.500866607,14896779.789490664,14896779.789490664,14896779.789490664,14896779.789490664,15537501.500866607,14896779.789490664,0.02498814674366176,0.02434742503228582,20599203.020736553,19157579.170140684,28451620.30146824,19007447.66143749,28448043.98509185,28448043.98509185,1081217887.946903,749644402.3098528,331573485.6370503,331573485.6370503,331573485.6370503,493964403.38528293,546183222.8624222,290887656.96467793,290887656.96467793,258146777.51336727,195420121.9696625,0.007112010996272963,-49784.076973910735,31.214799880981445,2025-06-20,0,0,0,0,0,0,0,1,0,0,0,1.13792116302879,1
31.365085983276366,32.068688583374026,32.22521638870239,29.885880241394045,31.520320682151063,31.76858905847568,31.773695154831536,31.013489303487823,50.884123262604895,35.653521513518506,22.373396921762875,0.20956226341281337,0.5040817007027871,-0.29451943728997376,22.539403152501997,-74.29099079322671,-68.66386092557664,44.01168924157971,-4.230672252832224,0.9951451534296955,3.1390547230297905,1.3623543329097885,32.04661271067431,31.365085983276366,30.68355925587842,-1.4004592895507812,0.1398609076397266,0.044912191537711976,100.0,42.85714285714286,-57.142857142857146,0.4306553896488122,0.015610051483161635,1.044596382482269,1.0188558078611778,0.04492753623188406,0.013777777777777778,0.7785507246376812,0.016919550267438053,0.9152930902739875,0.8143111111111111,3.260869565217391,0.7231726283048211,-51037685.5512769,14573183.389796,-8232902.304625013,-62456500.24198286,292977764.77148324,236861545.61467135,-56116219.15681187,236861545.61467135,14667814.450768702,18863124.82055846,866915149.5709167,793481446.2561004,14839601.370121146,15298688.19058671,14667814.450768702,14667814.450768702,14667814.450768702,14667814.450768702,15298688.19058671,14667814.450768702,0.02460407585290234,0.02397320211308433,20282590.735148977,18863124.82055846,28014315.395873126,18715300.851620827,28010794.047919586,28010794.047919586,1064599435.9428897,738122275.5870701,326477160.35581946,326477160.35581946,326477160.35581946,486372109.7126938,537788319.5078615,286416677.87737596,286416677.87737596,254179029.7726757,192416490.64449266,0.007002698511979897,-49018.88958385927,31.702064514160156,2025-06-23,0,0,0,0,0,0,0,1,0,0,0,1.318319245542931,1
31.334130477905273,31.91775550842285,32.2792727470398,30.00953926086426,31.574273287205525,31.752878047355455,31.76497928268705,31.039712409128082,50.737738764350084,51.05957845680289,34.4286113211212,0.18305055273111748,0.4398754711084532,-0.25682491837733573,21.169080500170644,-21.510331954608876,-69.20407527102776,43.73414237812294,-4.547339918434245,0.9929623137986381,3.1341352170047485,0.9645853985948918,31.93658775313692,31.334130477905273,30.731673202673626,-1.5093307495117188,0.010071674307521547,0.003234961094001676,92.85714285714286,35.714285714285715,-57.142857142857146,-0.5773174793878416,-0.0006272782908766095,1.0305800546769277,0.9827267862362137,0.04492753623188406,0.013777777777777778,0.7785507246376812,0.016919550267438053,0.9152930902739875,0.8143111111111111,3.260869565217391,0.7231726283048211,-51069720.47825405,14582330.569192441,-8238069.867011314,-62495702.43939618,293161658.71571296,237010216.97849792,-56151441.73721505,237010216.97849792,14677021.02743395,18874964.676140867,867459287.9504672,793979492.3550559,14848915.77262837,15308290.749044014,14677021.02743395,14677021.02743395,14677021.02743395,14677021.02743395,15308290.749044014,14677021.02743395,0.024619519142792434,0.02398824942118237,20295321.549763504,18874964.676140867,28031899.19769188,18727047.92223465,28028375.63948677,28028375.63948677,1065267655.2169803,738585574.2837731,326682080.9332073,326682080.9332073,326682080.9332073,486677391.87527764,538125874.1864977,286596453.61096835,286596453.61096835,254338570.83669415,192537265.09106904,0.007007093909871693,-49049.65736910185,31.682178497314453,2025-06-24,0,0,0,0,0,0,0,1,0,0,0,1.8553710266452972,1
31.35004119873047,31.637002754211426,32.22293815612793,30.114946479797364,31.43787523041078,31.646005514531062,31.70784593355698,31.044628750606247,46.95500656743039,51.58991521730267,46.10100506254131,0.11894313021772618,0.3756890029303078,-0.25674587271258165,19.937492573062066,-66.19507363106892,-83.25135811976234,43.08068476040286,-8.264092214942876,0.9781501203453831,3.1386094566897103,0.7855916054530674,31.92914508534836,31.35004119873047,30.77093731211258,-2.807527542114258,-0.3569816832737261,-0.11450431285760132,85.71428571428572,28.571428571428573,-57.142857142857146,-0.7974663679295406,-0.016321459098432745,1.0252962192477437,0.9802940514764591,0.04492753623188406,0.013777777777777778,0.7785507246376812,0.016919550267438053,0.9152930902739875,0.8143111111111111,3.260869565217391,0.7231726283048211,-51917083.02536244,14824284.522693107,-8374758.139443508,-63532647.95439903,298025875.8588173,240942754.28766784,-57083121.57114943,240942754.28766784,14920546.110502802,19188143.17006597,881852405.9246205,807153413.7842968,15095292.979573335,15562290.029234106,14920546.110502802,14920546.110502802,14920546.110502802,14920546.110502802,15562290.029234106,14920546.110502802,0.02502801283052083,0.02438626891178953,20632066.987211403,19188143.17006597,28497012.01370105,19037772.141568545,28493429.991669867,28493429.991669867,1082942862.8590744,750840384.9156249,332102477.9434495,332102477.9434495,332102477.9434495,494752474.1458983,547054603.5224996,291351739.1040117,291351739.1040117,258558624.8568421,195731895.2130475,0.007123357497917467,-49863.50248542227,31.16507911682129,2025-06-25,0,0,0,0,0,0,0,1,0,0,0,4.347562654545185,1
31.42163963317871,31.4601692199707,32.164183139801025,30.2363916015625,31.406608872479257,31.591109267637453,31.673201192895952,31.05637178613605,48.38940521389733,43.31649053192523,48.65532806867689,0.08164000600748267,0.3168792035457428,-0.23523919753826011,18.79387521217553,-57.53880774490812,-78.38880724088209,42.702050811078166,-5.340400358516262,0.9331428464187422,2.9770947523102267,0.3480482853724105,31.87870915799057,31.42163963317871,30.96457010836685,-1.7683353424072266,-0.7323823883222108,-0.2346691963000147,78.57142857142857,21.42857142857143,-57.142857142857146,0.07407564390567764,0.0057435130879648355,1.0085932672535982,1.0006349351671007,0.04492753623188406,0.013777777777777778,0.7785507246376812,0.016919550267438053,0.9152930902739875,0.8143111111111111,3.260869565217391,0.7231726283048211,-51620599.436888084,14739627.280495856,-8326932.294825581,-63169831.202125095,296323935.45724136,239566799.24078655,-56757136.21645482,239566799.24078655,14835339.145953622,19078565.181247883,876816399.4585879,802543991.8633621,15009088.085714618,15473418.24900539,14835339.145953622,14835339.145953622,14835339.145953622,14835339.145953622,15473418.24900539,14835339.145953622,0.02488508501901898,0.02424700591596721,20514243.16311436,19078565.181247883,28334273.741628032,18929052.87861743,28330712.175498527,28330712.175498527,1076758486.3998597,746552550.5705693,330205935.8292903,330205935.8292903,330205935.8292903,491927084.4977611,543930531.3964802,289687912.785503,289687912.785503,257082070.6195576,194614126.43078944,0.0070826780438746325,-49578.74630712243,31.34407615661621,2025-06-26,0,0,0,0,0,0,0,1,0,0,0,3.0497727087820277,1
31.5747802734375,31.436952209472658,32.096711826324466,30.365621643066405,31.597906942411303,31.661908143026167,31.70246803950352,31.092612229121908,53.231833429629404,48.39261501143918,47.766340253555654,0.1022526405847195,0.2739538909535381,-0.17170125036881861,17.97654672541741,-11.778234870749214,-61.09992743453071,46.493201227308994,-0.7207415032923215,0.9346784271863315,2.922650793771784,0.954640977164992,32.149881016815506,31.5747802734375,30.9996795300595,-0.23217010498046875,-1.232333421542176,-0.394790429335373,71.42857142857143,14.285714285714286,-57.142857142857146,0.4270835816862559,0.0203045360941303,1.0305149113925587,1.012913381020854,0.04492753623188406,0.013777777777777778,0.7785507246376812,0.016919550267438053,0.9152930902739875,0.8143111111111111,3.260869565217391,0.7231726283048211,-50593325.434481576,14446301.823690042,-8161222.458837881,-61912722.10152876,290426950.94898945,234799308.21231285,-55627642.73667659,234799308.21231285,14540108.978389328,18698892.83672434,859367344.200159,786572992.1535131,14710400.233220099,15165490.009717902,14540108.978389328,14540108.978389328,14540108.978389328,14540108.978389328,15165490.009717902,14540108.978389328,0.024389860221814358,0.023764479190485785,20106000.157213632,18698892.83672434,27770408.48029122,18552355.898642298,27766917.790988654,27766917.790988654,1055330490.3669674,731695806.6544307,323634683.7125367,323634683.7125367,323634683.7125367,482137506.10276353,533106060.1560423,283922988.22317225,283922988.22317225,251966017.52228218,190741214.55521485,0.006941729447747164,-48592.10613423014,31.98050308227539,2025-06-27,0,0,0,0,0,0,0,1,0,0,0,4.251018399601025,1
31.686154937744142,31.525620460510254,32.05947599411011,30.51920612335205,31.81825057350532,31.770458996238386,31.75546516295017,31.13835048820314,55.21175484805438,65.5274516771773,52.41218574018054,0.13944818771322076,0.24705275030547463,-0.10760456259225387,17.31159464804052,29.289454482971575,-53.536097571788154,49.546065375268256,2.826326960498826,0.9020100016793255,2.7961553051547896,0.47732047008824807,32.48779066254724,31.686154937744142,30.884519212941047,0.8866825103759766,-1.5556333527912778,-0.49887559352776734,64.28571428571429,7.142857142857143,-57.142857142857146,0.08332737286317457,0.00870639066251222,1.014985936950662,1.0012344783625438,0.04492753623188406,0.013777777777777778,0.7785507246376812,0.016919550267438053,0.9152930902739875,0.8143111111111111,3.260869565217391,0.7231726283048211,-50156642.11391799,14321612.272330105,-8090780.959043631,-61378338.30998617,287920205.1632078,232772698.16650814,-55147506.99669969,232772698.16650814,14414609.754617963,18537498.136046328,851949935.2390655,779783888.9836879,14583431.184131188,15034592.96987035,14414609.754617963,14414609.754617963,14414609.754617963,14414609.754617963,15034592.96987035,14414609.754617963,0.024179345394843038,0.023559362179590652,19932460.370364197,18537498.136046328,27530715.31751849,18392225.993985444,27527254.75720592,27527254.75720592,1046221675.7384006,725380361.845291,320841313.8931095,320841313.8931095,320841313.8931095,477976059.79882663,528504691.84189606,281472379.724583,281472379.724583,249791237.42518613,189094880.6519776,0.006881813689301479,-48172.69582511036,32.25893783569336,2025-06-30,0,0,0,0,0,0,0,1,0,0,0,2.483229738306226,1
31.994424438476564,31.664277458190917,32.083817386627196,30.694455337524413,32.286675715995734,32.034652997099876,31.895280480857444,31.220122076939354,61.32085986315738,83.17842817342004,65.69949828734548,0.24394804907337786,0.2464318100590553,-0.00248376098567743,17.682055384715447,134.05898751595396,-26.543296553619722,55.814592428955855,4.355221572546042,0.9356020558572702,2.8160829643120042,1.3722987601705512,33.461835312820135,31.994424438476564,30.527013564132993,1.3865699768066442,-1.5721887966647672,-0.505615087655876,57.142857142857146,0.0,-57.142857142857146,0.8695650972055987,0.0299014236053341,1.0428838115297743,1.0372555354563153,0.04492753623188406,0.013777777777777778,0.7785507246376812,0.016919550267438053,0.9152930902739875,0.8143111111111111,3.260869565217391,0.7231726283048211,-48700429.92885346,13905808.793034794,-7855878.993467708,-59596323.39872055,279560935.2158164,226014541.61666292,-53546393.59915346,226014541.61666292,13996106.252729826,17999293.63254287,827215028.2661802,757144199.5428361,14160026.241229538,14598089.317363366,13996106.252729826,13996106.252729826,13996106.252729826,13996106.252729826,14598089.317363366,13996106.252729826,0.023477339520708095,0.022875356456074553,19353755.52796834,17999293.63254287,26731408.15860108,17858239.218274433,26728048.069729216,26728048.069729216,1015846421.5691003,704320185.6212429,311526235.9478574,311526235.9478574,311526235.9478574,464098843.67922837,513160463.4468619,273300311.3436276,273300311.3436276,242538976.7408536,183604834.71322995,0.006682012017432304,-46774.08412202613,33.22352600097656,2025-07-01,0,0,0,0,0,0,0,1,0,0,0,-3.893402812701938,0
32.521466445922854,31.93575382232666,32.162209606170656,30.895081939697267,32.7912135286814,32.355677752909486,32.07670987830461,31.32130509957125,64.44383626794273,90.7781406950712,79.82800684855614,0.36905072133515304,0.27095559231427485,0.09809512902087819,18.454418652320218,223.2807949681413,-3.2543448679033773,55.96345940456489,8.73320813009486,0.9184940497432615,2.717414769906286,0.6960899702611485,34.282394760880244,32.521466445922854,30.760538130965465,2.714763641357422,-1.3205916791260552,-0.4263265438568915,50.0,0.0,-50.0,0.4000054495912829,0.017360082522824838,1.020957991504875,1.0083062177869686,0.04492753623188406,0.013777777777777778,0.7785507246376812,0.016919550267438053,0.9152930902739875,0.8143111111111111,3.260869565217391,0.7231726283048211,-47869412.969385736,13668522.121048337,-7721827.432020814,-58579380.51877859,274790548.6153614,222157862.78561032,-52632685.82975107,222157862.78561032,13757278.758198002,17692156.338499796,813099552.9280767,744224402.499937,13918401.64017036,14348989.6725291,13757278.758198002,13757278.758198002,13757278.758198002,13757278.758198002,14348989.6725291,13757278.758198002,0.023076725658912778,0.022485014744581682,19023505.895744763,17692156.338499796,26275267.34911122,17553508.855969664,26271964.596300703,26271964.596300703,998512167.933726,692301769.7673833,306210398.1663426,306210398.1663426,306210398.1663426,456179529.40355915,504403968.92154354,268636755.106318,268636755.106318,238400327.38399893,180471828.87098455,0.006567991149075175,-45975.93804352623,33.800289154052734,2025-07-02,0,0,0,0,0,0,0,1,0,0,0,-3.758223395563906,0
33.030609130859375,32.226124382019044,32.261390686035156,31.083458671569826,33.157405546220545,32.634607176253006,32.24938413573263,31.422029981207626,64.91720370379842,94.56747533029653,89.50801473292923,0.46999956449622715,0.3107643867506653,0.15923517774556184,19.279630365154674,189.50983967589323,-4.545445441050126,61.78120220125321,9.370998924510898,0.8798787712638945,2.5962945835150064,0.377880151032123,34.59675461691189,33.030609130859375,31.464463644806866,2.903705596923828,-0.9792074582752903,-0.3167193363874432,42.85714285714286,100.0,57.142857142857146,0.21053054258896703,0.002647918981940389,1.0112227129729896,1.0023529950310202,0.04492753623188406,0.013777777777777778,0.7785507246376812,0.016919550267438053,0.9152930902739875,0.8143111111111111,3.260869565217391,0.7231726283048211,-47742993.39093123,13632424.565272082,-7701434.657004358,-58424676.70830892,274064847.1044309,221571160.30438974,-52493686.8000412,221571160.30438974,13720946.802708913,17645432.662408452,810952217.1588151,742258960.9078338,13881644.171069242,14311095.05228779,13720946.802708913,13720946.802708913,13720946.802708913,13720946.802708913,14311095.05228779,13720946.802708913,0.023015781733576244,0.022425633483997363,18973266.22396093,17645432.662408452,26205876.311786857,17507151.337623063,26202582.281302184,26202582.281302184,995875171.1643566,690473452.0072873,305401719.1570694,305401719.1570694,305401719.1570694,454974793.012836,503071875.35351455,267927305.30881062,267927305.30881062,237770729.75532994,179995216.1215578,0.006550645570325546,-45854.51899227882,33.88978958129883,2025-07-03,0,0,0,0,0,0,0,1,0,0,0,-3.3337216717009954,0
33.358767700195315,32.466773986816406,32.337754249572754,31.251239128112793,33.312035673798725,32.81400513128975,32.38004240175382,31.508275704648703,62.240205401517066,87.89801281557384,91.08120961364716,0.5223161210366456,0.35307473360786135,0.16924138742878425,19.220106428773743,127.58777690460998,-17.158148475245408,63.95938797173436,7.709471331385531,0.9015560462822061,2.6815029622512996,1.183360621520258,34.5499897790308,33.358767700195315,32.16754562135983,2.406496047973633,-0.45634064834730226,-0.14779434448633566,35.714285714285715,100.0,64.28571428571429,-0.15966238395650661,-0.00792255294768518,1.0357787883782248,0.9944118050967946,0.04492753623188406,0.013777777777777778,0.7785507246376812,0.016919550267438053,0.9152930902739875,0.8143111111111111,3.260869565217391,0.7231726283048211,-48124260.39195468,13741290.668160113,-7762936.935908635,-58891245.7206862,276253479.926128,223340587.93769327,-52912891.98843472,223340587.93769327,13830519.82834297,17786345.929783,817428336.435161,748186508.1332632,13992500.497128252,14425380.89622869,13830519.82834297,13830519.82834297,13830519.82834297,13830519.82834297,14425380.89622869,13830519.82834297,0.023199581647543047,0.022604720579657327,19124783.33252587,17786345.929783,26415151.75014855,17646960.315085027,26411831.41412593,26411831.41412593,1003828052.0571511,695987449.4262915,307840602.6308597,307840602.6308597,307840602.6308597,458608140.2864952,507089317.3191813,270066924.8201165,270066924.8201165,239669524.25115624,181432625.70514435,0.006602957853531483,-46220.70497472038,33.62129592895508,2025-07-07,0,0,0,0,0,0,0,1,0,0,0,-5.089917072676486,0
33.66504898071289,32.675601959228516,32.37214527130127,31.403812561035156,33.471471861959564,32.99152133256093,32.51435686237548,31.59776858832057,63.267282032984,82.01975462363187,88.16174758983404,0.5708378909101484,0.39662736506831875,0.1742105258418296,19.19259243264404,115.55853422406813,-13.29787069592292,60.686570965133946,6.587204196711971,0.8847490157705167,2.6183486309919863,0.6662576191185536,34.13947833459524,33.66504898071289,33.19061962683054,2.0882797241210938,0.21042025113498392,0.0681857451414416,28.571428571428573,100.0,71.42857142857143,-0.12308017348131016,0.005028012890502032,1.0192136469405972,0.9976511500930993,0.04492753623188406,0.013777777777777778,0.7785507246376812,0.016919550267438053,0.9152930902739875,0.8143111111111111,3.260869565217391,0.7231726283048211,-47883501.52902437,13672544.935976056,-7724100.061233226,-58596621.1541831,274871422.86871344,222223246.58927315,-52648176.27944027,222223246.58927315,13761327.695300575,17697363.35868762,813338858.1719263,744443436.9360989,13922497.997727687,14353212.757464042,13761327.695300575,13761327.695300575,13761327.695300575,13761327.695300575,14353212.757464042,13761327.695300575,0.02308351742437516,0.022491632362211692,19029104.748555418,17697363.35868762,26283000.484909352,17558675.07049046,26279696.760057874,26279696.760057874,998806042.4008483,692505522.7312548,306300519.66959345,306300519.66959345,306300519.66959345,456313788.67492384,504552421.2412463,268715818.2222134,268715818.2222134,238470491.5456603,180524943.95985702,0.006569924190014468,-45989.46933010128,33.79034423828125,2025-07-08,0,0,0,0,0,0,0,1,0,0,0,-4.469754579396374,0
33.88978805541992,32.94210624694824,32.42993087768555,31.56693031311035,33.763388366143616,33.23801224927925,32.688915387340835,31.705590266210418,66.49988767865896,77.78109863594217,82.56628869171591,0.6467714948019676,0.4466561910150485,0.2001153037869191,19.494559147663413,115.34246705843347,-7.055976555348728,61.06209531484544,8.411804375835995,0.8819283330446781,2.567684656142627,0.8452594576087762,34.379058851202274,33.88978805541992,33.40051725963757,2.6650428771972656,0.855136957639655,0.27754521981263736,21.42857142857143,100.0,78.57142857142857,0.3098596089682689,0.016480362919759184,1.0208089953515922,1.0064102920355302,0.04492753623188406,0.013777777777777778,0.7785507246376812,0.016919550267438053,0.9152930902739875,0.8143111111111111,3.260869565217391,0.7231726283048211,-47107158.46146089,13450869.721381292,-7598867.959481639,-57646584.520205535,270414887.3856914,218620304.62738556,-51794582.758305885,218620304.62738556,13538213.031260392,17410433.102567125,800152061.8024287,732373653.3362476,13696770.253127582,14120501.76378772,13538213.031260392,13538213.031260392,13538213.031260392,13538213.031260392,14120501.76378772,13538213.031260392,0.022709260568565818,0.02212697183603849,18720582.750753615,17410433.102567125,25856869.88523174,17273993.39034407,25853619.72421339,25853619.72421339,982612236.1398671,681277817.0569745,301334419.0828926,301334419.0828926,301334419.0828926,448915498.34194404,496372030.0429213,264359084.56740722,264359084.56740722,234604130.33526072,177598063.42083523,0.006463404931053348,-45243.834517373434,34.34722137451172,2025-07-09,0,0,0,0,0,0,0,1,0,0,0,-5.931251261950631,0
34.55803680419922,33.53975162506104,32.58837718963623,31.782770347595214,34.88943654341215,33.947743276310156,33.11297419787497,31.91876448706292,77.2965857058494,82.96541997045377,80.92209107667588,0.9218010610335625,0.5416851650187513,0.3801158960148112,21.657924708385444,199.1656724690594,-7.012624148884188,67.43949078934577,19.176764348087772,1.0540420820766683,2.8379067847651154,3.29152081949254,37.18593100387319,34.55803680419922,31.930142604525244,5.97645378112793,1.7207858942000636,0.5614175307445066,14.285714285714286,100.0,85.71428571428572,0.700388891362753,0.08135480576344656,1.072845798859051,1.0506328910180136,0.04492753623188406,0.013777777777777778,0.7785507246376812,0.016919550267438053,0.9152930902739875,0.8143111111111111,3.260869565217391,0.7231726283048211,-43563091.60544471,12438905.019601641,-7027173.614969758,-53309592.94114989,250070454.16030312,202172592.6237851,-47897861.53651801,202172592.6237851,12519677.130118534,16100574.029700825,739953304.4452639,677274146.6841543,12666305.434743535,13058157.866897825,12519677.130118534,12519677.130118534,12519677.130118534,12519677.130118534,13058157.866897825,12519677.130118534,0.02100074873439238,0.02046226799761309,17312155.68745423,16100574.029700825,23911550.350929037,15974399.242761465,23908544.713000555,23908544.713000555,908686243.3150549,630022462.0317714,278663781.28328353,278663781.28328353,278663781.28328353,415141724.01999503,459027904.06750727,244470254.49779847,244470254.49779847,216953888.84837666,164236624.717684,0.005977136178250139,-41839.95324775097,37.14153289794922,2025-07-10,0,0,0,0,0,0,0,1,0,0,0,-12.443030967202558,0
35.16463165283203,34.0976203918457,32.7788948059082,31.982172546386717,35.567212303762396,34.48865610324702,33.47581130516906,32.11499975519625,75.25175612036973,84.98306122848696,81.90985994496093,1.1093235465376594,0.6552128413225329,0.45411070521512653,23.66676415762733,170.9426621278331,-10.098136225853517,64.35979706483211,17.79822011652785,1.0270534448361515,2.781626667274797,0.6762011607094323,38.2549879925913,35.16463165283203,32.074275313072754,5.57868766784668,2.4926385258945793,0.817736087701256,7.142857142857143,92.85714285714286,85.71428571428572,-0.2352951076255074,-0.005890146593772072,1.0184631131325428,0.995709309641087,0.04492753623188406,0.013777777777777778,0.7785507246376812,0.016919550267438053,0.9152930902739875,0.8143111111111111,3.260869565217391,0.7231726283048211,-43821204.92637679,12512606.103823287,-7068809.941770298,-53625454.73067123,251552133.10023957,203370474.53162134,-48181658.56861824,203370474.53162134,12593856.792809151,16195970.671182523,744337561.7995138,681287027.1464822,12741353.876881493,13135528.052714922,12593856.792809151,12593856.792809151,12593856.792809151,12593856.792809151,13135528.052714922,12593856.792809151,0.02112517913632503,0.02058350787641926,17414731.005970504,16195970.671182523,24053227.386287604,16069048.292828627,24050203.939816188,24050203.939816188,914070251.0909868,633755374.0897509,280314877.00123596,280314877.00123596,280314877.00123596,417601457.82435334,461747665.50667363,245918751.99721956,245918751.99721956,218239350.61603472,165209734.27125984,0.0060125509849540465,-42087.85689467833,36.92276382446289,2025-07-11,0,0,0,0,0,0,0,1,0,0,0,-11.761746802201573,0
35.938288879394534,34.648528289794925,33.04274024963379,32.17906898498535,36.20800222309746,35.03427900479621,33.85807518674987,32.32576768878728,76.95295332891835,89.89641807235478,85.94829975709847,1.288817278651642,0.7819337287883548,0.5068835498632873,25.63796232142275,156.46672249437785,-2.2658211368321943,64.65319373238903,17.22636746932693,0.9970207669399487,2.659460874483114,0.6065959542893111,39.03262688416573,35.938288879394534,32.84395087462334,5.5090789794921875,3.422181256091059,1.1300313044816974,0.0,85.71428571428572,85.71428571428572,0.8196713110038311,0.015351457436919791,1.0164287797684817,1.0134408599393934,0.04492753623188406,0.013777777777777778,0.7785507246376812,0.016919550267438053,0.9152930902739875,0.8143111111111111,3.260869565217391,0.7231726283048211,-43158656.64584348,12323423.59108757,-6961934.106653368,-52814672.53323245,247748827.51952675,200295644.47072852,-47453183.04879825,200295644.47072852,12403445.822198529,15951098.068117678,733083659.2074885,670986407.8653849,12548712.845741956,12936927.362938251,12403445.822198529,12403445.822198529,12403445.822198529,12403445.822198529,12936927.362938251,12403445.822198529,0.020805780088849146,0.020272298548109424,17151431.534782052,15951098.068117678,23689558.14275959,15826094.674047325,23686580.408843644,23686580.408843644,900250099.9982804,624173402.6654744,276076697.332806,276076697.332806,276076697.332806,411287593.83328843,454766339.4035758,242200619.49583367,242200619.49583367,214939712.76403388,162711869.92561513,0.005921645102210911,-41451.51571547637,37.48958206176758,2025-07-14,0,0,0,0,0,0,0,1,0,0,0,-13.602666105258532,0
36.56477279663086,35.11491088867187,33.32026567459106,32.35236881256103,36.44625609021927,35.37763988109924,34.149950295103494,32.50604204704907,71.64893862864008,87.09320758991318,87.32422896358493,1.3695426250111993,0.8994555080329236,0.47008711697827565,27.35023944652779,117.65892472396412,-10.876089333625192,62.6307962539599,14.457469159474856,0.9719745369049848,2.6324533600082525,0.6463735464504552,38.82074688391378,36.56477279663086,34.30879870934795,4.663825988769531,4.243749650579458,1.4092012063050916,7.142857142857143,78.57142857142857,71.42857142857143,-0.4032265011167287,-0.015119353327833873,1.0167341145655029,0.993311931705287,0.04492753623188406,0.013777777777777778,0.7785507246376812,0.016919550267438053,0.9152930902739875,0.8143111111111111,3.260869565217391,0.7231726283048211,-43821204.92637679,12512606.103823287,-7068809.941770298,-53625454.73067123,251552133.10023957,203370474.53162134,-48181658.56861824,203370474.53162134,12593856.792809151,16195970.671182523,744337561.7995138,681287027.1464822,12741353.876881493,13135528.052714922,12593856.792809151,12593856.792809151,12593856.792809151,12593856.792809151,13135528.052714922,12593856.792809151,0.02112517913632503,0.02058350787641926,17414731.005970504,16195970.671182523,24053227.386287604,16069048.292828627,24050203.939816188,24050203.939816188,914070251.0909868,633755374.0897509,280314877.00123596,280314877.00123596,280314877.00123596,417601457.82435334,461747665.50667363,245918751.99721956,245918751.99721956,218239350.61603472,165209734.27125984,0.0060125509849540465,-42087.85689467833,36.92276382446289,2025-07-15,0,0,0,0,0,0,0,1,0,0,0,-12.113836013976947,0
37.13556823730469,35.512678146362305,33.588477802276614,32.50612369537353,36.69790358610647,35.70919600778681,34.44054536965372,32.690165832571886,72.64631611474022,86.61507826257484,87.86823464161422,1.4393929749956342,1.0074430014254658,0.4319499735701684,28.517289372436455,95.16678111559263,-6.842918463009413,66.32951096259015,11.97245763976822,0.9615024586334862,2.584600753173522,0.8253654411040046,37.555320681436115,37.13556823730469,36.71581579317326,3.977672576904297,5.055179570337923,1.686617826804131,0.0,71.42857142857143,71.42857142857143,0.024096994654809998,0.007541005184273253,1.022572695295743,1.0005349146319913,0.04492753623188406,0.013777777777777778,0.7785507246376812,0.016919550267438053,0.9152930902739875,0.8143111111111111,3.260869565217391,0.7231726283048211,-43493222.31144544,12418954.70203201,-7015902.981018083,-53224091.580137186,249669375.0486435,201848335.18952027,-47821039.85912326,201848335.18952027,12499597.265032217,16074750.891374765,738766519.6449041,676187890.7567428,12645990.397731928,13037214.351700269,12499597.265032217,12499597.265032217,12499597.265032217,12499597.265032217,13037214.351700269,12499597.265032217,0.020967066380054043,0.02042944929338599,17284389.33637788,16074750.891374765,23873199.465354178,15948778.471690783,23870198.648061525,23870198.648061525,907228833.7523383,629011991.4016212,278216842.35071707,278216842.35071707,278216842.35071707,414475892.96673495,458291685.5301812,244078157.34729576,244078157.34729576,216605924.21855828,163973211.43375596,0.005967549662015381,-41772.84763410767,37.20119857788086,2025-07-16,0,0,0,0,0,0,0,1,0,0,0,-14.841452651441935,0
36.96055145263672,35.75929412841797,33.84752397537231,32.63663551330566,36.5540853822741,35.810514729027275,34.614440951078066,32.83041223029885,64.44914618996758,57.939199964345875,77.21582860561126,1.403148774010269,1.0865841559424265,0.31656461806784253,28.915746159904423,68.570760550824,-22.923043388278206,59.73405256727364,7.296268411540918,1.010733339362481,2.78696527490218,1.650734788839415,37.77168324660189,36.96055145263672,36.149419658671555,2.4661598205566406,5.681519443991654,1.9023101757734295,0.0,100.0,100.0,-0.6987951530360176,-0.025126867923746632,1.0457300243058223,0.9691735366865295,0.04492753623188406,0.013777777777777778,0.7785507246376812,0.016919550267438053,0.9152930902739875,0.8143111111111111,3.260869565217391,0.7231726283048211,-44614238.38691192,12739047.054853713,-7196734.37514463,-54595915.94937305,256104478.4534227,207050875.1837587,-49053603.26966397,207050875.1837587,12821768.13962549,16489069.564507619,757807857.5942523,693616295.8113531,12971934.48218119,13373242.038104005,12821768.13962549,12821768.13962549,12821768.13962549,12821768.13962549,13373242.038104005,12821768.13962549,0.021507482040662114,0.020956008142183596,17729885.83608428,16489069.564507619,24488519.254305236,16359850.268643253,24485441.092446096,24485441.092446096,930612203.6824952,645224461.2198634,285387742.4626319,285387742.4626319,285387742.4626319,425158802.0320117,470103924.7580107,250369149.90924612,250369149.90924612,222188833.69699398,168199539.0359473,0.006121360273111524,-42849.52191178067,36.266448974609375,2025-07-17,0,0,0,0,0,0,0,1,0,0,0,-13.721906058589054,0
36.837242889404294,36.00093727111816,34.113530826568606,32.77268859863281,36.47146392428299,35.90064314344064,34.77556286128976,32.96671845688716,64.63201006249928,37.21989632564455,60.591391517521714,1.3619347186722166,1.1416542684883846,0.22028045018383202,29.113078028866415,43.86722936259909,-24.45197599874385,58.76889063829298,7.130263884362975,0.9797353014750103,2.698532852678363,0.5767608089378911,37.80600040320729,36.837242889404294,35.868485375601296,2.416431427001953,6.164173439946758,2.0694470283312683,0.0,92.85714285714286,92.85714285714286,-0.24138566063547892,0.0010966619235108777,1.0160309013671966,0.9961799945834423,0.04492753623188406,0.013777777777777778,0.7785507246376812,0.016919550267438053,0.9152930902739875,0.8143111111111111,3.260869565217391,0.7231726283048211,-44565365.24773737,12725091.931059742,-7188850.636377906,-54536108.275970325,255823926.0945517,206824059.11326322,-48999866.98128849,206824059.11326322,12807722.398144547,16471006.43890417,756977708.9638851,692856466.5060775,12957724.239392493,13358592.178709904,12807722.398144547,12807722.398144547,12807722.398144547,12807722.398144547,13358592.178709904,12807722.398144547,0.021483921442048918,0.02093305166148356,17710463.44517622,16471006.43890417,24461693.046956025,16341928.697683772,24458618.257101845,24458618.257101845,929592754.7040397,644517643.2614675,285075111.4425722,285075111.4425722,285075111.4425722,424693057.32686186,469588944.44293845,250094880.376672,250094880.376672,221945434.58978227,168015283.07243383,0.006114654564275461,-42802.58194992823,36.30622100830078,2025-07-18,0,0,0,0,0,0,0,1,0,0,0,-12.136271050526307,0
36.67018051147461,36.30423469543457,34.38550434112549,32.907001914978025,36.53239934022837,36.037666239564004,34.95448736708303,33.11132832807272,66.26723426685759,22.32752085080196,39.16220571359742,1.3418884864621319,1.181701112083134,0.16018737437899788,29.674992882890816,52.15275926906082,-19.0311431445466,48.696970782398,9.020991485792273,0.9644472909862437,2.6312003661713743,0.765703154632277,37.386558807940446,36.67018051147461,35.95380221500878,3.0329742431640625,6.440689839842652,2.1710534462561952,0.0,85.71428571428572,85.71428571428572,0.3611153791133937,0.00958648832492881,1.0196935825755153,1.0071038837997304,0.04492753623188406,0.013777777777777778,0.7785507246376812,0.016919550267438053,0.9152930902739875,0.8143111111111111,3.260869565217391,0.7231726283048211,-44142196.59543849,12604261.327004068,-7120589.191229571,-54018262.83001743,253394760.1844454,204860169.49020246,-48534590.69424293,204860169.49020246,12686107.179776821,16314606.652702235,749789857.2511965,686277475.4995396,12834684.684510292,13231746.198261846,12686107.179776821,12686107.179776821,12686107.179776821,12686107.179776821,13231746.198261846,12686107.179776821,0.02127992172091596,0.020734282702430933,17542294.44429354,16314606.652702235,24229418.014044568,16186754.564037142,24226372.42073509,24226372.42073509,920765843.693479,638397651.6274787,282368192.0660002,282368192.0660002,282368192.0660002,420660401.3010297,465129981.3075592,247720114.39220116,247720114.39220116,219837960.5476164,166419900.63793248,0.006056593105183773,-42396.15173628641,36.65427017211914,2025-07-21,0,0,0,0,0,0,0,1,0,0,0,-8.823725006626809,0
36.67813568115234,36.6214542388916,34.64852809906006,33.03185874938965,36.67577945110277,36.20582504561629,35.14573044382289,33.262356223946405,67.69202573079647,37.45315269975474,32.33352329206704,1.3354818716954284,1.2124572640055928,0.12302460768983559,30.295818162525983,56.3302413054288,-16.808514068856386,48.33686913187997,9.387875459926565,0.9360452224312846,2.5324158748723535,0.5668183312168154,37.40634249528114,36.67813568115234,35.949928867023544,3.1721954345703125,6.622475162869562,2.2444287813626786,0.0,78.57142857142857,78.57142857142857,0.561403273948952,0.008410193390425258,1.0154681063345097,1.0086838455379843,0.04492753623188406,0.013777777777777778,0.7785507246376812,0.016919550267438053,0.9152930902739875,0.8143111111111111,3.260869565217391,0.7231726283048211,-43774048.38305516,12499141.132862473,-7061203.107526203,-53567747.71226774,251281434.72300142,203151625.03606993,-48129809.686931476,203151625.03606993,12580304.386971971,16178541.98582632,743536570.8970982,680553885.7081288,12727642.747598743,13121392.747701947,12580304.386971971,12580304.386971971,12580304.386971971,12580304.386971971,13121392.747701947,12580304.386971971,0.021102446068469113,0.020561357707739134,17395990.797468767,16178541.98582632,24027343.409314074,16051756.190221423,24024323.216410987,24024323.216410987,913086608.7318366,633073382.0540733,280013226.6777632,280013226.6777632,280013226.6777632,417152071.7047759,461250773.1042691,245654115.77140966,245654115.77140966,218004500.5381078,165031950.02264306,0.0060060808041027475,-42042.56562871923,36.96253967285156,2025-07-22,0,0,0,0,0,0,0,1,0,0,0,-9.205369354150902,0
36.684102630615236,36.90983543395996,34.9259708404541,33.15991027832031,36.860864075800286,36.392226550994295,35.34433071823931,33.417990620073816,68.92321162659346,54.86893331821014,38.21653562292224,1.3366615745957091,1.237298126123616,0.09936344847209311,31.170967386619527,70.94477865998998,-11.063820426202751,44.58562782301627,8.396056028053556,0.917485217391134,2.4643023183840707,0.6762051518691763,37.42963838085288,36.684102630615236,35.93856688037759,2.8838119506835938,6.799958320577283,2.3199026156694416,14.285714285714286,71.42857142857143,57.142857142857146,-0.22000122070311953,0.007263939510654183,1.0133868814036617,0.9970705562560174,0.04492753623188406,0.013777777777777778,0.7785507246376812,0.016919550267438053,0.9152930902739875,0.8143111111111111,3.260869565217391,0.7231726283048211,-43458369.41638289,12409002.886507351,-7010280.851468438,-53181440.94217436,249469304.78329062,201686585.8761552,-47782718.90713545,201686585.8761552,12489580.827328827,16061869.537080944,738174515.8655444,675646033.7880788,12635856.649233414,13026767.099472003,12489580.827328827,12489580.827328827,12489580.827328827,12489580.827328827,13026767.099472003,12489580.827328827,0.02095026461358384,0.020413078341440665,17270538.649403088,16061869.537080944,23854068.895772208,15935998.064240875,23851070.483156987,23851070.483156987,906501834.2416084,628507938.4075152,277993895.8340933,277993895.8340933,277993895.8340933,414143756.508781,457924437.68844986,243882567.5530016,243882567.5530016,216432349.04648536,163841813.0036685,0.005962767620789246,-41739.37334552473,37.23103332519531,2025-07-23,0,0,0,0,0,0,0,1,0,0,0,-10.585342542724858,0
36.045684814453125,36.50311813354492,35.02143487930298,33.203048629760744,35.598696015133136,35.788978067867845,35.128143020673555,33.40451490531793,42.14594414495885,47.39476170143171,46.572282573132156,0.9907667481572275,1.1879918505303384,-0.19722510237311086,30.55679229144631,-123.78321719995036,-84.53243249837459,35.996259473818135,-10.95047157941874,1.2099412885195195,3.6582455182945917,5.01187021318853,39.08050948197648,36.045684814453125,33.01086014692977,-4.067173004150391,6.476535909865494,2.2126447971050567,100.0,64.28571428571429,-35.714285714285715,-0.7376626696550109,-0.11164539525642292,1.1188271078026335,0.9213296323371373,0.04492753623188406,0.013777777777777778,0.7785507246376812,0.016919550267438053,0.9152930902739875,0.8143111111111111,3.260869565217391,0.7231726283048211,-48920069.963420875,13968524.303523142,-7891309.184457879,-59865104.15795632,280821761.3227769,227033872.28388587,-53787889.038891055,227033872.28388587,14059229.006792773,18080470.851746403,830945786.6530876,760558936.9158542,14223888.278128242,14663927.02859031,14059229.006792773,14059229.006792773,14059229.006792773,14059229.006792773,14663927.02859031,14059229.006792773,0.023583222850104005,0.022978524828306465,19441041.400790866,18080470.851746403,26851967.41075898,17938780.278896388,26848592.167810712,26848592.167810712,1020427911.7833464,707496685.5031202,312931226.28022623,312931226.28022623,312931226.28022623,466191939.9048124,515474828.6813118,274532901.8960825,274532901.8960825,243632832.9822283,184432896.64824927,0.0067121480419526786,-46985.036293668745,33.07435989379883,2025-07-24,0,0,0,0,0,0,0,1,0,0,0,1.3473898373114024,1
35.38936920166016,36.11330604553223,35.10546321868897,33.24479713439941,34.7406783248674,35.286371681771136,34.92780968006997,33.389617965671576,41.936083083165684,33.80956792845825,45.35775431603332,0.7045097144017518,1.091295423304621,-0.38678570890286923,29.986486845928322,-159.4024395888558,-85.43164106436186,36.394975104636416,-10.557500242016783,1.1782099698416455,3.567669064060905,0.7657028270292798,39.22788609316673,35.38936920166016,31.55085231015359,-3.898120880126953,5.9226972191075555,2.0278484882452545,92.85714285714286,57.142857142857146,-35.714285714285715,-0.18181728106375736,-0.0015031870495009203,1.0236051650207452,0.9958021170598531,0.04492753623188406,0.013777777777777778,0.7785507246376812,0.016919550267438053,0.9152930902739875,0.8143111111111111,3.260869565217391,0.7231726283048211,-48993716.68384695,13989553.21874987,-7903189.156047004,-59955228.08035658,281244524.4496727,227375660.432019,-53868864.01765372,227375660.432019,14080394.473417077,18107690.096996587,832196734.0062828,761703920.3845303,14245301.63105628,14686002.837865124,14080394.473417077,14080394.473417077,14080394.473417077,14080394.473417077,14686002.837865124,14080394.473417077,0.023618726213473808,0.02301311784902576,19470308.91700469,18107690.096996587,26892391.705701098,17965786.216070484,26889011.381493255,26889011.381493255,1021964115.0060781,708561786.4042141,313402328.601864,313402328.601864,313402328.601864,466893768.5712213,516250850.2737371,274946197.45941305,274946197.45941305,243999610.03611785,184710551.15665412,0.0067222528453733145,-47055.7699176132,33.02464294433594,2025-07-25,0,0,0,0,0,0,0,1,0,0,0,4.255480863816203,1
34.526213836669925,35.59819717407227,35.1233627319336,33.27104297637939,33.93994999896759,34.75039380275238,34.681208124555496,33.348397392396926,39.046363541728006,12.540993960291873,31.24844119672723,0.4174700794699362,0.9565303545376841,-0.5390602750677479,29.737860282628098,-160.50231449387834,-93.1506606965458,38.75782529611737,-13.740053719757961,1.1714748687655165,3.622540036696261,1.0839185547758383,38.7594582663598,34.526213836669925,30.292969406980045,-5.151088714599609,4.594783464541605,1.5755794476240155,100.0,50.0,-50.0,-0.5106364846438505,-0.02077689676537897,1.029265332274751,0.985454559326172,0.04492753623188406,0.013777777777777778,0.7785507246376812,0.016919550267438053,0.9152930902739875,0.8143111111111111,3.260869565217391,0.7231726283048211,-50033252.40387848,14286379.858214993,-8070876.93288769,-61227342.249492824,287211896.37034816,232200057.04618263,-55011839.32416552,232200057.04618263,14379148.558593012,18491894.275351875,849854064.163036,777865552.6696929,14547554.672679244,14997606.561113141,14379148.558593012,14379148.558593012,14379148.558593012,14379148.558593012,14997606.561113141,14379148.558593012,0.024119862098285053,0.023501404095764924,19883424.781022165,18491894.275351875,27462987.35892642,18346979.515418865,27459535.31189375,27459535.31189375,1043647879.2527186,723595862.9485515,320052016.30416703,320052016.30416703,320052016.30416703,476800197.0428939,527204524.2482844,280779933.1441388,280779933.1441388,249176729.2153602,188629690.7686395,0.006864883827973438,-48054.186795814065,32.33849334716797,2025-07-28,0,0,0,0,0,0,0,1,0,0,0,7.240618580682483,1
33.31898994445801,34.998562812805176,35.056736850738524,33.25975330352783,32.935440069909056,34.05512587712322,34.32360927572088,33.253417895118304,33.87329392747706,7.330386024784637,17.89364930451154,0.07517997202077709,0.7802602780343026,-0.7050803060135256,30.03867192865994,-160.34170339966968,-99.85443623395648,33.25141190827869,-16.24023499751681,1.212100422941406,3.919303995226845,1.740232627227968,37.52720390611956,33.31898994445801,29.11077598279646,-5.996343612670898,3.17091839017586,1.0869756723061599,100.0,42.85714285714286,-57.142857142857146,-0.8857149396623908,-0.04366539653584811,1.0562881952850145,0.9525267665552596,0.04492753623188406,0.013777777777777778,0.7785507246376812,0.016919550267438053,0.9152930902739875,0.8143111111111111,3.260869565217391,0.7231726283048211,-52317726.68545291,14938683.392261583,-8439386.072251674,-64022928.823978215,300325738.8470251,242802107.34305677,-57523631.503968306,242802107.34305677,15035687.829873672,19336217.897342917,888657652.9643401,813382209.3773596,15211783.21895215,15682384.080620926,15035687.829873672,15035687.829873672,15035687.829873672,15035687.829873672,15682384.080620926,15035687.829873672,0.025221153779142934,0.02457445752839568,20791284.461524237,19336217.897342917,28716923.197640903,19184686.45697876,28713313.53317811,28713313.53317811,1091299923.1359923,756634613.374288,334665309.7617043,334665309.7617043,334665309.7617043,498570474.513596,551276218.9494972,293600097.8392536,293600097.8392536,260553919.42606893,197242356.4779127,0.0071783283832945275,-50248.298683061694,30.926420211791992,2025-07-29,0,0,0,0,0,0,0,1,0,0,0,9.162321698845671,1
31.980502319335937,34.332302474975585,34.92249031066895,33.224492111206054,32.13649177980103,33.415756663025356,33.963131744660316,33.14695425999935,32.595987268357575,3.8704971875795455,7.913959057551973,-0.2247903977182517,0.5792501428837917,-0.8040405406020434,30.61744664783111,-142.21025874791974,-96.53797114334746,29.831532325718275,-17.909647089320824,1.19015902137782,3.897229108279332,0.9049208010511975,34.098066362368144,31.980502319335937,29.862938276303726,-6.662603378295898,1.613784853749746,0.5524755869156266,100.0,35.714285714285715,-64.28571428571429,-0.7142875108467371,-0.012540249067014786,1.0298850517113833,0.9792729109302265,0.04492753623188406,0.013777777777777778,0.7785507246376812,0.016919550267438053,0.9152930902739875,0.8143111111111111,3.260869565217391,0.7231726283048211,-52982135.86530626,15128397.261910688,-8546562.089520972,-64835988.26533152,304139726.7719188,245885573.67897695,-58254153.092941806,245885573.67897695,15226633.60776725,19581778.274074875,899943164.3919728,823711760.00728,15404965.320945531,15881542.580144336,15226633.60776725,15226633.60776725,15226633.60776725,15226633.60776725,15881542.580144336,15226633.60776725,0.025541449922706357,0.02488654095032927,21055323.461923316,19581778.274074875,29081613.878953736,19428322.459576122,29077958.37354262,29077958.37354262,1105158890.8863328,766243497.6811907,338915393.205142,338915393.205142,338915393.205142,504902072.2541145,558277153.502847,297328673.45919704,297328673.45919704,263862824.97072798,199747236.57501125,0.007269489593385655,-50886.42715369959,30.53859519958496,2025-07-30,0,0,0,0,0,0,0,1,0,0,0,3.639343629534135,1
31.517103958129884,33.7813943862915,34.770344257354736,33.19518825531006,31.67678388245687,32.932413285705934,33.65782092019443,33.05324499834324,34.10547451957703,7.724563962624965,6.308482391663003,-0.43979623594679396,0.3754408671176746,-0.8152371030644685,31.19231264249239,-113.44984269820178,-92.62187707339253,31.009198350202322,-15.190571568497923,1.1704951771603178,3.80557651688603,0.9148652023327912,33.4830011263068,31.517103958129884,29.551206789952964,-5.50908088684082,0.21714610849150612,0.07426223999414816,100.0,28.571428571428573,-71.42857142857143,0.46739159730068985,0.00716381636921426,1.0302930540293382,1.014098370661501,0.04492753623188406,0.013777777777777778,0.7785507246376812,0.016919550267438053,0.9152930902739875,0.8143111111111111,3.260869565217391,0.7231726283048211,-52605281.290093176,15020791.072943786,-8485771.580169542,-64374818.884044796,301976423.128792,244136623.7375214,-57839799.391270556,244136623.7375214,15118328.677313551,19442495.804373126,893541993.6314157,817852812.6404783,15295391.941779464,15768579.373111984,15118328.677313551,15118328.677313551,15118328.677313551,15118328.677313551,15768579.373111984,15118328.677313551,0.02535977713613886,0.024709526440340426,20905559.869919598,19442495.804373126,28874760.397759132,19290131.49977375,28871130.893450394,28871130.893450394,1097298049.1598544,760793314.0841658,336504735.0756887,336504735.0756887,336504735.0756887,501310773.9258014,554306205.6333736,295213815.89248824,295213815.89248824,261986005.33718836,198326462.21852186,0.007217782723362599,-50524.47906353819,30.757368087768555,2025-07-31,0,0,0,0,0,0,0,1,0,0,0,4.690364504057152,1
30.8389102935791,33.11413974761963,34.5575385093689,33.14519023895264,30.99574746216526,32.33264261950159,33.27456889175516,32.91914419925456,30.346330847097768,11.797108742464543,7.7973899642229725,-0.6928755454119937,0.16177758461174094,-0.8546531300237347,32.18663661691482,-117.82397646072373,-94.66358309234886,29.71933344276603,-18.37852081931961,1.1998258879883665,4.04885962780512,1.5811251287530013,32.58380883102181,30.8389102935791,29.094011756136386,-6.67254638671875,-1.4571182207293387,-0.49746458347026845,100.0,21.42857142857143,-78.57142857142857,-0.49484720553563777,-0.036534122912596945,1.0330606444550048,0.9841479049306411,0.04492753623188406,0.013777777777777778,0.7785507246376812,0.016919550267438053,0.9152930902739875,0.8143111111111111,3.260869565217391,0.7231726283048211,-54600046.084788285,15590371.626188003,-8807547.607002314,-66815878.397948585,313427211.39401335,253394157.01525047,-60033054.37876289,253394157.01525047,15691607.805578833,20179745.091905683,927424639.3994045,848865364.1921195,15875385.216566322,16366515.668184375,15691607.805578833,15691607.805578833,15691607.805578833,15691607.805578833,16366515.668184375,15691607.805578833,0.02632140664161611,0.025646498779010568,21698287.782768153,20179745.091905683,29969676.232902735,20021603.212444436,29965909.09968603,29965909.09968603,1138907018.1468508,789642199.2484833,349264818.8983676,349264818.8983676,349264818.8983676,520320216.67574203,575325207.4780936,306408169.62291574,306408169.62291574,271920377.8437726,205846898.09469008,0.007491477274921508,-52440.34092445055,29.63367462158203,2025-08-01,0,0,0,0,0,0,0,1,0,0,0,8.828892845143525,1
30.28800239562988,32.4071081161499,34.355671405792236,33.10883098602295,30.525149593917465,31.832881026396187,32.92308174562818,32.78835242114347,30.187779251786175,14.207619265081739,11.243097323390371,-0.8872273668301318,-0.04802340567663361,-0.8392039611534982,33.10993745030707,-101.32624066311345,-95.24362760661995,33.26688374401836,-19.289202271650364,1.154611060864165,3.9028287646362116,0.5668183082495482,31.424490809786317,30.28800239562988,29.151513981473446,-7.070316314697266,-2.895704983072407,-0.9866421650617596,92.85714285714286,14.285714285714286,-78.57142857142857,-0.40350818487237855,-0.0016778467333222746,1.01925024258949,0.9923282339643701,0.04492753623188406,0.013777777777777778,0.7785507246376812,0.016919550267438053,0.9152930902739875,0.8143111111111111,3.260869565217391,0.7231726283048211,-54691810.56047666,15616573.843597168,-8822350.158395803,-66928173.61541644,313953978.0504989,253820028.12028384,-60133949.93021507,253820028.12028384,15717980.16725689,20213660.51617123,928983331.046712,850292023.8867679,15902066.446807172,16394022.324988369,15717980.16725689,15717980.16725689,15717980.16725689,15717980.16725689,16394022.324988369,15717980.16725689,0.026365644151527687,0.025689601993796208,21734755.371067055,20213660.51617123,30020045.267789483,20055252.852929678,30016271.803277675,30016271.803277675,1140821141.171871,790969324.5458306,349851816.62604046,349851816.62604046,349851816.62604046,521194701.5030838,576292137.3581994,306923139.6100915,306923139.6100915,272377385.35001296,206192858.10810113,0.0075040679508194185,-52528.47565573593,29.583953857421875,2025-08-04,0,0,0,0,0,0,0,1,0,0,0,5.090753935137666,1
30.05331954956055,31.686154747009276,34.15380449295044,33.086728744506836,30.267768389760082,31.45472192731421,32.62116976808696,32.66931922742982,31.498268604299717,17.59756968636869,14.534099231304944,-1.015900819679171,-0.2415988884771411,-0.77430193120203,33.99950293250089,-87.8602228066202,-93.27145845713108,31.65806469850413,-19.50497383355274,1.1211493779818522,3.7681885947289757,0.6861475005117832,31.04034378771881,30.05331954956055,29.066295311402286,-7.20953369140625,-4.257725838272142,-1.447070451883171,85.71428571428572,7.142857142857143,-78.57142857142857,0.10144903499023941,0.005714318134694807,1.0233581112161136,1.0023450483728527,0.04492753623188406,0.013777777777777778,0.7785507246376812,0.016919550267438053,0.9152930902739875,0.8143111111111111,3.260869565217391,0.7231726283048211,-54381059.883798756,15527842.809836231,-8772222.886076313,-66547897.756441,312170138.56657773,252377860.73389667,-59792277.832681075,252377860.73389667,15628672.957952052,20098809.524420056,923704986.8890241,845460791.951148,15811713.286831636,16300873.94539085,15628672.957952052,15628672.957952052,15628672.957952052,15628672.957952052,16300873.94539085,15628672.957952052,0.02621583851011312,0.02554363752267432,21611261.746157352,20098809.524420056,29849475.866534214,19941301.909797102,29845723.842282627,29845723.842282627,1134339166.3029716,786475155.3033936,347864010.99957794,347864010.99957794,347864010.99957794,518233351.26594126,573017731.7422032,305179248.29721427,305179248.29721427,270829777.83909166,205021301.16883337,0.007461430960570657,-52230.0167239946,29.753005981445312,2025-08-05,0,0,0,0,0,0,0,1,0,0,0,3.0484108615190677,1
29.85443572998047,30.917469024658203,33.91365222930908,33.0655912399292,30.02657096040158,31.107349959017913,32.32812275223911,32.54676459504765,30.73084830557796,19.8004699857246,17.201886312391633,-1.1217949304713883,-0.41763809687599057,-0.7041568335953978,34.81240152467922,-80.15270264991759,-95.65219425049595,30.98756214001322,-20.646370881972874,1.089367633895099,3.687250001982573,0.6762049607673077,30.7682111001648,29.85443572998047,28.940660359796137,-7.686857223510742,-5.7113945429913455,-1.9351643782395556,78.57142857142857,0.0,-78.57142857142857,-0.3235310617195291,-0.007018782569094828,1.023004070279475,0.9926494748259298,0.04492753623188406,0.013777777777777778,0.7785507246376812,0.016919550267438053,0.9152930902739875,0.8143111111111111,3.260869565217391,0.7231726283048211,-54765446.646107145,15637599.722188814,-8834228.41448329,-67018284.52366634,314376680.1291985,254161766.91323766,-60214913.215960816,254161766.91323766,15739142.577527702,20240875.830885086,930234097.7595565,851436842.0165792,15923476.70758623,16416094.946453623,15739142.577527702,15739142.577527702,15739142.577527702,15739142.577527702,16416094.946453623,15739142.577527702,0.026401142388110983,0.02572419001918506,21764018.66096841,20240875.830885086,30060463.7253486,20082254.890369747,30056685.180310965,30056685.180310965,1142357122.5624945,792034271.6433295,350322850.91916496,350322850.91916496,350322850.91916496,521896428.8234401,577068046.8909028,307336375.4923689,307336375.4923689,272744109.4402542,206470472.5224064,0.007514171295077741,-52599.19906554419,29.54417610168457,2025-08-06,0,0,0,0,0,0,0,1,0,0,0,1.8474844213787305,1
29.581964874267577,30.549534416198732,33.52632627487183,33.00765609741211,29.816051910002418,30.79601611359722,32.04877904337863,32.423166525014565,30.165510058937766,23.455815074446093,20.284618248846417,-1.2038754003728904,-0.5748855575753705,-0.6289898427975199,35.67052145605531,-76.1736039974071,-97.41482065634597,35.00570055886069,-11.124466494314756,1.061986824915109,3.612812811751706,0.7060363081752392,29.815736739862153,29.581964874267577,29.348193008673,-3.6793460845947266,-7.169176720498037,-2.4185410646291885,71.42857142857143,21.42857142857143,-50.0,-0.5211286145646455,-0.0050487883624537044,1.024182529622371,0.9876377936698711,0.04492753623188406,0.013777777777777778,0.7785507246376812,0.016919550267438053,0.9152930902739875,0.8143111111111111,3.260869565217391,0.7231726283048211,-55043348.86528869,15716951.282919267,-8879056.893597249,-67358362.64108257,315971955.66180557,255451487.410045,-60520468.25176056,255451487.410045,15819009.40813303,20343586.29260979,934954485.0832689,855757379.91739,16004278.924771078,16499396.909558106,15819009.40813303,15819009.40813303,15819009.40813303,15819009.40813303,16499396.909558106,15819009.40813303,0.026535112555577986,0.02585472505415291,21874458.17081621,20343586.29260979,30213002.782190103,20184160.444728993,30209205.063273396,30209205.063273396,1148153908.6548166,796053376.6673396,352100531.9874771,352100531.9874771,352100531.9874771,524544744.22366273,579996325.5898064,308895925.64698476,308895925.64698476,274128124.3241633,207518187.93464833,0.00755230126581835,-52866.10886072845,29.3950138092041,2025-08-07,0,0,0,0,0,0,0,1,0,0,0,3.0787038704267533,1
29.54616584777832,30.19253807067871,33.15292205810547,32.94636615753174,29.695594436380194,30.552136727331497,31.801721942974545,32.306755268705594,30.714577782245396,23.73332921095502,22.329871423708525,-1.249704427675841,-0.7098493315954646,-0.5398550960803763,36.467347106618824,-68.4660100687642,-96.70976107847522,34.61625612239049,-10.809998646215425,1.0223558880517314,3.470945553587924,0.507153708827822,29.791818327907936,29.54616584777832,29.3005133676487,-3.5699634552001918,-8.63745370319237,-2.89943171770145,64.28571428571429,14.285714285714286,-50.0,-0.6274501004162377,0.0020297891444760463,1.0172881433519267,0.9893119676313898,0.04492753623188406,0.013777777777777778,0.7785507246376812,0.016919550267438053,0.9152930902739875,0.8143111111111111,3.260869565217391,0.7231726283048211,-54931848.79491877,15685113.809179526,-8861070.788302718,-67221916.32505511,315331898.3975312,254934025.0933529,-60397873.3041783,254934025.0933529,15786965.19755082,20302376.74867826,933060568.8694391,854023891.4933138,15971859.417907512,16465974.453359459,15786965.19755082,15786965.19755082,15786965.19755082,15786965.19755082,16465974.453359459,15786965.19755082,0.02648136097653686,0.025802351720728225,21830147.574247696,20302376.74867826,30151800.98386665,20143273.84614189,30148010.9579035,30148010.9579035,1145828119.1770756,794440829.2961059,351387289.8809699,351387289.8809699,351387289.8809699,523482185.76566905,578821440.114073,308270202.1371214,308270202.1371214,273572829.1653,207097823.02163443,0.007537002739475876,-52759.01917633113,29.454679489135746,2025-08-08,0,0,0,0,0,0,0,1,0,0,0,,0
29.408935928344725,29.848469161987303,32.72333316802978,32.85772365570068,29.42966437767143,30.251349006044663,31.525158354144008,32.17307091543298,28.465076266624234,19.524972830422737,22.238039038607905,-1.315791810029971,-0.8310378272823659,-0.48475398274760517,37.48804390038008,-76.91267423965357,-99.09808438060195,28.652068187995756,-10.63960849992841,1.0168089273110381,3.5186373267451296,0.9446984376820247,29.974774058419563,29.408935928344725,28.843097798269888,-3.440689086914066,-9.154681809038559,-3.0554785850720556,100.0,7.142857142857143,-92.85714285714286,-0.5684215598485368,-0.018906171737066213,1.0327812552776232,0.9817567260618889,0.04492753623188406,0.013777777777777778,0.7785507246376812,0.016919550267438053,0.9152930902739875,0.8143111111111111,3.260869565217391,0.7231726283048211,-55990413.16178477,15987373.844712337,-9031828.081103723,-68517316.47733858,321408502.74824286,259846732.03451285,-61561770.71372998,259846732.03451285,16091187.960587094,20693613.764367916,951041115.5286345,870481361.6098243,16279645.185605066,16783282.066418797,16091187.960587094,16091187.960587094,16091187.960587094,16091187.960587094,16783282.066418797,16091187.960587094,0.026991670127436414,0.026299576021604713,22250825.50248925,20693613.764367916,30732841.360598132,20531444.86884233,30728978.29892761,30728978.29892761,1167908803.5909986,809750103.8230925,358158699.76790625,358158699.76790625,358158699.76790625,533569950.89095134,589975620.5162351,314210724.0475931,314210724.0475931,278844715.2395931,211088702.2786694,0.007682244574731902,-53775.71202312332,28.897804260253903,2025-08-11,0,0,0,0,0,0,0,1,0,0,0,,0
29.568042755126953,29.81068115234375,32.40462198257446,32.808621368408204,29.802622956899768,30.30538375319226,31.432147093307098,32.1093638252339,42.02068913862738,42.49119268159641,28.583164907658006,-1.2208922629199854,-0.9090087144098897,-0.3118835485100957,37.06846506274146,-29.000473669271617,-76.06600898092653,41.62862591743338,-1.2218682079844,1.0734541958381139,3.5139296077147044,1.8098426866900965,30.646543409472102,29.568042755126953,28.489542100781804,-0.3778800964355469,-9.452289636273873,-3.1436375715793723,92.85714285714286,0.0,-92.85714285714286,0.8645166530075824,0.05712322778007639,1.0528468885473046,1.0456092644950548,0.04492753623188406,0.013777777777777778,0.7785507246376812,0.016919550267438053,0.9152930902739875,0.8143111111111111,3.260869565217391,0.7231726283048211,-52964887.81101024,15123472.292142604,-8543779.801405236,-64814881.25203973,304040715.69138634,245805526.930084,-58235188.76130236,245805526.930084,15221676.657675996,19575403.529656444,899650192.6514181,823443604.9975047,15399950.315907616,15876372.42789862,15221676.657675996,15221676.657675996,15221676.657675996,15221676.657675996,15876372.42789862,15221676.657675996,0.025533135038682316,0.024878439268459694,21048469.012657344,19575403.529656444,29072146.513265137,19421997.671887018,29068492.197884485,29068492.197884485,1104799112.250677,765994051.1604695,338805061.0902077,338805061.0902077,338805061.0902077,504737704.0531316,558095409.3262755,297231879.6810711,297231879.6810711,263776925.82269502,199682209.91790017,0.007267123049471121,-50869.86134629785,30.548540115356445,2025-08-12,0,0,0,0,0,0,0,1,0,0,0,,0
29.818636322021483,29.836536026000978,32.08441925048828,32.769830284118655,30.13412994998559,30.394794695549525,31.371670602149965,32.0579042217407,43.74948007865016,63.21107108927441,41.74241220043114,-1.1127958199303905,-0.9497661355139899,-0.16302968441640053,36.32715416064199,18.446455207047965,-54.87529958463184,47.273686908596126,0.8466294368896898,1.050051322133426,3.4095737069326706,0.7458139639724841,31.2746827482038,29.818636322021483,28.362589895839164,0.2585487365722656,-9.525320416067764,-3.156960267287033,85.71428571428572,0.0,-85.71428571428572,0.4533335367838594,0.00813799349697275,1.02467105294116,1.0111002338199016,0.04492753623188406,0.013777777777777778,0.7785507246376812,0.016919550267438053,0.9152930902739875,0.8143111111111111,3.260869565217391,0.7231726283048211,-52537339.28555614,15001391.069176104,-8474811.837781304,-64291676.01075473,301586407.46863127,243821310.68927133,-57765096.77935993,243821310.68927133,15098802.69949543,19417384.976985518,892387945.3553395,816796520.227543,15275637.279068444,15748213.56829093,15098802.69949543,15098802.69949543,15098802.69949543,15098802.69949543,15748213.56829093,15098802.69949543,0.02532702388302459,0.024677613014229088,20878559.4317754,19417384.976985518,28837467.391166657,19265217.457500115,28833842.5745203,28833842.5745203,1095880841.09241,759810716.4907377,336070124.6016725,336070124.6016725,336070124.6016725,500663309.2978925,553590295.104726,294832534.43315804,294832534.43315804,261647639.03770787,198070314.9826282,0.007208460643630075,-50459.22450541053,30.797143936157227,2025-08-13,0,0,0,0,0,0,0,1,0,0,0,,0
30.045363998413087,29.813664436340332,31.797529411315917,32.73575443267822,30.265637363711097,30.41913242202454,31.291383134436835,31.997933553874873,42.28310809626053,87.51557873593957,64.40594750227008,-1.0368415856227067,-0.9671812255357333,-0.0696603600869734,35.77576220949216,16.006585211471943,-57.843120213998496,47.75344919311026,-0.7436133545425161,1.0283200934766525,3.3683769825067675,0.7458141209385971,31.519874981445128,30.045363998413087,28.570853015381047,-0.2287158966064453,-9.223068055401445,-3.04323955682608,78.57142857142857,0.0,-78.57142857142857,0.3000003178912373,-0.008718072869084992,1.019854414133113,1.0058977818635646,0.04492753623188406,0.013777777777777778,0.7785507246376812,0.016919550267438053,0.9152930902739875,0.8143111111111111,3.260869565217391,0.7231726283048211,-52999391.845684,15133324.494873922,-8549345.65619501,-64857104.9780311,304238783.35149133,245965657.21213916,-58273126.13935218,245965657.21213916,15231592.835749727,19588155.947910402,900236270.7632468,823980038.2436223,15409982.630552938,15886715.108255092,15231592.835749727,15231592.835749727,15231592.835749727,15231592.835749727,15886715.108255092,15231592.835749727,0.025549768627709222,0.024894646355203855,21062181.061047472,19588155.947910402,29091085.59522663,19434650.153725468,29087428.899238188,29087428.899238188,1105518834.8528028,766493058.8312767,339025776.0215262,339025776.0215262,339025776.0215262,505066515.9880108,558458981.197198,297425511.71743554,297425511.71743554,263948763.5924114,199812293.11413622,0.007271857224809547,-50903.00057366683,30.52865219116211,2025-08-14,0,0,0,0,0,0,0,1,0,0,0,,0
30.419265365600587,29.982715606689453,31.548427677154542,32.72411479949951,30.618487017498477,30.583687677124303,31.29450724783078,31.971512093921866,47.85956641810192,87.09678187681546,79.27447723400978,-0.9020560114728049,-0.9541561827231476,0.05210017125034272,34.07480396727157,113.02286980597326,-34.71504042857406,52.67922006896898,5.704698202564518,1.0308706307114153,3.2909733712261238,1.0640276147633294,32.045351584862956,30.419265365600587,28.793179146338215,1.6905117034912074,-8.40355074812132,-2.754029530745285,71.42857142857143,0.0,-71.42857142857143,0.6176459588536437,0.026058606483172264,1.0331707465939404,1.020408135524438,0.04492753623188406,0.013777777777777778,0.7785507246376812,0.016919550267438053,0.9152930902739875,0.8143111111111111,3.260869565217391,0.7231726283048211,-51653376.82546227,14748986.460669694,-8332219.623884828,-63209941.97429869,296512091.44307387,239718916.30556005,-56793175.137513824,239718916.30556005,14844759.100024693,19090679.444762938,877373149.1311369,803053580.9916583,15018618.364667132,15483243.362391347,14844759.100024693,14844759.100024693,14844759.100024693,14844759.100024693,15483243.362391347,14844759.100024693,0.024900886232299486,0.02426240196993283,20527269.03508791,19090679.444762938,28352265.076686665,18941072.206721168,28348701.249079414,28348701.249079414,1077442192.7437277,747026586.9689845,330415605.77474314,330415605.77474314,330415605.77474314,492239442.07157147,544275909.4544537,289871855.11446065,289871855.11446065,257245309.30752468,194737700.0218293,0.0070871753122698534,-49610.22718588897,31.32418632507324,2025-08-15,0,0,0,0,0,0,0,1,0,0,0,,0
30.866753768920898,30.137844848632813,31.272476482391358,32.70493923187256,30.790740103950807,30.683971058893604,31.279339536309323,31.938717355997692,46.70538943586727,83.57759572127884,86.06331877801125,-0.8012470781764627,-0.9235743618138106,0.1223272836373479,32.495342742352456,112.51222988752427,-16.48748394362068,56.58291933726477,5.243695372531865,0.991331332805278,3.1839521164866733,0.4773204600254921,31.50031570291781,30.866753768920898,30.233191834923986,1.5512924194335938,-7.680406607623151,-2.499942852900581,64.28571428571429,0.0,-64.28571428571429,-0.07500178814105124,-0.0060317623658920905,1.0128948940240958,0.9990427349553465,0.04492753623188406,0.013777777777777778,0.7785507246376812,0.016919550267438053,0.9152930902739875,0.8143111111111111,3.260869565217391,0.7231726283048211,-51966828.38519084,14838488.698367221,-8382782.576350314,-63593522.99300238,298311435.13081115,241173618.2598257,-57137816.87098547,241173618.2598257,14934842.521083891,19206528.66152294,882697369.9074163,807926803.4792802,15109756.827255554,15577201.339195028,14934842.521083891,14934842.521083891,14934842.521083891,14934842.521083891,15577201.339195028,14934842.521083891,0.025051993906334273,0.024409635088223136,20651836.002272993,19206528.66152294,28524316.97834945,19056013.55210871,28520731.5241344,28520731.5241344,1083980505.5625405,751559817.1900281,332420688.37251246,332420688.37251246,332420688.37251246,495226530.82277966,547578774.4988371,291630903.4224554,291630903.4224554,258806367.81697634,195919439.52389622,0.0071301828810336,-49911.2801672352,31.13524627685547,2025-08-18,0,0,0,0,0,0,0,1,0,0,0,,0
31.03978271484375,30.303912734985353,30.995033740997314,32.67116245269776,30.998388350957438,30.816646292725803,31.292134327610405,31.91812784576134,48.669949859278724,86.61906545193688,85.76448101667701,-0.690923075679521,-0.8770441045869527,0.18612102890743165,30.666771817409423,125.8363731724295,-6.451596477263906,59.04724476596904,5.581549859402535,0.956036903155973,3.0433771392120956,0.49720931771500787,31.703065156800758,31.03978271484375,30.37650027288674,1.6606788635253906,-6.553797064800802,-2.117920313126003,57.142857142857146,85.71428571428572,28.571428571428573,0.47999954223633046,0.00894287347655287,1.0160153751120078,1.0076554949983356,0.04492753623188406,0.013777777777777778,0.7785507246376812,0.016919550267438053,0.9152930902739875,0.8143111111111111,3.260869565217391,0.7231726283048211,-51506214.822774604,14706966.160767533,-8308480.883031009,-63029854.974718,295667319.6995862,239035950.00260475,-56631369.696981475,239035950.00260475,14802465.941032257,19036289.532768365,874873487.0051388,800765657.5197127,14975829.87547282,15439131.142797085,14802465.941032257,14802465.941032257,14802465.941032257,14802465.941032257,15439131.142797085,14802465.941032257,0.0248299428688283,0.024193277667063473,20468786.23673923,19036289.532768365,28271488.632515065,18887108.530185338,28267934.958358373,28267934.958358373,1074372527.9781477,744898286.064849,329474241.9132986,329474241.9132986,329474241.9132986,490837037.30059433,542725251.2444278,289046001.60123205,289046001.60123205,256512409.7910493,194182886.53827262,0.007066983739589593,-49468.886177127155,31.413684844970703,2025-08-19,0,0,0,0,0,0,0,1,0,0,0,,0
31.0815486907959,30.45009250640869,30.68378076553345,32.62745174407959,31.000916839277615,30.851069478760742,31.26488094554446,31.88235709949297,45.99625220050994,77.15673497031183,82.45113204784248,-0.629137080876383,-0.8274626998448388,0.1983256189684558,29.095980639735128,95.5173880170066,-21.146909824344313,60.77063250106248,4.947837127703991,0.9275252610034712,2.991440509206954,0.5568739130209472,31.70346635624593,31.0815486907959,30.459631025345868,1.4617977142333984,-5.521783828875246,-1.7718498034354973,50.0,78.57142857142857,28.571428571428573,-0.08928443704210512,-0.012978771228680297,1.0180064134750315,0.9983989997504507,0.04492753623188406,0.013777777777777778,0.7785507246376812,0.016919550267438053,0.9152930902739875,0.8143111111111111,3.260869565217391,0.7231726283048211,-52183492.43297576,14900354.452431893,-8417732.710140096,-63858661.93899383,299555177.8229165,242179137.62621447,-57376040.19670203,242179137.62621447,14997110.000824308,19286605.9795547,886377578.8229128,811295273.2703989,15172753.573006006,15642146.990107074,14997110.000824308,14997110.000824308,14997110.000824308,14997110.000824308,15642146.990107074,14997110.000824308,0.02515644258202787,0.024511405592745106,20737939.205440924,19286605.9795547,28643242.72711789,19135463.331114672,28639642.32415481,28639642.32415481,1088499919.4146676,754693277.4608362,333806641.9538314,333806641.9538314,333806641.9538314,497291266.8875484,549861781.5140939,292846793.13437575,292846793.13437575,259885402.9820264,196736281.7312436,0.007159910581038702,-50119.37406727091,31.00597381591797,2025-08-20,0,0,0,0,0,0,0,1,0,0,0,,0
31.155135345458984,30.600249671936034,30.574892044067383,32.56593132019043,30.966139714344255,30.859345112527432,31.229805185442846,31.843699388315894,45.277568502032565,64.3152109403429,76.03033712086383,-0.5822857331440865,-0.7784273065046883,0.19614157336060178,28.19998231372535,46.66901122937947,-25.089643737313224,58.71830697606571,5.108252933711044,0.9060224906750534,2.932435662564482,0.6264864764056206,31.539758647206764,31.155135345458984,30.770512043711204,1.5015716552734375,-4.5031466584356865,-1.4340663934365274,42.85714285714286,71.42857142857143,28.571428571428573,0.12499914850716097,-0.003527976643787012,1.0183306509746708,1.002258054671749,0.04492753623188406,0.013777777777777778,0.7785507246376812,0.016919550267438053,0.9152930902739875,0.8143111111111111,3.260869565217391,0.7231726283048211,-52368246.38309139,14953108.670573685,-8447535.417791627,-64084751.44531579,300615743.1434814,243036564.95094764,-57579178.19253374,243036564.95094764,15050206.778824164,19354889.57792871,889515769.6826334,814167637.6802621,15226472.211334866,15697527.50049402,15050206.778824164,15050206.778824164,15050206.778824164,15050206.778824164,15697527.50049402,15050206.778824164,0.025245508145124405,0.02459818742345455,20811361.201685887,19354889.57792871,28744653.192213774,19203211.813879736,28741040.04214163,28741040.04214163,1092353717.8178828,757365244.3537321,334988473.4641507,334988473.4641507,334988473.4641507,499051910.3713759,551808549.1874692,293883607.63811487,293883607.63811487,260805518.7607852,197432820.10930625,0.007185260010535407,-50296.820073747855,30.89658546447754,2025-08-21,0,0,0,0,0,0,0,1,0,0,0,,0
31.407717514038087,30.913491439819335,30.553014755249023,32.555425033569335,31.50645886555242,31.1734818498804,31.35907108854055,31.872852242419928,56.57102152153224,66.74940713461315,69.40711768175593,-0.4040874674554509,-0.7035593386948408,0.2994718712393899,26.91084145873831,152.96685350710757,-2.570655923114709,65.76472668527529,10.6347029849311,0.9691603158882228,2.9740615154910204,1.7899520436594258,32.63665738996519,31.407717514038087,30.17877763811099,3.1324176788330043,-3.2770764154019667,-1.0389761068882066,35.714285714285715,100.0,64.28571428571429,0.9393948501575027,0.05471516279476352,1.0528507256508641,1.049647699503509,0.04492753623188406,0.013777777777777778,0.7785507246376812,0.016919550267438053,0.9152930902739875,0.8143111111111111,3.260869565217391,0.7231726283048211,-49651553.54771524,14177390.444403239,-8009304.991318713,-60760244.76172817,285020784.51865214,230428625.21000847,-54592159.30864364,230428625.21000847,14269451.421314947,18350821.39773406,843370609.4881693,771931291.4046829,14436572.781402005,14883191.26739301,14269451.421314947,14269451.421314947,14269451.421314947,14269451.421314947,14883191.26739301,14269451.421314947,0.02393585399704443,0.023322114150966366,19731736.051409703,18350821.39773406,27253474.877564818,18207012.178525474,27250049.165865965,27250049.165865965,1035685990.2567301,718075619.9113328,317610370.34539723,317610370.34539723,317610370.34539723,473162734.3338821,523182531.7892442,278637890.11944026,278637890.11944026,247275783.9848513,187190653.053809,0.006812512291466491,-47687.586040265436,32.58709716796875,2025-08-22,0,0,0,0,0,0,0,1,0,0,0,,0
31.648366928100586,31.257560348510744,30.553014755249023,32.55794143676758,31.783803692757605,31.385302122114503,31.452349398886017,31.891112677900242,54.78057142013467,74.40884450718649,68.49115419404747,-0.2797001000714765,-0.6187874909701679,0.33908739089869144,25.713782093393206,149.67288863779953,-8.997372518908795,64.32291452131702,11.906403185263436,0.9262158371447319,2.8641279827152024,0.3679376134793486,33.03123608960751,31.648366928100586,30.265497766593658,3.440689086914066,-2.031840168199562,-0.6410812353476523,28.571428571428573,92.85714285714286,64.28571428571429,0.2702744499659855,-0.007628903535634501,1.0114127935681518,1.0030845865042075,0.04492753623188406,0.013777777777777778,0.7785507246376812,0.016919550267438053,0.9152930902739875,0.8143111111111111,3.260869565217391,0.7231726283048211,-50033252.40387848,14286379.858214993,-8070876.93288769,-61227342.249492824,287211896.37034816,232200057.04618263,-55011839.32416552,232200057.04618263,14379148.558593012,18491894.275351875,849854064.163036,777865552.6696929,14547554.672679244,14997606.561113141,14379148.558593012,14379148.558593012,14379148.558593012,14379148.558593012,14997606.561113141,14379148.558593012,0.024119862098285053,0.023501404095764924,19883424.781022165,18491894.275351875,27462987.35892642,18346979.515418865,27459535.31189375,27459535.31189375,1043647879.2527186,723595862.9485515,320052016.30416703,320052016.30416703,320052016.30416703,476800197.0428939,527204524.2482844,280779933.1441388,280779933.1441388,249176729.2153602,188629690.7686395,0.006864883827973438,-48054.186795814065,32.33849334716797,2025-08-25,0,0,0,0,0,0,0,1,0,0,0,,0
32.00834693908691,31.524064826965333,30.66737298965454,32.594768028259274,32.260397428472515,31.717717172621384,31.620086113268524,31.94297433366503,59.6246868235609,92.29583374511549,77.81802846230501,-0.10925027127535003,-0.5168800470312044,0.40762977575585435,25.231459184481526,160.7952677626471,-2.4281851347973507,67.70136171013378,8.72396773948032,0.9325078272939257,2.807609687735537,1.0143036992334444,33.82764624923224,32.00834693908691,30.189047628941587,2.6650447845458984,-0.6222427462598089,-0.19550506885235208,21.42857142857143,100.0,78.57142857142857,0.8529466763405664,0.027060368686317116,1.0313941702176774,1.0267446289341926,0.04492753623188406,0.013777777777777778,0.7785507246376812,0.016919550267438053,0.9152930902739875,0.8143111111111111,3.260869565217391,0.7231726283048211,-48715006.370924965,13909970.916790688,-7858230.323122012,-59614161.0719601,279644610.1193765,226082189.64108503,-53562420.47829142,226082189.64108503,14000295.403263357,18004680.970218252,827462620.5761007,757370819.0733112,14164264.454373404,14602458.646414468,14000295.403263357,14000295.403263357,14000295.403263357,14000295.403263357,14602458.646414468,14000295.403263357,0.02348436648289337,0.02288220323974226,19359548.267308254,18004680.970218252,26739409.090483673,17863584.337195244,26736047.995909378,26736047.995909378,1016150472.8175017,704530994.4868011,311619478.3307005,311619478.3307005,311619478.3307005,464237752.30734986,513314056.6241655,273382112.3906049,273382112.3906049,242611570.66558307,183659789.16108918,0.0066840119989773445,-46788.083992841406,33.213584899902344,2025-08-26,0,0,0,0,0,0,0,1,0,0,0,,0
32.40810279846191,31.744825744628905,30.79068088531494,32.61812397003174,32.50851598991267,31.951723707198035,31.75195916084228,31.984612717160246,58.02715869574422,88.87821895736477,85.19429906988887,0.008879113240247705,-0.411728214976914,0.4206073282171617,24.891878227103636,147.15636025713133,-9.656667538657729,65.31729903040289,7.168226966799707,0.909228409199951,2.754840813663063,0.6065959739782798,34.039387476081416,32.40810279846191,30.77681812084241,2.207609176635742,0.9561561080143696,0.29896322886149207,14.285714285714286,100.0,85.71428571428572,-0.29508217224904965,-0.006287541309941247,1.0184680785012292,0.9946059241553108,0.04492753623188406,0.013777777777777778,0.7785507246376812,0.016919550267438053,0.9152930902739875,0.8143111111111111,3.260869565217391,0.7231726283048211,-49023242.03033797,13997983.818304164,-7907951.897353652,-59991359.22130357,281414012.3472058,227512685.04685277,-53901327.30035305,227512685.04685277,14088879.817124322,18118602.431484614,832698245.1914575,762162950.1070157,14253886.35364918,14694853.142592035,14088879.817124322,14088879.817124322,14088879.817124322,14088879.817124322,14694853.142592035,14088879.817124322,0.0236329596932408,0.023026986367773086,19482042.413786966,18118602.431484614,26908598.01207721,17976613.03426099,26905215.650766447,26905215.650766447,1022579986.7267653,708988790.7972239,313591195.92954135,313591195.92954135,313591195.92954135,467175135.2693332,516561961.29495174,275111889.7623416,275111889.7623416,244146652.83094147,184821864.2676524,0.006726303912691612,-47084.12738884128,33.00475311279297,2025-08-27,0,0,0,0,0,0,0,1,0,0,0,,0
32.78797073364258,31.97155303955078,30.892608737945558,32.65233196258545,32.60431904006873,32.10521487686764,31.851384492226906,32.01642889061988,56.399823936223434,84.81600963948621,88.66335411398877,0.08467079717554427,-0.3124484125464223,0.39711920972196657,23.98072139704083,101.29958872553274,-14.163106026616447,64.14936081383573,7.42670503441063,0.9011073889273867,2.74761997129294,0.7955341253840515,33.40154087721678,32.78797073364258,32.17440059006838,2.26727294921875,2.1122117180871145,0.6568263983115195,7.142857142857143,92.85714285714286,85.71428571428572,-0.46249910592947385,-0.00632720904466233,1.0245775501017427,0.9889055787462218,0.04492753623188406,0.013777777777777778,0.7785507246376812,0.016919550267438053,0.9152930902739875,0.8143111111111111,3.260869565217391,0.7231726283048211,-49335397.40300828,14087115.945729189,-7958305.761548308,-60373354.0531251,283205915.3764777,228961371.50753352,-54244543.86894421,228961371.50753352,14178590.72459756,18233972.587762024,838000449.21315,767016020.8112938,14344647.93983661,14788422.583720036,14178590.72459756,14178590.72459756,14178590.72459756,14178590.72459756,14788422.583720036,14178590.72459756,0.023783442505776554,0.023173610646654078,19606094.270787593,18233972.587762024,27079938.443525985,18091079.073401917,27076534.54503792,27076534.54503792,1029091262.2691778,713503275.1732966,315587987.09588116,315587987.09588116,315587987.09588116,470149871.7904727,519851168.3089544,276863664.041604,276863664.041604,245701256.04044548,185998717.0323551,0.006769133636259481,-47383.93545381636,32.79592514038086,2025-08-28,0,0,0,0,0,0,0,1,0,0,0,,0
32.81382598876953,32.11077175140381,31.04674367904663,32.68693775177002,32.64167050791366,32.21633461627417,31.93376439235801,32.043877696619234,55.758317943196765,65.83619790958763,79.84347550214615,0.13674083245684798,-0.22261056354576825,0.35935139600261623,23.134647197696797,78.88441082842103,-17.1693542291052,68.19647040382047,4.444447827255793,0.8679956338747064,2.653092450393248,0.4375428181898613,33.40171639544396,32.81382598876953,32.2259355820951,1.392187118530277,2.6719909310589953,0.8305309002216035,0.0,85.71428571428572,85.71428571428572,-0.2727256964011686,-0.0024256579571036996,1.0134844809165187,0.9963658712834285,0.04492753623188406,0.013777777777777778,0.7785507246376812,0.016919550267438053,0.9152930902739875,0.8143111111111111,3.260869565217391,0.7231726283048211,-49455359.188545406,14121369.558163151,-7977656.828312948,-60520155.24927064,283894546.44203323,229518103.92261276,-54376442.519420445,229518103.92261276,14213066.763086287,18278309.51467871,840038094.3008611,768881063.2805066,14379527.755756756,14824381.46257387,14213066.763086287,14213066.763086287,14213066.763086287,14213066.763086287,14824381.46257387,14213066.763086287,0.023841273280015708,0.023229958580528128,19653767.58852577,18278309.51467871,27145784.832506783,18135068.5467249,27142372.657248653,27142372.657248653,1031593555.385295,715238198.4004712,316355356.9848238,316355356.9848238,316355356.9848238,471293067.56995153,521115215.5781895,277536873.56736237,277536873.56736237,246298692.42354688,186450983.3437126,0.006785593164312163,-47499.15215018514,32.716373443603516,2025-08-29,0,0,0,0,0,0,0,1,0,0,0,,0
32.760127258300784,32.204247093200685,31.171045970916747,32.704041748046876,32.45111357021718,32.18972826691963,31.946739183069077,32.044902088705705,50.711175163196806,46.68367241111008,65.7786266533946,0.12441556580930424,-0.15320533767475375,0.277620903484058,21.6836722378991,28.838006227953805,-40.64328576028172,62.63961962774246,3.00223550395875,0.893362689803153,2.7856647904718654,1.2231344168729592,33.532105278685094,32.760127258300784,31.988149237916474,0.93475341796875,3.207142141042708,0.9956935735849228,0.0,78.57142857142857,78.57142857142857,-0.056910342175368,-0.01975688869958392,1.0387890122279637,0.9978341678377112,0.04492753623188406,0.013777777777777778,0.7785507246376812,0.016919550267438053,0.9152930902739875,0.8143111111111111,3.260869565217391,0.7231726283048211,-50452136.432702534,14405987.040734591,-8138447.2243111,-61739944.46029111,289616466.7410019,234144062.0971343,-55472404.64386761,234144062.0971343,14499532.411128972,18646710.49861317,856969138.1829194,784377930.7568802,14669348.440184904,15123168.213758174,14499532.411128972,14499532.411128972,14499532.411128972,14499532.411128972,15123168.213758174,14499532.411128972,0.02432179630253892,0.023698160499909717,20049891.05452888,18646710.49861317,27692910.58469615,18500582.495975357,27689429.636736616,27689429.636736616,1052385416.9367802,729653889.0761676,322731527.86061263,322731527.86061263,322731527.86061263,480792022.03698415,531618339.9512642,283130654.3936582,283130654.3936582,251262864.87930593,190208919.80190694,0.006922357409184154,-48456.50186428908,32.06999969482422,2025-09-02,0,0,0,0,0,0,0,1,0,0,0,,0
32.58341064453125,32.29587879180908,31.299895763397217,32.716600494384764,32.41074299049635,32.21523255130782,31.983240387639135,32.056082470758604,52.57094124304269,36.28342313460116,49.60109781843291,0.13408208781255126,-0.09574785257729275,0.229829940389844,20.55971384763538,59.07550113746695,-32.998215777386086,50.68209008645837,2.9169356941284974,0.9209795533384189,2.8486838885785923,1.279998779296875,33.25760813635288,32.58341064453125,31.909213152709622,0.9163169860839844,3.478209454941129,1.0798381291902999,7.142857142857143,71.42857142857143,64.28571428571429,0.13821304626950381,0.008107332045669713,1.038293884904689,1.0052861313572505,0.04492753623188406,0.013777777777777778,0.7785507246376812,0.016919550267438053,0.9152930902739875,0.8143111111111111,3.260869565217391,0.7231726283048211,-50046393.70127796,14290132.194060825,-8072996.758982414,-61243423.688832104,287287332.9403397,232261044.686586,-55026288.25375369,232261044.686586,14382925.260256024,18496751.1949099,850077279.4142287,778069860.0467533,14551375.606422378,15001545.701557359,14382925.260256024,14382925.260256024,14382925.260256024,14382925.260256024,15001545.701557359,14382925.260256024,0.024126197210752043,0.023507576769450707,19888647.187837902,18496751.1949099,27470200.54749646,18351798.372930825,27466747.593779247,27466747.593779247,1043921994.6960018,723785916.3225613,320136078.37344056,320136078.37344056,320136078.37344056,476925429.22126377,527342995.1873225,280853680.3508058,280853680.3508058,249242175.80030763,188679234.596907,0.006866686898444812,-48066.80828911368,32.33000183105469,2025-09-03,0,0,0,0,0,0,0,1,0,0,0,,0
32.20646018981934,32.307281494140625,31.37868700027466,32.705356941223144,31.980495606742036,32.01609951274884,31.90102709731478,32.01937338716938,44.210506803653985,26.161818973152062,36.376304839621056,0.04360327706795886,-0.06787762664824243,0.11148090371620129,19.86756883505672,-39.7593583564714,-75.90066505112667,43.92621099808946,0.3677582390813061,0.9823382057174966,3.1566136864593197,1.7800006866455078,33.41369119625166,32.20646018981934,30.999229183387015,0.11402702331542969,3.449308039984783,1.0711222673073806,0.0,64.28571428571429,64.28571428571429,-0.7022458485715786,-0.037426567376776854,1.0576052009262185,0.9613840551777063,0.04492753623188406,0.013777777777777778,0.7785507246376812,0.016919550267438053,0.9152930902739875,0.8143111111111111,3.260869565217391,0.7231726283048211,-51992286.51562779,14845757.954400517,-8386889.233979513,-63624676.94743079,298457575.49885714,241291767.27184737,-57165808.22700978,241291767.27184737,14942158.980078442,19215937.78513314,883129796.235475,808322600.3094049,15117158.975359103,15584832.484597946,14942158.980078442,14942158.980078442,14942158.980078442,14942158.980078442,15584832.484597946,14942158.980078442,0.025064266676260615,0.024421593171741113,20661953.17030202,19215937.78513314,28538290.811366107,19065348.93957977,28534703.60066593,28534703.60066593,1084511538.876661,751928000.2878184,332583538.58884275,332583538.58884275,332583538.58884275,495469138.3093108,547847028.9276502,291773771.0518543,291773771.0518543,258933154.97090772,196015418.8784484,0.007133675900166482,-49935.731301165375,31.1200008392334,2025-09-04,0,0,0,0,0,0,0,1,0,0,0,,0
31.92527503967285,32.35662288665772,31.478436279296876,32.70985534667969,31.783663534377503,31.902263126730585,31.852357791822747,31.994692053933267,46.26407081766445,23.502052855098153,28.649098320950415,-0.006243237608433816,-0.0555507488402807,0.04930751123184689,19.224862751947963,-57.82078919973216,-67.11380903214327,39.63532305035118,1.5969852906179138,0.9743141081114893,3.1038997357635862,0.8700008392333949,33.10699319408261,31.92527503967285,30.743556885263086,0.493413925170902,3.3339840103338445,1.0364021643614123,28.571428571428573,57.142857142857146,28.571428571428573,0.1839076931846382,0.008676045730521054,1.0280735994081618,1.0051232740876517,0.04492753623188406,0.013777777777777778,0.7785507246376812,0.016919550267438053,0.9152930902739875,0.8143111111111111,3.260869565217391,0.7231726283048211,-51545079.05258424,14718063.363593275,-8314750.082029968,-63077414.41539975,295890416.71223885,239216315.5784024,-56674101.13383644,239216315.5784024,14813635.203616608,19050653.444651037,875533626.4537532,801369878.5956469,14987129.950538965,15450780.80377216,14813635.203616608,14813635.203616608,14813635.203616608,14813635.203616608,15450780.80377216,14813635.203616608,0.02484867840606657,0.024211532805911016,20484231.04500103,19050653.444651037,28292821.002502944,18901359.876918588,28289264.646906555,28289264.646906555,1075183200.2624958,745460352.1819971,329722848.0804987,329722848.0804987,329722848.0804987,491207400.43992364,543134766.8526012,289264102.4706211,289264102.4706211,256705962.30267233,194329408.0474437,0.007072316161726639,-49506.21313208647,31.38999938964844,2025-09-05,0,0,0,0,0,0,0,1,0,0,0,,0
31.72400016784668,32.2689130783081,31.59120225906372,32.71717380523682,31.759108717742553,31.867306028138234,31.838799819694167,31.98352762375834,48.67538788440842,20.680287996803184,23.448053275017756,-0.019698585558565185,-0.0483803161839376,0.028681730625372416,18.628064246204122,-46.938070446430395,-56.699711474150035,43.21259135293542,-2.691550213801275,0.9518630894901048,3.001775834034006,0.6599998474121058,32.601962093043575,31.72400016784668,30.846038242649783,-0.8770980834960938,3.400840680599088,1.0584312830215872,21.42857142857143,50.0,28.571428571428573,0.6666647400514442,0.010194319880418412,1.0211538407459297,1.0140709504402883,0.04492753623188406,0.013777777777777778,0.7785507246376812,0.016919550267438053,0.9152930902739875,0.8143111111111111,3.260869565217391,0.7231726283048211,-51024914.74975417,14569536.844490992,-8230842.24331634,-62440872.19067568,292904455.0035332,236802277.41403216,-56102177.58950103,236802277.41403216,14664144.226598077,18858404.833345484,866698227.4829999,793282898.9679024,14835888.16091647,15294860.107311973,14664144.226598077,14664144.226598077,14664144.226598077,14664144.226598077,15294860.107311973,14664144.226598077,0.024597919347841935,0.02396720346712804,20277515.564951748,18858404.833345484,28007305.570528354,18710617.853361156,28003785.103696972,28003785.103696972,1064333048.7046992,737937580.435258,326395468.26944107,326395468.26944107,326395468.26944107,486250408.23637795,537653752.5145605,286345009.8441087,286345009.8441087,254115428.3396286,192368343.61773822,0.007000946275924243,-49006.6239314697,31.709999084472656,2025-09-08,0,0,0,0,0,0,0,1,0,0,0,,0
31.50800018310547,32.134063720703125,31.695812034606934,32.697363739013674,31.502739068867758,31.70779579958913,31.757961719829787,31.944565747184217,43.90185786667601,21.99212190848023,22.058154253460476,-0.08745188219097955,-0.05619462938534599,-0.03125725280563356,18.60494175283714,-93.59442118935348,-80.13143097963506,41.13014258068142,-4.169933217274946,0.9603014184425412,3.098746129509546,1.0699996948242152,32.46686716879519,31.50800018310547,30.549133197415753,-1.3484935760498047,3.252785467272111,1.014049456669735,14.285714285714286,42.85714285714286,28.571428571428573,-0.596154128305761,-0.022705750051788987,1.0339425893030108,0.9803859276411921,0.04492753623188406,0.013777777777777778,0.7785507246376812,0.016919550267438053,0.9152930902739875,0.8143111111111111,3.260869565217391,0.7231726283048211,-52210390.83414037,14908034.960057387,-8422071.698214239,-63891578.40024594,299709585.9502446,242303970.81184182,-57405615.1384028,242303970.81184182,15004840.381875942,19296547.415831856,886834469.2797774,811713461.9485792,15180574.490950556,15650209.860666305,15004840.381875942,15004840.381875942,15004840.381875942,15004840.381875942,15650209.860666305,15004840.381875942,0.02516940967282416,0.024524040194033796,20748628.743110172,19296547.415831856,28658007.117111884,19145326.85969724,28654404.85829212,28654404.85829212,1089060995.4587376,755082290.1847248,333978705.27401286,333978705.27401286,333978705.27401286,497547599.6734304,550145212.194845,292997743.3708248,292997743.3708248,260019363.00463727,196837691.03106073,0.00716360121457303,-50145.208502011206,30.989999771118164,2025-09-09,0,0,0,0,0,0,0,1,0,0,0,,0
31.263999938964844,31.923705291748046,31.72388505935669,32.67438499450684,31.371826249362357,31.5991057651823,31.696251137974716,31.911837702602543,44.87222830961432,23.738163025459613,22.136857643580964,-0.1299656301870371,-0.07094882954568421,-0.059016800641352896,18.639098422640405,-98.13318085795947,-76.2261133589288,42.661015483164974,-6.3335056901881455,0.9524227729444831,3.0614681911242823,0.8500003814697266,31.781160436516366,31.263999938964844,30.74683944141332,-2.103584289550785,2.6646519026301543,0.8322639709863928,7.142857142857143,35.714285714285715,28.571428571428573,0.3529423644380575,0.0038722439535230357,1.0277959576059643,1.0097371356575582,0.04492753623188406,0.013777777777777778,0.7785507246376812,0.016919550267438053,0.9152930902739875,0.8143111111111111,3.260869565217391,0.7231726283048211,-52008999.30106802,14850530.084730176,-8389585.177737178,-63645128.9345579,298553513.9111989,241369329.88363397,-57184184.027564906,241369329.88363397,14946962.098267386,19222114.69841698,883413676.0143712,808582433.5094969,15122018.346841933,15589842.188515445,14946962.098267386,14946962.098267386,14946962.098267386,14946962.098267386,15589842.188515445,14946962.098267386,0.025072323519674325,0.024429443429426267,20668594.901475117,19222114.69841698,28547464.370813586,19071477.446470395,28543876.007013846,28543876.007013846,1084860152.2936006,752169705.5902297,332690446.70337087,332690446.70337087,332690446.70337087,495628405.5767416,548023132.9319584,291867560.97261906,291867560.97261906,259016388.36094323,196078427.5256582,0.007135969001753462,-49951.78301227423,31.11000061035156,2025-09-10,0,0,0,0,0,0,0,1,0,0,0,,0
31.383999633789063,31.7952299118042,31.770027828216552,32.644314460754394,31.487883937359737,31.621086410304517,31.698512868963267,31.904314628514385,49.64088926000828,42.40522516041808,29.378503364785928,-0.11313216720721897,-0.07938549707799117,-0.0337466701292278,18.113222947448886,-73.75687873961432,-60.30977691409448,47.98707078304943,-3.892632661265061,0.972963987099746,3.067351854229444,1.239999771118164,31.983678734785922,31.383999633789063,30.784320532792204,-1.2847537994384766,2.2519589303702743,0.7050692118131181,0.0,28.571428571428573,28.571428571428573,0.2983862904677158,0.01960780106188631,1.0405228678320235,1.0118021986405927,0.04492753623188406,0.013777777777777778,0.7785507246376812,0.016919550267438053,0.9152930902739875,0.8143111111111111,3.260869565217391,0.7231726283048211,-51008828.34252783,14564943.568756402,-8228247.340790954,-62421186.723241724,292812112.2653884,236727621.77011216,-56084490.49527627,236727621.77011216,14659521.124397678,18852459.424494218,866424987.2297233,793032804.0520937,14831210.913738472,15290038.162006179,14659521.124397678,14659521.124397678,14659521.124397678,14659521.124397678,15290038.162006179,14659521.124397678,0.02459016446673159,0.023959647429123085,20271122.75911335,18852459.424494218,27998475.82676632,18704719.036680683,27994956.4698175,27994956.4698175,1063997500.9643476,737704934.0019476,326292566.9623999,326292566.9623999,326292566.9623999,486097110.14427483,537484248.7093678,286254735.07426,286254735.07426,254035314.45246556,192307696.47059318,0.006998739117454375,-48991.17382218062,31.719999313354492,2025-09-11,0,0,0,0,0,0,0,1,0,0,0,,0
31.437999725341797,31.681637382507326,31.82659521102905,32.601508674621584,31.545255907377193,31.628161580687717,31.69484496214887,31.894733656706453,49.1901685906309,57.24911932906131,41.130835838312954,-0.1034405833271883,-0.0841965143278306,-0.01924406899935771,16.85823383867524,-16.954856741560754,-62.398718548548125,45.59378385043439,-3.46361716617688,0.9691807143744293,3.061215158071614,0.9199981689453125,32.07742374842914,31.437999725341797,30.798575702254453,-1.13592529296875,1.5744429285463144,0.4942259543981322,85.71428571428572,21.42857142857143,-64.28571428571429,-0.22826240193720665,-0.0018915342762041432,1.0291692499124943,0.9934107001477462,0.04492753623188406,0.013777777777777778,0.7785507246376812,0.016919550267438053,0.9152930902739875,0.8143111111111111,3.260869565217391,0.7231726283048211,-51105496.1401794,14592545.86944554,-8243840.84832313,-62539482.297623746,293367026.0506714,237176248.77417004,-56190777.276501335,237176248.77417004,14687302.660805576,18888187.07776717,868066965.6492896,794535695.5539017,14859317.822721161,15319014.603205815,14687302.660805576,14687302.660805576,14687302.660805576,14687302.660805576,15319014.603205815,14687302.660805576,0.024636765753609353,0.024005053811209112,20309538.94816771,18888187.07776717,28051536.269119542,18740166.70434373,28048010.24257065,28048010.24257065,1066013902.8004047,739102972.6082805,326910930.1921241,326910930.1921241,326910930.1921241,487018321.9934649,538502845.2990844,286797221.84970886,286797221.84970886,254516741.59305662,192672142.43207315,0.007012002560642662,-49084.017924498636,31.65999984741211,2025-09-12,0,0,0,0,0,0,0,1,0,0,0,,0
31.381999969482422,31.553000068664552,31.83188591003418,32.55231288909912,31.506837373310056,31.592132257867366,31.66962166148477,31.876508819391525,47.412996060553425,63.90734702255526,54.52056383734484,-0.11301619381806915,-0.08996045022587831,-0.02305574359219084,16.086395794891185,-54.27798919368782,-70.40638348583481,50.577252081660404,-3.931894042734241,0.9428106905955219,2.9997158175027545,0.6000003814697266,31.96267497510974,31.381999969482422,30.801324963855105,-1.2863731384277344,0.9047941727916838,0.2847278423798407,78.57142857142857,14.285714285714286,-64.28571428571429,-0.5499995231631449,-0.007264672878863787,1.019236946816162,0.9896095742654951,0.04492753623188406,0.013777777777777778,0.7785507246376812,0.016919550267438053,0.9152930902739875,0.8143111111111111,3.260869565217391,0.7231726283048211,-51479477.70568597,14699331.705826279,-8304167.911733028,-62997135.88211263,295513837.41063744,238911865.32261804,-56601972.08801937,238911865.32261804,14794781.911708267,19026407.705809772,874419336.0848997,800349976.3204763,14968055.852119371,15431116.617588194,14794781.911708267,14794781.911708267,14794781.911708267,14794781.911708267,15431116.617588194,14794781.911708267,0.024817053529317096,0.02418071882343717,20458160.794039607,19026407.705809772,28256812.770496503,18877304.143783137,28253260.941068694,28253260.941068694,1073814816.1723742,744511605.8795129,329303210.29286146,329303210.29286146,329303210.29286146,490582241.4981286,542443520.0273426,288895956.4694862,288895956.4694862,256379252.99902198,194082085.29337728,0.0070633152352671735,-49443.20664687021,31.43000030517578,2025-09-15,0,0,0,0,0,0,0,1,0,0,0,,0
31.497999954223634,31.50300006866455,31.853623580932616,32.511286964416506,31.527891480481443,31.588108155495885,31.660133855136145,31.864488853722218,48.62959689045222,51.773074109658616,57.64318015375835,-0.10806247643791167,-0.09358085546828498,-0.014481620969626685,15.877163026834726,-62.12968128793777,-65.53216420335723,54.33014073459517,-1.5590895065730082,0.9468956412672703,2.9993527095995196,1.0,31.93239984981451,31.497999954223634,31.06360005863276,-0.5,0.3207873854100323,0.10120891913389585,71.42857142857143,7.142857142857143,-64.28571428571429,0.05999946594238281,0.004454323521765335,1.0325626841358524,1.0019041404476852,0.04492753623188406,0.013777777777777778,0.7785507246376812,0.016919550267438053,0.9152930902739875,0.8143111111111111,3.260869565217391,0.7231726283048211,-51251188.33198041,14634146.48292642,-8267342.49360129,-62717770.64111323,294203360.46194935,237852393.81016123,-56350966.6517881,237852393.81016123,14729173.408140227,18942033.759285714,870541661.8836944,796800767.9177794,14901678.953045027,15362686.242898948,14729173.408140227,14729173.408140227,14729173.408140227,14729173.408140227,15362686.242898948,14729173.408140227,0.02470700055559006,0.02407348772083134,20367437.63749283,18942033.759285714,28131505.941876918,18793591.40751818,28127969.863287147,28127969.863287147,1069052908.6553391,741210016.6677018,327842891.98763734,327842891.98763734,327842891.98763734,488406719.9572348,540038015.9900705,287614826.9804587,287614826.9804587,255242321.12428808,193221414.60140944,0.0070319924658217865,-49223.9472607525,31.56999969482422,2025-09-16,0,0,0,0,0,0,0,1,0,0,0,,0
31.699999618530274,31.481999778747557,31.88893928527832,32.47788005828858,31.72526063094922,31.68481556938477,31.703930529112203,31.874508856787415,53.20942031328616,57.583047595915104,57.75448957604295,-0.05907529460602845,-0.08667974329583368,0.02760444868980523,14.894594341025286,42.60354439529446,-44.4043388416948,53.19968907524439,-0.6495604307952818,0.9556889241890975,2.975370348597389,1.0700016021728516,32.16320497435236,31.699999618530274,31.236794262708184,-0.21000289916992188,-0.22863965462996697,-0.07241952113616179,64.28571428571429,0.0,-64.28571428571429,0.35513887081564877,0.017421578789267977,1.0339037268783078,1.011972248377657,0.04492753623188406,0.013777777777777778,0.7785507246376812,0.016919550267438053,0.9152930902739875,0.8143111111111111,3.260869565217391,0.7231726283048211,-50373600.678854614,14383562.122145139,-8125778.601471604,-61643837.666336305,289165638.50754124,233779584.36187845,-55386054.14566277,233779584.36187845,14476961.87618504,18617684.30528743,855635146.7595559,783156937.6245908,14646513.563018814,15099626.903117731,14476961.87618504,14476961.87618504,14476961.87618504,14476961.87618504,15099626.903117731,14476961.87618504,0.024283936050374908,0.023661271023442218,20018680.61588598,18617684.30528743,27649802.725192264,18471783.77117041,27646327.195811436,27646327.195811436,1050747232.9489143,728518081.5112473,322229151.4376671,322229151.4376671,322229151.4376671,480043602.5137573,530790802.2087715,282689922.22744125,282689922.22744125,250871739.3511808,189912833.21447045,0.006911581798952859,-48381.07259267001,32.119998931884766,2025-09-17,0,0,0,0,0,0,0,1,0,0,0,,0
31.809999847412108,31.596999740600587,31.952140617370606,32.43633563995361,31.906840573220702,31.791212821817297,31.757841950888533,31.890018331335504,54.40337201757546,69.59544131290123,59.65052100615827,-0.008055867521125748,-0.0709549681408921,0.06289910061976635,13.982209132773663,55.36382614807354,-38.9891184670693,57.88394497843433,3.6953714251847014,0.9417112964777665,2.9182252343327906,0.7600021362304652,32.46250254885751,31.809999847412108,31.15749714596671,1.1499996185302734,-0.38425225621193,-0.1219628040607148,57.142857142857146,21.42857142857143,-35.714285714285715,0.09210460272047426,0.004670035207566592,1.0240202955401798,1.0021739035144615,0.04492753623188406,0.013777777777777778,0.7785507246376812,0.016919550267438053,0.9152930902739875,0.8143111111111111,3.260869565217391,0.7231726283048211,-50139447.6928411,14316702.616868101,-8088007.322516395,-61357296.929434724,287821501.95989376,232692900.32481077,-55128601.63508301,232692900.32481077,14409668.218276337,18531143.214041397,851657874.5008355,779516567.8080456,14578431.773366084,15029438.894331232,14409668.218276337,14409668.218276337,14409668.218276337,14409668.218276337,15029438.894331232,14409668.218276337,0.02417105636614095,0.023551285690086056,19925627.23516491,18531143.214041397,27521277.390819926,18385920.87336825,27517818.016837392,27517818.016837392,1045863015.8426373,725131690.9842285,320731324.85840875,320731324.85840875,320731324.85840875,477812202.7045222,528323512.8029962,281375886.9289229,281375886.9289229,249705605.38251767,189030056.19674334,0.006879454504209348,-48156.18152946543,32.27000045776367,2025-09-18,0,0,0,0,0,0,0,1,0,0,0,,0
31.981999969482423,31.70999984741211,32.03331136703491,32.343904991149905,32.11122720140169,31.92371966471664,31.830428475352832,31.91472351276406,56.40020524215578,81.61741861107718,69.59863583996446,0.051951442787803614,-0.046373685955152955,0.09832512874295657,13.528065403032146,111.9832839021178,-29.96384298587666,58.96600952051426,3.5998760436034782,0.9294462365696169,2.8580757179778122,0.7700004577636719,32.81428856172888,31.981999969482423,31.149711377235967,1.1300010681152308,-0.5420054803713787,-0.17239329753778065,50.0,14.285714285714286,-35.714285714285715,0.03895943047099098,0.007747133450686228,1.0240775631265011,1.0009233234148078,0.04492753623188406,0.013777777777777778,0.7785507246376812,0.016919550267438053,0.9152930902739875,0.8143111111111111,3.260869565217391,0.7231726283048211,-49753996.83961955,14206641.866442665,-8025830.145327999,-60885607.99903999,285608852.06822395,230904055.79029864,-54704796.27792533,230904055.79029864,14298892.78765333,18388683.627992887,845110689.2109172,773523974.3514398,14466358.959957762,14913898.929057775,14298892.78765333,14298892.78765333,14298892.78765333,14298892.78765333,14913898.929057775,14298892.78765333,0.02398523951477333,0.023370233373368885,19772447.446152885,18388683.627992887,27309705.458136808,18244577.69521203,27306272.67835733,27306272.67835733,1037822863.6199999,719557185.4431999,318265678.17679995,318265678.17679995,318265678.17679995,474138984.71575636,524261985.2402186,279212788.1976177,279212788.1976177,247785974.37185064,187576873.12835553,0.006826568169589332,-47785.977187125325,32.52000045776367,2025-09-19,0,0,0,0,0,0,0,1,0,0,0,,0
32.155999755859376,31.7689998626709,32.0189564704895,32.25144969940185,32.17415121328798,31.992134132415533,31.875149500277377,31.929832364697255,54.15270877177936,82.63888474968195,77.95058155788674,0.08082372308442842,-0.02093420414723668,0.1017579272316651,13.0143834338767,77.5137346478109,-37.90612947805412,55.7072417229704,1.8606123293040122,0.9066286918397558,2.806900041036234,0.6100006103515625,32.79532480775059,32.155999755859376,31.516674703968167,0.5900001525878906,-0.44608696288254057,-0.1421888302534029,42.85714285714286,7.142857142857143,-35.714285714285715,0.09259102276098843,-0.0067651050924448786,1.0169226235697126,1.001550363939862,0.04492753623188406,0.013777777777777778,0.7785507246376812,0.016919550267438053,0.9152930902739875,0.8143111111111111,3.260869565217391,0.7231726283048211,-50092880.440180644,14303405.910607822,-8080495.546901822,-61300311.0454621,287554186.3587131,232476785.676957,-55077400.681756094,232476785.676957,14396285.169767614,18513932.325851683,850866893.1628458,778792588.0548481,14564891.984895688,15015480.230832888,14396285.169767614,14396285.169767614,14396285.169767614,14396285.169767614,15015480.230832888,14396285.169767614,0.024148607381545676,0.023529412320480402,19907121.21324855,18513932.325851683,27495716.8723705,18368844.861124348,27492260.711298153,27492260.711298153,1044891665.5476494,724458221.4463702,320433444.10127914,320433444.10127914,320433444.10127914,477368432.32827276,527832829.8050926,281114557.72363424,281114557.72363424,249473690.1031988,188854493.62490848,0.006873065177824538,-48111.45624477177,32.29999923706055,2025-09-22,0,0,0,0,0,0,0,1,0,0,0,,0
32.50999984741211,32.003999900817874,32.0690318107605,32.16845806121826,32.56276752638795,32.23720068153778,32.014659086211715,31.985133062261593,61.88499066917246,87.6276333863613,83.96131224904009,0.18548642343770183,0.020349921369751025,0.1651365020679508,13.542079382151288,182.05749415871065,-2.4734875163017653,65.75934952313315,7.583092606731356,0.9254407973472956,2.7757672258902546,1.1699981689453125,33.37847031728095,32.50999984741211,31.641529377543275,2.3500003814697266,-0.17908010126017967,-0.0572200677333754,35.714285714285715,100.0,64.28571428571429,0.9316255200386034,0.03219817151989468,1.0362902638968148,1.0337984543438106,0.04492753623188406,0.013777777777777778,0.7785507246376812,0.016919550267438053,0.9152930902739875,0.8143111111111111,3.260869565217391,0.7231726283048211,-48530293.71910212,13857228.490868468,-7828434.2773088105,-59388122.103722006,278584281.8683687,225224953.97820634,-53359327.89016235,225224953.97820634,13947210.494055927,17936412.635366544,824325131.2002989,754499096.7268319,14110557.823842224,14547090.515305644,13947210.494055927,13947210.494055927,13947210.494055927,13947210.494055927,14547090.515305644,13947210.494055927,0.023395320828738974,0.022795440807489256,19286142.68317841,17936412.635366544,26638021.293802056,17795850.99833739,26634672.943487447,26634672.943487447,1012297535.8588978,701859624.8621691,310437910.99672866,310437910.99672866,310437910.99672866,462477502.38246953,511367724.1143215,272345529.64737165,272345529.64737165,241691660.56151107,182963406.48116377,0.0066586682358718615,-46610.67765110303,33.34000015258789,2025-09-23,0,0,0,0,0,0,0,1,0,0,0,,0
32.69800033569336,32.19899997711182,32.06135263442993,32.09120281219482,32.7285121420223,32.3868008073111,32.11421549450498,32.02728476073334,58.99994492722364,78.99642308391749,83.08764707332018,0.24303722424421892,0.0648873819446446,0.1781498422995743,14.46562005512953,172.82571738009003,-25.301197205390903,62.76161483025893,6.268083332311525,0.9257664764779017,2.8002614580222707,0.9300003051757812,33.55426255846382,32.69800033569336,31.841738112922897,1.9500007629394567,-0.058542351334937674,-0.018748919169105704,28.571428571428573,100.0,71.42857142857143,-0.3440855804490677,-0.008398283683725194,1.028207469540274,0.9904134306595369,0.04492753623188406,0.013777777777777778,0.7785507246376812,0.016919550267438053,0.9152930902739875,0.8143111111111111,3.260869565217391,0.7231726283048211,-48941316.78128643,13974591.071047176,-7894736.514163015,-59891104.59020218,280943726.9867666,227132476.9534486,-53811250.03331802,227132476.9534486,14065335.168911118,18088323.50754591,831306680.5315791,760889260.5891595,14230065.954566795,14670295.821337404,14065335.168911118,14065335.168911118,14065335.168911118,14065335.168911118,14670295.821337404,14065335.168911118,0.0235934654446251,0.022988504792198817,19449484.975505054,18088323.50754591,26863629.676600687,17946571.396071833,26860252.96772704,26860252.96772704,1020871100.9693553,707803963.3387531,313067137.6306023,313067137.6306023,313067137.6306023,466394414.98804414,515698708.1607864,274652136.20153326,274652136.20153326,243738646.86255008,184512998.99001682,0.00671506324193176,-47005.44269352232,33.060001373291016,2025-09-24,0,0,0,0,0,0,0,1,0,0,0,,0
32.630000305175784,32.22000007629394,32.00761499404907,31.985778846740722,32.46234152974013,32.30374617055922,32.096671190759345,32.023469684044805,49.05965098350942,57.033901037641364,74.55265250263999,0.19521469267039748,0.09095284408979519,0.10426184858060229,13.69696599792273,27.377796073248362,-59.33735753060518,54.10971388122042,0.6620460162900299,0.9596404085779734,3.0054506714878353,1.4000015258789062,33.649804746544326,32.630000305175784,31.610195863807242,0.21000099182128906,0.12396567067198168,0.03972617173806725,21.42857142857143,92.85714285714286,71.42857142857143,-0.7786883708132176,-0.03418030917046955,1.0385344670430516,0.9711070336959113,0.04492753623188406,0.013777777777777778,0.7785507246376812,0.016919550267438053,0.9152930902739875,0.8143111111111111,3.260869565217391,0.7231726283048211,-50673347.4643195,14469151.130108533,-8174130.833243133,-62010647.70046515,290886311.0312729,235170683.62767312,-55715627.40359975,235170683.62767312,14563106.656927422,18728468.34589806,860726581.18782,787817092.376364,14733667.25661264,15189476.835719999,14563106.656927422,14563106.656927422,14563106.656927422,14563106.656927422,15189476.835719999,14563106.656927422,0.024428436972910514,0.023802066794117935,20137801.248181358,18728468.34589806,27814332.148817398,18581699.63449155,27810835.93839043,27810835.93839043,1056999676.7124741,732853109.1873153,324146567.5251587,324146567.5251587,324146567.5251587,482900089.3401374,533949258.9117325,284372061.17183006,284372061.17183006,252364545.03552938,191042904.53173605,0.006952708984597608,-48668.96289218325,31.93000030517578,2025-09-25,0,0,0,0,0,0,0,1,0,0,0,,0
32.63199996948242,32.30699996948242,31.994318675994872,31.911049842834473,32.48489394625904,32.34488300851152,32.137940484905776,32.04333357013312,53.53596474578845,37.90822618275164,57.979516768103444,0.20338535455617546,0.11343934618307125,0.08994600837310421,12.983215801944988,47.88443676119902,-41.26512305552508,56.705962816105945,2.74794357573529,0.9389516771756404,2.8864178063640726,0.6699981689453125,33.65097267520358,32.63199996948242,31.613027263761257,0.8699989318847656,0.3097457218134325,0.0994430077381594,14.285714285714286,85.71428571428572,71.42857142857143,0.6500006357844945,0.01879105757552524,1.0187499523162842,1.0121343931877624,0.04492753623188406,0.013777777777777778,0.7785507246376812,0.016919550267438053,0.9152930902739875,0.8143111111111111,3.260869565217391,0.7231726283048211,-49738704.60240369,14202275.356186964,-8023363.350573154,-60866894.38365842,285521068.19970673,230833085.82166213,-54687982.378044605,230833085.82166213,14294497.92343493,18383031.738094814,844850938.5586283,773286226.3742057,14461912.623845741,14909315.03842138,14294497.92343493,14294497.92343493,14294497.92343493,14294497.92343493,14909315.03842138,14294497.92343493,0.023977867484471498,0.023363050369485047,19766370.24681432,18383031.738094814,27301311.630089037,18238970.09727537,27297879.90539832,27297879.90539832,1037503881.5396321,719336024.5341449,318167857.00548714,318167857.00548714,318167857.00548714,473993254.79880255,524100849.67019814,279126970.20384765,279126970.20384765,247709815.62804013,187519220.07086682,0.00682446997634958,-47771.28983444706,32.529998779296875,2025-09-26,0,0,0,0,0,0,0,1,0,0,0,,0
32.72399978637695,32.43999977111817,31.996499919891356,31.84012538909912,32.576595404683765,32.42035851997001,32.1971840883941,32.07143807018803,55.162492851668866,33.333276567047754,42.75846792914686,0.22581663029117038,0.13591480300469108,0.0899018272864793,12.790262394079848,85.66823029306,-34.33742934339555,55.188925644654574,4.231619482798421,0.9183123806544451,2.8031514887192066,0.6500015258789062,33.688041685471376,32.72399978637695,31.75995788728252,1.3299980163574219,0.3556640592200895,0.11443986648168192,7.142857142857143,78.57142857142857,71.42857142857143,0.0,0.007070382750297144,1.0200555855889895,1.0,0.04492753623188406,0.013777777777777778,0.7785507246376812,0.016919550267438053,0.9152930902739875,0.8143111111111111,3.260869565217391,0.7231726283048211,-49389501.91998288,14102564.82511254,-7967033.375225916,-60439563.5361966,283516498.04252225,229212465.95621225,-54304032.08630998,229212465.95621225,14194139.921379505,18253969.189214934,838919456.9016622,767857182.1984977,14360379.246136134,14804640.563159268,14194139.921379505,14194139.921379505,14194139.921379505,14194139.921379505,14804640.563159268,14194139.921379505,0.02380952502941078,0.02319902438763102,19627595.633219402,18253969.189214934,27109636.126453727,18110918.968210503,27106228.495021507,27106228.495021507,1030219833.0033511,714285750.8823235,315934082.1210277,315934082.1210277,315934082.1210277,470665469.78010875,520421272.08515954,277167291.36801267,277167291.36801267,245970708.57306677,186202695.74282792,0.0067765571237553765,-47435.89986628763,32.7599983215332,2025-09-29,0,0,0,0,0,0,0,1,0,0,0,,0
32.4379997253418,32.47399978637695,31.988499927520753,31.745239982604982,32.35439688559321,32.32756603405039,32.16983320830058,32.065107159490935,48.41693598475256,41.455980059754175,37.56582760318447,0.173011436646064,0.14333412973296566,0.029677306913098334,12.778868972328244,-47.63466682134865,-60.30306025312242,54.066862943093575,1.0769723024217637,1.0041471343137538,3.1468102134610003,2.1199989318847656,33.34833164455125,32.4379997253418,31.527667806132346,0.3400001525878906,0.5017531660209814,0.16131540445181258,0.0,71.42857142857143,71.42857142857143,-0.43396341847430026,-0.025946230698137396,1.0688982418051887,0.9719767915829866,0.04492753623188406,0.013777777777777778,0.7785507246376812,0.016919550267438053,0.9152930902739875,0.8143111111111111,3.260869565217391,0.7231726283048211,-50705108.3590406,14478220.062964622,-8179254.191415078,-62049514.55556266,291068631.91518486,235318083.23117173,-55750548.68401312,235318083.23117173,14572234.478957897,18740206.9213265,861266064.9144084,788310878.1036257,14742901.98212436,15198997.25224641,14572234.478957897,14572234.478957897,14572234.478957897,14572234.478957897,15198997.25224641,14572234.478957897,0.024443748158251958,0.023816985384963445,20150423.16122565,18740206.9213265,27831765.535781585,18593346.218649935,27828267.13400992,27828267.13400992,1057662179.9243636,733312444.7475587,324349735.17680484,324349735.17680484,324349735.17680484,483202760.0667781,534283926.08979183,284550299.07298434,284550299.07298434,252522721.3579414,191162645.85299608,0.00695706678350248,-48699.467484517365,31.90999984741211,2025-09-30,0,0,0,0,0,0,0,1,0,0,0,,0
32.28199920654297,32.489999771118164,31.98599977493286,31.65158916473389,32.32959751682777,32.31891744227703,32.18032516744309,32.07353428183627,51.21359640171056,50.489165407648876,41.75947401148355,0.1591837901896085,0.14650406182429423,0.012679728365314252,12.76828936641604,-2.4223651117796976,-50.78374629293026,53.32903457213165,0.49813154649043234,0.9852794655140688,3.0522909007852514,0.7399997711181641,32.946696246395334,32.28199920654297,31.617302166690607,0.15999984741210938,0.7291205149669843,0.23439840170053117,0.0,64.28571428571429,64.28571428571429,0.3918906728045508,0.011595077833094214,1.0232631179988056,1.0090653019772926,0.04492753623188406,0.013777777777777778,0.7785507246376812,0.016919550267438053,0.9152930902739875,0.8143111111111111,3.260869565217391,0.7231726283048211,-50123917.632788815,14312268.199226473,-8085502.164498072,-61338292.28239916,287732352.8883452,232620826.6406744,-55111526.24767076,232620826.6406744,14405205.005714955,18525403.426704396,851394084.2409981,779275122.4059348,14573916.28842705,15024783.71563818,14405205.005714955,14405205.005714955,14405205.005714955,14405205.005714955,15024783.71563818,14405205.005714955,0.024163569687005733,0.02354399097708251,19919455.524031647,18525403.426704396,27512753.02307632,18380226.066815346,27509294.720591143,27509294.720591143,1045539072.9954404,724907090.6101719,320631982.3852684,320631982.3852684,320631982.3852684,477664206.4153095,528159871.2740522,281288734.30514365,281288734.30514365,249628262.22806692,188971506.52658328,0.006877323680147786,-48141.2657610345,32.279998779296875,2025-10-01,0,0,0,0,0,0,0,1,0,0,0,,0
32.35799942016602,32.4939998626709,32.04549980163574,31.5531685256958,32.323065468982186,32.317296338825024,32.19267528228575,32.082807501109,51.44348800032507,56.536459890893006,49.4938684527653,0.14892947308292293,0.14698914407601998,0.001940329006902941,12.72315738244373,-1.7231063889850504,-49.84322682483498,50.753272890962364,0.12395697229599101,0.9677596235821208,2.9952323814573307,0.7400016784667969,32.923881687716644,32.35799942016602,31.79211715261539,0.04000091552734375,1.0301586118379604,0.3308184208014069,14.285714285714286,57.142857142857146,42.85714285714286,0.040543953976297384,0.0009294484240620626,1.0232412586344366,1.000929448424062,0.04492753623188406,0.013777777777777778,0.7785507246376812,0.016919550267438053,0.9152930902739875,0.8143111111111111,3.260869565217391,0.7231726283048211,-50077373.29709666,14298978.036624635,-8077994.085625605,-61281334.442677006,287465168.8401939,232404818.34851596,-55060350.49167798,232404818.34851596,14391828.543355962,18508201.00844487,850603492.165703,778551498.942192,14560383.163242236,15010831.921564821,14391828.543355962,14391828.543355962,14391828.543355962,14391828.543355962,15010831.921564821,14391828.543355962,0.024141131750145487,0.023522128371936627,19900958.609414805,18508201.00844487,27487205.08362947,18363158.45812564,27483749.992473323,27483749.992473323,1044568200.7274489,724233952.5043646,320334248.22308433,320334248.22308433,320334248.22308433,477220654.4301196,527669429.7541415,281027533.7068218,281027533.7068218,249396461.08034915,188796030.3537019,0.006870937498118331,-48096.56248682831,32.310001373291016,2025-10-02,0,0,0,0,0,0,0,1,0,0,0,,0
32.35599975585937,32.4939998626709,32.101999855041505,31.542081336975098,32.38871046524268,32.35415163317751,32.22384910852174,32.0999523229386,53.10903445826756,65.84196426065174,57.622529853064485,0.15595032569991218,0.1487813804007984,0.007168945299113771,11.951740320024488,88.53396810183014,-43.260188462642304,49.852916054466895,0.0,0.9829196722673822,3.0225081747584186,1.1800003051757812,32.91950236580302,32.35599975585937,31.79249714591573,0.0,1.1927083583215017,0.38279621417705556,7.142857142857143,50.0,42.85714285714286,-0.23469260651921744,0.0064995071354669864,1.0301446757161006,0.9929771132141579,0.04492753623188406,0.013777777777777778,0.7785507246376812,0.016919550267438053,0.9152930902739875,0.8143111111111111,3.260869565217391,0.7231726283048211,-49753996.83961955,14206641.866442665,-8025830.145327999,-60885607.99903999,285608852.06822395,230904055.79029864,-54704796.27792533,230904055.79029864,14298892.78765333,18388683.627992887,845110689.2109172,773523974.3514398,14466358.959957762,14913898.929057775,14298892.78765333,14298892.78765333,14298892.78765333,14298892.78765333,14913898.929057775,14298892.78765333,0.02398523951477333,0.023370233373368885,19772447.446152885,18388683.627992887,27309705.458136808,18244577.69521203,27306272.67835733,27306272.67835733,1037822863.6199999,719557185.4431999,318265678.17679995,318265678.17679995,318265678.17679995,474138984.71575636,524261985.2402186,279212788.1976177,279212788.1976177,247785974.37185064,187576873.12835553,0.006826568169589332,-47785.977187125325,32.52000045776367,2025-10-03,0,0,0,0,0,0,0,1,0,0,0,,0
32.32000045776367,32.52200012207031,32.1454999923706,31.533188514709472,32.45247425384668,32.39521530551881,32.25776841542964,32.11877779384511,53.598776261398775,66.04375536067265,62.80739317073907,0.1644602163523956,0.15191714759111785,0.012543068761277754,11.680951576982633,-14.98510263231929,-42.17249982023397,55.918637257811575,0.8668811164331824,0.9798538832989252,3.0075317011337477,0.9399986267089844,32.79108544421497,32.32000045776367,31.84891547131237,0.2800025939941406,1.2994116433963527,0.4169344046177059,0.0,42.85714285714286,42.85714285714286,0.042554227624130025,0.0018450606533337854,1.029587617663357,1.001229284400796,0.04492753623188406,0.013777777777777778,0.7785507246376812,0.016919550267438053,0.9152930902739875,0.8143111111111111,3.260869565217391,0.7231726283048211,-49662366.76075784,14180478.024394391,-8011049.273521506,-60773477.24740453,285082856.9060067,230478808.40947506,-54604048.49653164,230478808.40947506,14272559.050526822,18354817.875731267,843554280.3992014,772099404.1204349,14439716.806632562,14886432.558076363,14272559.050526822,14272559.050526822,14272559.050526822,14272559.050526822,14886432.558076363,14272559.050526822,0.02394106679443209,0.02332719328688255,19736033.267717734,18354817.875731267,27259410.192956697,18210977.337467913,27255983.735199608,27255983.735199608,1035911543.9898499,718232003.8329626,317679540.1568873,317679540.1568873,317679540.1568873,473265780.6453184,523296471.510606,278698572.4274915,278698572.4274915,247329636.19170997,187231419.80260992,0.006813995933799902,-47697.97153659931,32.58000183105469,2025-10-06,0,0,0,0,0,0,0,1,0,0,0,,0
32.41600036621094,32.42700004577637,32.21549997329712,31.534218635559082,32.431649299113936,32.39426695717874,32.270361841545714,32.129413934857006,51.75539035323631,55.64292287901308,62.509547500112426,0.15409642918614708,0.15235300391012369,0.0017434252760233915,11.374283958530981,-7.2275527038931955,-48.24286328885292,53.45952689037181,-2.8494323892968354,0.9577213322736672,2.95684269935413,0.6699981689453125,32.64944546629376,32.41600036621094,32.18255526612811,-0.9500007629394531,1.3052810332049996,0.418653830503807,64.28571428571429,35.714285714285715,-28.571428571428573,-0.26865790612402923,-0.005831873257451492,1.0208787212763937,0.9944734323959977,0.04492753623188406,0.013777777777777778,0.7785507246376812,0.016919550267438053,0.9152930902739875,0.8143111111111111,3.260869565217391,0.7231726283048211,-49953690.35163053,14263661.89273999,-8058042.757586879,-61129979.54031425,286755176.7527468,231830816.3475857,-54924360.405161135,231830816.3475857,14356283.073861679,18462488.770256527,848502640.2557861,776628603.705356,14524421.391324585,14973757.614672935,14356283.073861679,14356283.073861679,14356283.073861679,14356283.073861679,14973757.614672935,14356283.073861679,0.02408150709163895,0.023464032550827692,19851806.487081848,18462488.770256527,27419316.16966417,18317804.451383162,27415869.612019725,27415869.612019725,1041988287.6189929,722445212.7491684,319543074.86982447,319543074.86982447,319543074.86982447,476041997.23843706,526366172.31455433,280333441.52830976,280333441.52830976,248780492.49285465,188329734.9474328,0.006853967403004931,-47977.77182103452,32.38999938964844,2025-10-07,0,0,0,0,0,0,0,1,0,0,0,,0
32.45000076293945,32.36599998474121,32.28249998092652,31.564690246582032,32.43776645372244,32.40440037640796,32.28747031024988,32.141985967330825,52.313149526101775,47.37514520749999,56.353941149061846,0.14900700258981203,0.15168380364606135,-0.002676801056249317,11.089521169968732,-11.244840707283421,-46.32588716056213,53.222962007127414,-1.845131836093561,0.9314555337246831,2.870433010246586,0.5900001525878906,32.639737905084935,32.45000076293945,32.26026362079397,-0.6100006103515625,1.2980944284069387,0.41653853196363855,57.142857142857146,28.571428571428573,-28.571428571428573,-0.3559305595965474,0.0018524660210457178,1.0183743426151692,0.9935701443523033,0.04492753623188406,0.013777777777777778,0.7785507246376812,0.016919550267438053,0.9152930902739875,0.8143111111111111,3.260869565217391,0.7231726283048211,-49861323.94326129,14237287.800857054,-8043143.108276389,-61016947.71795881,286224954.7496977,231402151.72431955,-54822803.02537814,231402151.72431955,14329737.72164184,18428350.876434024,846933724.3094252,775192585.7804312,14497565.14450649,14946070.526873749,14329737.72164184,14329737.72164184,14329737.72164184,14329737.72164184,14946070.526873749,14329737.72164184,0.024036979404044378,0.02342064659881247,19815099.688205816,18428350.876434024,27368616.73711564,18283934.084760103,27365176.552296676,27365176.552296676,1040061608.8288434,721109382.1213313,318952226.70751196,318952226.70751196,318952226.70751196,475161776.1935388,525392899.81993926,279815093.57528585,279815093.57528585,248320487.22793537,187981505.59573168,0.00684129413807417,-47889.05896651919,32.45000076293945,2025-10-08,0,0,0,0,0,0,0,1,0,0,0,,0
32.32400054931641,32.34099998474121,32.28050003051758,31.58751834869385,32.18517773754022,32.27269127254757,32.22961602405235,32.12386888254043,45.10624061358654,28.29112523135902,43.769731105957305,0.08189693665894282,0.13772643024863765,-0.05582949358969483,10.888547062906927,-37.86865121716773,-70.92653236824368,42.46661895038336,-0.782962723490721,1.0263515833787655,3.2397461284464804,2.260000228881836,32.980610531314596,32.32400054931641,31.667390567318222,-0.25,0.9456410993200178,0.3032052700336152,50.0,21.42857142857143,-28.571428571428573,-0.8185833127266559,-0.023728827108166817,1.0718144352778167,0.9448255728758518,0.04492753623188406,0.013777777777777778,0.7785507246376812,0.016919550267438053,0.9152930902739875,0.8143111111111111,3.260869565217391,0.7231726283048211,-51073231.83124011,14583333.192851007,-8238636.284272972,-62499999.39793289,293181815.3575761,237026512.86822122,-56155302.48935485,237026512.86822122,14678030.161635755,18876262.444426194,867518931.0370654,794034083.2601019,14849936.725636331,15309343.286867399,14678030.161635755,14678030.161635755,14678030.161635755,14678030.161635755,15309343.286867399,14678030.161635755,0.02462121188403417,0.023989898758802523,20296716.976197395,18876262.444426194,28033826.560756158,18728335.520346135,28030302.760285053,28030302.760285053,1065340898.8284014,738636356.5210251,326704542.30737644,326704542.30737644,326704542.30737644,486710853.89733696,538162873.603716,286616158.855167,286616158.855167,254356058.1558299,192550503.19565183,0.007007575690071263,-49053.02983049884,31.68000030517578,2025-10-09,0,0,0,0,0,0,0,1,0,0,0,,0
32.07800064086914,32.21700019836426,32.26200008392334,31.598171005249025,31.88678546353593,32.09402029854389,32.14012887085949,32.09116817795168,41.95366373691893,19.147079334533757,31.604449924464202,-0.002726535670916519,0.10963583706472681,-0.11236237273564333,10.246804155849805,-160.3458023416817,-83.38657251395776,37.05582928473749,-3.8118595459607163,1.0651837275783431,3.404230413587993,1.5700016021728516,33.08480959568027,32.07800064086914,31.071191686058018,-1.2399978637695312,0.4651286793526582,0.14916676741380286,42.85714285714286,14.285714285714286,-28.571428571428573,-0.3566871939285632,-0.012310586675869484,1.0505473802050247,0.9824175993960682,0.04492753623188406,0.013777777777777778,0.7785507246376812,0.016919550267438053,0.9152930902739875,0.8143111111111111,3.260869565217391,0.7231726283048211,-51709809.928355865,14765100.239122627,-8341322.862361484,-63279001.02481126,296836041.1709328,239980817.5228827,-56855223.648050115,239980817.5228827,14860977.513402645,19111536.673150066,878331709.6792363,803930944.8379431,15035026.725312302,15500159.341936091,14860977.513402645,14860977.513402645,14860977.513402645,14860977.513402645,15500159.341936091,14860977.513402645,0.024928091312804435,0.02428890948427099,20549695.787350323,19111536.673150066,28383240.908097375,18961765.984019965,28379673.186885048,28379673.186885048,1078619335.650192,747842739.3841331,330776596.26605886,330776596.26605886,330776596.26605886,492777230.707861,544870549.7333369,290188550.15418494,290188550.15418494,257526358.71612582,194950457.70270136,0.0070949182967212625,-49664.42807704883,31.290000915527344,2025-10-10,0,0,0,0,0,0,0,1,0,0,0,,0
31.94200019836426,32.13100032806396,32.285500049591064,31.643497505187987,31.891190181867376,32.058743811268684,32.11725941825671,32.08367137169986,48.06755223596375,16.45568119048814,21.297961918793586,-0.020335040126603587,0.08364166162646072,-0.10397670175306431,9.650900027868193,-94.69707091460491,-63.89780271074976,36.81150467036861,-2.625148800565269,1.0626705169868098,3.3312555789797536,1.029998779296875,32.815741078286244,31.94200019836426,31.068259318442273,-0.8599987030029297,0.39592658018375754,0.12705131677481063,35.714285714285715,7.142857142857143,-28.571428571428573,0.2236842435482697,0.019495004319422193,1.0240811229956446,1.0053577081231173,0.04492753623188406,0.013777777777777778,0.7785507246376812,0.016919550267438053,0.9152930902739875,0.8143111111111111,3.260869565217391,0.7231726283048211,-50721003.74133315,14482758.79387881,-8181818.279658808,-62068966.25948061,291159878.08992726,235391852.34466663,-55768025.74526061,235391852.34466663,14576802.68215075,18746081.72887344,861536060.4592453,788558003.1602197,14747523.68732708,15203761.937297018,14576802.68215075,14576802.68215075,14576802.68215075,14576802.68215075,15203761.937297018,14576802.68215075,0.024451410950704484,0.023824451695558215,20156740.052952543,18746081.72887344,27840490.426968787,18599174.98730477,27836990.928494334,27836990.928494334,1057993743.0593287,733542328.5211345,324451414.5381941,324451414.5381941,324451414.5381941,483354237.75501597,534451417.04943687,284639501.83640605,284639501.83640605,252601883.89843172,191222572.819612,0.006959247732123584,-48714.734124865085,31.899999618530273,2025-10-13,0,0,0,0,0,0,0,1,0,0,0,,0
32.147999954223636,32.28200016021729,32.37799997329712,31.720218391418456,32.400792844226686,32.306244603573525,32.24132977546515,32.136076344140854,59.511447961646866,42.82147574488415,26.14141208996863,0.08735430701531754,0.08438419070423209,0.002970116311085458,10.351960730298805,132.71944555969924,-10.473022607243287,48.92154573120433,4.732053678325743,1.1446226937607011,3.424963364672811,2.210000991821289,33.624719056866375,32.147999954223636,30.671280851580896,1.5099983215332031,0.4212318988033225,0.13544873702220883,28.571428571428573,0.0,-28.571428571428573,0.8597270852877894,0.04764885794958107,1.0703373961316032,1.060279114327032,0.04492753623188406,0.013777777777777778,0.7785507246376812,0.016919550267438053,0.9152930902739875,0.8143111111111111,3.260869565217391,0.7231726283048211,-48414125.93204405,13824058.2080373,-7809695.22142367,-59245963.748731285,277917429.94859403,224685829.18647638,-53231600.762117654,224685829.18647638,13913824.819777802,17893477.94027339,822351930.1547384,752693039.4441088,14076781.142290726,14512268.898047816,13913824.819777802,13913824.819777802,13913824.819777802,13913824.819777802,14512268.898047816,13913824.819777802,0.02333931905253051,0.022740874974260493,19239977.11638092,17893477.94027339,26574257.41050026,17753252.768018454,26570917.075188577,26570917.075188577,1009874382.080647,700179571.5759152,309694810.5047317,309694810.5047317,309694810.5047317,461370462.1422665,510143654.5212726,271693611.5345859,271693611.5345859,241113119.13498825,182525443.87235397,0.006642729268797144,-46499.10488158001,33.41999816894531,2025-10-14,0,0,0,0,0,0,0,1,0,0,0,,0
32.37000007629395,32.4100004196167,32.45000009536743,31.79635829925537,32.78719568724813,32.534200379885796,32.36691754668666,32.19191654136243,60.37752433610449,69.50088017262446,42.9260123693322,0.18189915874650353,0.10388718431268637,0.07801197443381716,11.20708511832386,229.3128987891741,-10.289377235461222,47.43867240519166,3.9653117794263393,1.1078640062145964,3.3011441027421964,0.6300010681152344,34.24232427538449,32.37000007629395,30.497675877203406,1.2800025939941406,0.3201733229898953,0.1032694425338363,21.42857142857143,100.0,78.57142857142857,-0.30158461044740875,0.004189204428975524,1.0189474005448191,0.9943704110604745,0.04492753623188406,0.013777777777777778,0.7785507246376812,0.016919550267438053,0.9152930902739875,0.8143111111111111,3.260869565217391,0.7231726283048211,-48212155.35729083,13766387.99447983,-7777115.29558276,-58998805.690627836,276758033.9669451,223748500.97521436,-53009532.99173077,223748500.97521436,13855780.124314113,17818831.213634063,818921301.4118812,749553008.6604763,14018056.637339951,14451727.656542677,13855780.124314113,13855780.124314113,13855780.124314113,13855780.124314113,14451727.656542677,13855780.124314113,0.023241953756913996,0.022646006224685433,19159713.161148332,17818831.213634063,26463396.83128888,17679191.022685513,26460070.430948243,26460070.430948243,1005661460.6357018,697258612.7074199,308402847.9282819,308402847.9282819,308402847.9282819,459445749.97161144,508015473.84823936,270560179.63176805,270560179.63176805,240107260.73488843,181763997.32971203,0.00661501760773706,-46305.12325415942,33.560001373291016,2025-10-15,0,0,0,0,0,0,0,1,0,0,0,,0
32.692000198364255,32.50800037384033,32.50100011825562,31.871274795532226,32.954797430007865,32.67161865909335,32.45483024848101,32.234978673682626,57.80930052230667,83.8746518447533,65.39900258742058,0.23236133758897637,0.12958201496794436,0.10277932262103201,11.485800469990325,143.97442074273744,-23.170689157882006,45.993147874668715,3.0331151364371145,1.115159368947315,3.3498327974727538,1.2099990844726562,34.53240859871608,32.692000198364255,30.851591798012425,0.9799995422363281,0.4156813843109398,0.1344233659597549,14.285714285714286,100.0,85.71428571428572,-0.31404755449346455,-0.008045305325242169,1.036845282547214,0.9887140696738009,0.04492753623188406,0.013777777777777778,0.7785507246376812,0.016919550267438053,0.9152930902739875,0.8143111111111111,3.260869565217391,0.7231726283048211,-48603182.802717246,13878041.072222106,-7840192.034307294,-59477318.88095188,279002695.84155613,225563225.99851903,-53439469.84303707,225563225.99851903,13968158.22204173,17963351.864045065,825563209.4975761,755632301.2375478,14131750.888014289,14568939.220839225,13968158.22204173,13968158.22204173,13968158.22204173,13968158.22204173,14568939.220839225,13968158.22204173,0.023430458953102258,0.022829677954304763,19315109.111339424,17963351.864045065,26678029.725909714,17822579.11333558,26674676.346608724,26674676.346608724,1013817935.4707707,702913768.5930678,310904166.877703,310904166.877703,310904166.877703,463172111.0229278,512135762.4249236,272754573.45406216,272754573.45406216,242054664.41551024,183238204.6332356,0.006668669086652181,-46680.68360656527,33.290000915527344,2025-10-16,0,0,0,0,0,0,0,1,0,0,0,,0
33.138000106811525,32.60800037384033,32.551000118255615,31.953774528503416,33.1431984392598,32.82586989521523,32.55627503031745,32.28537168482306,59.393817453726406,81.02748075243089,78.13433758993618,0.28759678207314465,0.1611849683889844,0.12641181368416024,11.744607582252042,131.09765998581594,-16.158505382446805,45.985908894678076,3.0750307070222194,1.0790766004761898,3.2192022247608936,0.6100006103515625,34.38996870032212,33.138000106811525,31.886031513300928,1.0,0.5200247644972077,0.1685260259188155,7.142857142857143,92.85714285714286,85.71428571428572,0.475410861245216,0.006908967735385296,1.0183790489783473,1.0087270815384377,0.04492753623188406,0.013777777777777778,0.7785507246376812,0.016919550267438053,0.9152930902739875,0.8143111111111111,3.260869565217391,0.7231726283048211,-48269689.07827834,13782816.040892826,-7786396.075049843,-59069211.603826396,277088301.705222,224015510.0672386,-53072791.63798341,224015510.0672386,13872314.84635317,17840095.22176171,819898556.8222024,750447483.7849762,14034785.011198845,14468973.549422123,13872314.84635317,13872314.84635317,13872314.84635317,13872314.84635317,14468973.549422123,13872314.84635317,0.023269689419689186,0.022673030716620232,19182577.303666856,17840095.22176171,26494976.786144454,17700288.39192873,26491646.416261535,26491646.416261535,1006861561.428859,698090682.5906756,308770878.83818346,308770878.83818346,308770878.83818346,459994027.1310097,508621711.4311294,270883051.1933049,270883051.1933049,240393791.46648136,181980904.4360308,0.006622911604065384,-46360.381228457685,33.52000045776367,2025-10-17,0,0,0,0,0,0,0,1,0,0,0,,0
33.64400024414063,32.79300022125244,32.657500171661376,32.053280944824216,33.57213239456512,33.11752996975351,32.73472505649443,32.36947476797415,64.9953284943763,82.34846291021435,82.4168651691328,0.40018753943039087,0.2089854825972657,0.19120205683312516,12.753489331562557,172.931260271021,-6.64814265916196,54.559173818948956,5.678325261350081,1.0841423940980077,3.1488306258743513,1.1499977111816406,34.45182215898248,33.64400024414063,32.836178329298775,1.8499984741210938,0.7340076673522586,0.23865412443112177,0.0,100.0,100.0,0.6074782348285525,0.027147966437492732,1.031845230458815,1.019242200987801,0.04492753623188406,0.013777777777777778,0.7785507246376812,0.016919550267438053,0.9152930902739875,0.8143111111111111,3.260869565217391,0.7231726283048211,-46993900.25148416,13418530.232500423,-7580598.248230758,-57507986.7107161,269764737.66117734,218094682.9347309,-51670054.726446435,218094682.9347309,13505663.545698477,17368573.764145568,798228282.207379,730612831.1656886,13663839.55359068,14086552.300352175,13505663.545698477,13505663.545698477,13505663.545698477,13505663.545698477,14086552.300352175,13505663.545698477,0.022654661431494222,0.022073772676840523,18675573.46211639,17368573.764145568,25794703.05338604,17232462.089487944,25791460.706624188,25791460.706624188,980249773.4781153,679639842.9448266,300609930.5332887,300609930.5332887,300609930.5332887,447836185.40026844,495178618.90454483,263723494.61277887,263723494.61277887,234040079.2499749,177171070.16937786,0.006447865176656047,-45135.05623659233,34.43000030517578,2025-10-20,0,0,0,0,0,0,0,1,0,0,0,,0
33.896000671386716,33.022000312805176,32.72450017929077,32.16892486572266,33.94142169810201,33.401615485284836,32.919989365892654,32.46008361257029,66.36794680315697,86.14824493511317,83.17472953258608,0.5037821494461099,0.26794481596703457,0.23583733347907532,13.935904104913547,161.97151805522932,-7.653041612799477,60.13543285321177,7.070086318863011,1.072417806587101,3.092323521193998,0.9199981689453125,34.99920271189886,33.896000671386716,32.79279863087457,2.2900009155273438,0.8997073899612393,0.29365411171546185,50.0,100.0,50.0,0.6086983563597764,0.007261109433171153,1.0270111019333883,1.0164127019584313,0.04492753623188406,0.013777777777777778,0.7785507246376812,0.016919550267438053,0.9152930902739875,0.8143111111111111,3.260869565217391,0.7231726283048211,-46655132.2307377,13321799.190729802,-7525951.490866836,-57093425.103127725,267820066.84739915,216522489.44413438,-51297577.40326475,216522489.44413438,13408304.380279996,17243367.783671908,792474041.4693228,725346014.3783727,13565340.13437678,13985005.643947951,13408304.380279996,13408304.380279996,13408304.380279996,13408304.380279996,13985005.643947951,13408304.380279996,0.022491349283050317,0.02191464801938236,18540945.62692481,17243367.783671908,25608755.080300696,17108237.30619897,25605536.10685728,25605536.10685728,973183382.4396771,674740478.4915094,298442903.9481676,298442903.9481676,298442903.9481676,444607839.22481126,491608992.21374977,261822373.70525238,261822373.70525238,232352939.13181978,175893885.41872683,0.00640138402671432,-44809.68818700024,34.68000030517578,2025-10-21,0,0,0,0,0,0,0,1,0,0,0,,0
33.93600006103516,33.153000068664554,32.75950002670288,32.23315402984619,33.88094723924574,33.466776000966355,32.9999902188108,32.5110606599806,57.441422248839245,73.86245565991295,80.7863878350801,0.5058144389462456,0.31551874056287676,0.1902956983833688,14.182687662862191,87.14856513628416,-31.122479514248916,56.01065641971442,4.036972350675172,1.0901022271754666,3.228975951933518,1.3199996948242188,35.00142759314395,33.93600006103516,32.87057252892637,1.30999755859375,0.9404874623687675,0.3077564361767884,42.85714285714286,92.85714285714286,50.0,-0.4545472935872612,-0.026528315327185137,1.0394854825837334,0.9825377683888167,0.04492753623188406,0.013777777777777778,0.7785507246376812,0.016919550267438053,0.9152930902739875,0.8143111111111111,3.260869565217391,0.7231726283048211,-47926542.667153746,13684834.803600144,-7731043.0383974835,-58649292.015429184,275118497.0905587,222422996.8403322,-52695500.25022653,222422996.8403322,13773697.367259884,17713271.022841744,814069945.686889,745112596.2869298,13935012.541156868,14366114.458324825,13773697.367259884,13773697.367259884,13773697.367259884,13773697.367259884,14366114.458324825,13773697.367259884,0.02310426655153271,0.02251184946046777,19046209.477737863,17713271.022841744,26306625.53776059,17574458.071627498,26303318.843283392,26303318.843283392,999703841.1720884,693127996.5459813,306575844.6261071,306575844.6261071,306575844.6261071,456723956.3565165,505005949.27830917,268957359.3434833,268957359.3434833,238684845.99006483,180687212.7748071,0.006575829710820848,-46030.807975745935,33.7599983215332,2025-10-22,0,0,0,0,0,0,0,1,0,0,0,,0
33.60799980163574,33.15,32.745499992370604,32.25021114349365,33.13729803234059,33.13645302234161,32.87141968545075,32.47729356031588,43.11765481485706,48.29366478747141,69.43478846083245,0.3333234365891755,0.3190796797681365,0.01424375682103901,14.234821523589044,-82.21505985819476,-84.09092660559297,43.887288236863675,-0.09469913622635051,1.207951915503614,3.816593775869712,2.7399978637695312,35.741444351470854,33.60799980163574,31.47455525180063,-0.030000686645507812,0.8077256831745868,0.2641666852510909,100.0,85.71428571428572,-14.285714285714286,-0.5492955350155005,-0.062499964689189724,1.0686654105958318,0.9643510028283621,0.04492753623188406,0.013777777777777778,0.7785507246376812,0.016919550267438053,0.9152930902739875,0.8143111111111111,3.260869565217391,0.7231726283048211,-51121643.5861409,14597156.574040232,-8246445.597022728,-62559242.46017242,293459719.17680883,237251187.69365388,-56208531.483154915,237251187.69365388,14691943.305040494,18894155.046052076,868341242.6933932,794786739.4371905,14864012.817382967,15323854.845042234,14691943.305040494,14691943.305040494,14691943.305040494,14691943.305040494,15323854.845042234,14691943.305040494,0.024644550060067924,0.02401263852006618,20315956.011055995,18894155.046052076,28060399.516720157,18746087.90366714,28056872.376077328,28056872.376077328,1066350723.752939,739336501.8020377,327014221.95090127,327014221.95090127,327014221.95090127,487172201.7643427,538672992.2744846,286887839.1607907,286887839.1607907,254597159.4667017,192733019.70053118,0.007014218094019332,-49099.52665813532,31.649999618530273,2025-10-23,0,0,0,0,0,0,0,1,0,0,0,,0
33.3439998626709,33.24099998474121,32.729000091552734,32.2836381149292,32.824865609206874,32.96618897517758,32.807475026163964,32.46641933296778,46.838930732128915,29.565882897216266,50.574001114866824,0.2382570908595696,0.3029151619864231,-0.06465807112685351,14.283231537121122,-72.96941482165869,-70.20200560645031,45.92018178009104,2.9082768321701424,1.1966697175682974,3.716365494455524,1.0500011444091797,35.763209589603555,33.3439998626709,30.92479013573824,0.9099998474121094,0.7523189175798548,0.24602564787252845,92.85714285714286,78.57142857142857,-14.285714285714286,0.14285844037180542,0.017377603508316186,1.0334608404235384,1.004680234928226,0.04492753623188406,0.013777777777777778,0.7785507246376812,0.016919550267438053,0.9152930902739875,0.8143111111111111,3.260869565217391,0.7231726283048211,-50248446.01439373,14347825.747002412,-8105589.870059804,-61490681.77286748,288447198.134542,233198752.23861712,-55248445.89592487,233198752.23861712,14440993.446658272,18571428.13140139,853509296.5473318,781211161.6143845,14610123.877433542,15062111.444364004,14440993.446658272,14440993.446658272,14440993.446658272,14440993.446658272,15062111.444364004,14440993.446658272,0.024223601910523553,0.023602483912817822,19968943.62623929,18571428.13140139,27581105.9924623,18425890.091371477,27577639.098134506,27577639.098134506,1048136621.128423,726708057.3157066,321428563.81271636,321428563.81271636,321428563.81271636,478850920.33123416,529472037.14425135,281987570.9584024,281987570.9584024,250248441.27563947,189440989.3002483,0.006894409774533627,-48260.86842173539,32.20000076293945,2025-10-24,0,0,0,0,0,0,0,1,0,0,0,,0
32.90799980163574,33.276000022888184,32.70350017547607,32.30215438842774,32.63324373947125,32.835972797872564,32.754382166529304,32.45793230030238,47.17724467571189,25.589223156630847,34.48292361377279,0.1650482737616059,0.27534178434145967,-0.11029351057985376,14.004517341039872,-48.95471847613607,-68.9393983180649,46.42528091141112,1.0971798923358422,1.173336226258662,3.638251864367944,0.8700008392333984,35.1676773186097,32.90799980163574,30.648322284661777,0.35000038146972656,0.9296187750011188,0.3039102554321289,85.71428571428572,71.42857142857143,-14.285714285714286,-0.24137802517259296,0.0015527713004930277,1.0272984253631519,0.9935305270981012,0.04492753623188406,0.013777777777777778,0.7785507246376812,0.016919550267438053,0.9152930902739875,0.8143111111111111,3.260869565217391,0.7231726283048211,-50170542.63565891,14325581.395348838,-8093023.2558139535,-61395348.8372093,288000000.0,232837209.30232558,-55162790.697674416,232837209.30232558,14418604.65116279,18542635.65891473,852186046.5116279,780000000.0,14587472.868217055,15038759.68992248,14418604.65116279,14418604.65116279,14418604.65116279,14418604.65116279,15038759.68992248,14418604.65116279,0.02418604651162791,0.02356589147286822,19937984.49612403,18542635.65891473,27538345.240310077,18397323.255813953,27534883.720930234,27534883.720930234,1046511627.9069767,725581395.3488373,320930232.55813956,320930232.55813956,320930232.55813956,478108527.13178295,528651162.7906977,281550387.5968992,281550387.5968992,249860465.11627907,189147286.82170543,0.006883720930232558,-48186.04651162791,32.25,2025-10-27,0,0,0,0,0,0,0,1,0,0,0,,0
32.18999977111817,33.04300022125244,32.66250019073486,32.301249465942384,32.11882921051013,32.51852322600262,32.59586959377298,32.40428790235279,40.70502237245301,20.91175457578669,25.355620209877884,0.01327444605640693,0.22292831668444912,-0.2096538706280422,14.406294741328235,-103.92424126682465,-98.23233053010819,41.8026019207039,-6.971867576349878,1.176669303908364,3.7847195179586373,1.2199993133544922,33.97217705100278,32.18999977111817,30.40782249123355,-2.329998016357422,1.0224475968822275,0.33378195151304624,78.57142857142857,64.28571428571429,-14.285714285714286,-0.9217406303540537,-0.03596898751665456,1.0370608956842595,0.9670295078388169,0.04492753623188406,0.013777777777777778,0.7785507246376812,0.016919550267438053,0.9152930902739875,0.8143111111111111,3.260869565217391,0.7231726283048211,-52042457.12637347,14860083.555243846,-8394982.268222174,-63686072.379616484,298745575.8898373,241524604.79724252,-57220971.09259481,241524604.79724252,14956577.604303872,19234480.44596498,883981983.4388888,809102601.3683095,15131746.468030836,15599871.264704037,14956577.604303872,14956577.604303872,14956577.604303872,14956577.604303872,15599871.264704037,14956577.604303872,0.025088452755606495,0.02444515909520633,20681891.181865353,19234480.44596498,28565829.19399165,19083746.28781124,28562238.521767393,28562238.521767393,1085558051.925281,752653582.6681949,332904469.25708616,332904469.25708616,332904469.25708616,495947247.4855084,548375680.8081219,292055321.8216756,292055321.8216756,259183015.7752271,196204566.4220508,0.007140559630441848,-49983.91741309294,31.09000015258789,2025-10-28,0,0,0,0,0,0,0,1,0,0,0,,0
31.570000076293944,32.75300006866455,32.58150024414063,32.28617576599121,31.632552756144122,32.18060988444071,32.41150104650052,32.335884449217865,38.59149456551716,13.457411728639793,19.986129820352392,-0.14008996690107978,0.15032465996734334,-0.2904146268684231,15.18193559226751,-130.63261581134884,-95.5752048078684,39.41029732233886,-8.641243764033025,1.1404786447930484,3.7197607647389197,0.6700000762939453,32.81070988329877,31.570000076293944,30.32929026928912,-2.9000015258789062,1.0248983394753604,0.3335255720676571,100.0,57.142857142857146,-42.85714285714286,-0.5373142826234866,-0.013830823514485835,1.0219960635729464,0.9883945646344612,0.04492753623188406,0.013777777777777778,0.7785507246376812,0.016919550267438053,0.9152930902739875,0.8143111111111111,3.260869565217391,0.7231726283048211,-52772342.07607372,15068493.225677418,-8512720.198921658,-64579256.68147464,302935422.251281,244911938.59656218,-58023483.65471888,244911938.59656218,15166340.584285712,19504240.149253454,896379652.2105896,820450101.9305528,15343966.15594597,15818656.308341011,15166340.584285712,15166340.584285712,15166340.584285712,15166340.584285712,15818656.308341011,15166340.584285712,0.025440313238156678,0.02478799751410138,20971950.528377876,19504240.149253454,28966459.178732254,19351391.97497678,28962818.148055293,28962818.148055293,1100782784.3433177,763209397.1447003,337573387.19861746,337573387.19861746,337573387.19861746,502902807.46043307,556066538.97094,296151338.72110593,296151338.72110593,262818005.22188014,198956295.83686632,0.007240704537013824,-50684.93175909676,30.65999984741211,2025-10-29,0,0,0,0,0,0,0,1,0,0,0,,0
31.25800018310547,32.432999992370604,32.47050018310547,32.26785629272461,31.11836855495871,31.800499024103836,32.19040572327074,32.24781055523238,35.9283897249344,3.599551678813933,12.656239327746754,-0.3041208647665563,0.059435555020563406,-0.3635564197871197,16.17720218289161,-140.30540496007936,-99.18862245332218,36.18170646426206,-9.612498272557534,1.1104445430723395,3.6904105597913586,0.720001220703125,32.96011209767754,31.25800018310547,29.5558882685334,-3.200000762939453,0.525028214717343,0.17025655355208613,100.0,50.0,-50.0,-0.5555540838384266,-0.01859098818202798,1.0239601077864637,0.9868809569848153,0.04492753623188406,0.013777777777777778,0.7785507246376812,0.016919550267438053,0.9152930902739875,0.8143111111111111,3.260869565217391,0.7231726283048211,-53772017.008808285,15353938.107583083,-8673978.021816418,-65802591.889641784,308673976.50050145,249551344.69662634,-59122631.80387512,249551344.69662634,15453639.00438557,19873712.09596252,913359915.6075885,835992019.6888582,15634629.365714353,16118311.649735488,15453639.00438557,15453639.00438557,15453639.00438557,15453639.00438557,16118311.649735488,15453639.00438557,0.025922233168646766,0.02525756052329685,21369225.547999833,19873712.09596252,29515175.456840865,19717968.494226545,29511465.453536317,29511465.453536317,1121635089.0279849,777666995.059403,343968093.96858203,343968093.96858203,343968093.96858203,512429375.93251854,566600196.5285368,301761380.98886234,301761380.98886234,267796608.81148157,202725156.8317247,0.007377866363384079,-51645.06454368855,30.09000015258789,2025-10-30,0,0,0,0,0,0,0,1,0,0,0,,0
30.87799987792969,32.11099987030029,32.359500122070315,32.25592456817627,30.84557878232599,31.527680881005058,32.010367010298346,32.17142579765701,37.6358826292844,7.46570909120998,8.174224166221183,-0.412417272426687,-0.03493501046888669,-0.3774822619578003,17.188911621541383,-124.94982412167847,-92.49013437008674,38.222335359072005,-9.606208761125867,1.0646984552353507,3.5138563763826647,0.46999931335449574,32.4089814644178,30.87799987792969,29.34701829144158,-3.220001220703125,-0.11962762939548427,-0.03871794236011539,100.0,42.85714285714286,-57.142857142857146,0.6382971815839085,0.0069790323498750695,1.015708533160295,1.009999974568685,0.04492753623188406,0.013777777777777778,0.7785507246376812,0.016919550267438053,0.9152930902739875,0.8143111111111111,3.260869565217391,0.7231726283048211,-53399341.27856318,15247525.13640061,-8613861.603031514,-65346536.29885976,306534661.18374217,247821788.41825148,-58712872.76549066,247821788.41825148,15346535.039883731,19735974.094302088,907029725.8088701,830198040.7059683,15526271.018006757,16006601.063104536,15346535.039883731,15346535.039883731,15346535.039883731,15346535.039883731,16006601.063104536,15346535.039883731,0.02574257490561142,0.025082508882390615,21221122.6465489,19735974.094302088,29310615.721525583,19581309.898988575,29306931.43100377,29306931.43100377,1113861414.1851096,772277247.1683426,341584167.0167669,341584167.0167669,341584167.0167669,508877900.6020801,562673281.4945757,299669974.54224575,299669974.54224575,265940600.7556626,201320137.08234572,0.007326732857750943,-51287.1300042566,30.299999237060547,2025-10-31,0,0,0,0,0,0,0,1,0,0,0,,0
